6.365054916075496561e-01 8.438047521973800480e-01 8.893007542095744400e-01 6.030194840122121702e-01 6.628920801376395611e-01 9.225708146821766098e-01 7.001806853804737329e-01
1.722062761892265703e-01 2.340909073902115445e-01 3.255904551719208673e-01 1.789453977051655154e-01 2.615548357137971180e-01 2.995516022726001371e-01 1.760409628041088581e-01
4.534495025269006940e-01 4.285141271345113134e-01 3.987962027007636578e-01 6.456626356444248316e-01 4.192230294539285307e-01 4.573707721414868033e-01 6.751222435850650072e-01
4.077545000169904149e-02 3.251788248502618384e-02 4.702421195288650213e-02 3.257683199729110440e-02 4.539374493156503321e-02 3.274405189012251360e-02 2.823975868523120880e-02
5.598057854599162164e-01 2.536554003482061614e-01 2.789359972929958964e-01 2.627286039522943595e-01 3.026509548166088637e-01 2.329896569089384972e-01 2.318962193094193935e-01
6.190124971218328165e-01 7.732030509989138434e-01 9.786762687190672105e-01 4.943764525699833046e-01 8.406852928758951071e-01 7.365701575985350580e-01 4.982059823814779520e-01
5.494645675045339850e-01 6.646227686223454834e-01 7.798670538399226082e-01 5.589822418991272635e-01 6.588525119765322735e-01 7.466683314347106748e-01 5.653751601930707693e-01
2.076243414606016857e-01 2.386872741569986411e-01 1.977327578680057041e-01 2.541006327425507361e-01 1.953843540322923733e-01 2.349237851207497674e-01 3.132726822514086962e-01
7.521038741519195936e-01 2.115418622616804245e-01 1.634301539579910145e-01 7.962457301994898540e-01 1.940579975897231968e-01 1.655283109966385613e-01 3.189733652397990227e-01
9.532380438594735272e-01 9.387658741421673891e-01 9.855415280160554348e-01 9.246126909695497886e-01 9.814124160004309427e-01 9.203369981783090514e-01 8.798985718749463558e-01
8.020369236739757213e-01 6.384258232533419619e-01 6.126851670582250664e-01 6.170726506012408352e-01 6.688535842397431708e-01 5.748704912864718297e-01 5.846712677739560604e-01
1.747531294113213174e-01 5.635651109228464462e-01 1.864312164293816243e-01 1.514417123928465392e-01 1.535875173343567712e-01 3.265927789757732680e-01 2.145828905049711466e-01
2.434721186473761956e-01 4.779615430168132617e-01 3.231195612424768715e-01 2.707417820615410364e-01 2.564020847671315551e-01 5.484568904243380949e-01 3.751814414281398058e-01
5.397242113370191996e-01 4.573873637360496569e-01 4.339153147009190414e-01 9.219865928134711730e-01 4.694968893208906202e-01 4.936219295788156769e-01 8.721304645296186209e-01
4.660794593847447653e-01 9.054025954521750519e-01 9.027586486543544009e-01 3.537099349501576784e-01 4.973420967987899899e-01 6.641649888964170634e-01 3.867123245727270842e-01
1.188766951146235790e-01 9.419455317139033279e-02 1.823146890737999681e-01 7.455334325243921645e-02 1.425615717979658026e-01 8.729182277547806179e-02 6.647150334902107716e-02
7.700642435593388901e-01 5.646229773712309052e-01 7.906709428861811162e-01 4.803571230948635029e-01 9.739787359713486525e-01 4.862593042213096961e-01 4.042988452129065990e-01
9.976557687825402532e-01 9.725949288602858678e-01 9.471227776609639770e-01 9.844107056947607459e-01 9.795641759890291178e-01 8.937242631956719974e-01 9.177833902649581432e-01
3.028340656179899226e-01 6.341753901724969111e-01 3.740165768275491853e-01 3.133796472641950381e-01 3.236604442832485828e-01 7.171026212548528012e-01 4.460261920467019081e-01
6.771947754173898160e-01 5.781921946869821305e-01 7.983480209905774450e-01 5.770845700191501448e-01 9.557434358512880701e-01 5.805253149621730779e-01 4.929329890292137861e-01
4.891503719490421925e-02 6.880552821779377382e-02 7.273771677452536832e-02 3.816273263464462634e-02 9.854958570797366091e-02 5.236998572031906912e-02 3.651153505779802799e-02
7.825483290651904511e-01 9.754757027642058098e-01 9.623031212229102849e-01 7.543005097696012795e-01 9.122915093816496013e-01 9.678605267481532604e-01 7.878017604816704988e-01
3.192804363552455560e-01 3.764185149313868939e-01 5.463608724159537688e-01 2.820678006632347246e-01 4.346469667213079258e-01 3.814368548805623371e-01 2.700213063508272171e-01
4.618478057673347514e-01 3.349961767147033864e-01 8.472557697184764924e-01 3.064933241656363494e-01 5.561688736438501479e-01 3.239994208208266113e-01 2.594259297475218773e-01
8.384404499825526269e-01 5.167471367916099956e-01 5.528979367043690418e-01 8.950718178295439253e-01 6.606036419545597838e-01 5.177775731325960917e-01 6.666689557023346424e-01
3.920951498137832947e-01 1.824983210682972479e-01 2.402800607536501876e-01 2.494288126908651426e-01 6.234598589061779439e-01 1.713803501819570196e-01 1.723643373697996140e-01
9.052606272749705862e-01 5.771832526096286609e-01 5.568785625715513277e-01 7.589747033754549177e-01 7.198793662342349853e-01 5.237188319692436256e-01 6.368779465556144714e-01
2.294799385211032661e-01 2.441272014421048686e-01 2.464331753622599208e-01 2.369658652308219704e-01 2.025915304361960434e-01 2.504836500760642681e-01 2.839677960146218538e-01
9.233486046859668006e-01 9.644327545147939329e-01 9.804856615688202215e-01 9.065333755455088349e-01 8.927999648632947149e-01 9.937711239554072318e-01 9.851818731985986233e-01
5.927621456102663000e-01 9.531188942392931907e-01 6.087616448392363377e-01 6.942206968356062768e-01 6.908245154835761515e-01 7.153760945092214607e-01 7.425434829201549292e-01
9.642923087875063803e-01 9.213912621144019210e-01 9.858078543588677523e-01 9.213480821803450294e-01 9.736689836654607300e-01 9.097375758082087982e-01 8.750076892320066690e-01
1.347871062561088462e-01 1.338255182696966861e-01 1.062630457605525935e-01 1.497799858357211911e-01 1.115525680764887922e-01 1.142001622698971958e-01 1.623771120794117451e-01
9.969737373383417145e-01 8.929679363795287594e-01 9.955633987128413853e-01 9.361755820212726009e-01 9.752140965964178898e-01 8.636925821193577324e-01 8.449774456676095724e-01
6.212406349067911560e-01 9.186694867234898032e-01 7.329394638711140830e-01 6.845209464054873294e-01 7.290915135528811541e-01 9.456698140337019831e-01 8.058435062412172556e-01
5.654875489915730524e-01 3.749506203344283306e-01 6.350775280161259362e-01 6.690194811132837982e-01 8.458629780195078274e-01 3.919384965668283871e-01 3.786776980850845575e-01
1.322295509826738359e-02 1.851350923244188262e-02 1.680247002198000106e-02 1.061455714861211930e-02 3.527987279023340333e-02 1.354935017344421032e-02 1.005579298362135887e-02
6.005569302777031826e-01 4.538200156699977450e-01 7.913221429382535366e-01 4.530624328149304714e-01 6.863653086816846605e-01 4.463384004787355197e-01 3.773691698443144560e-01
3.114393433144477807e-01 4.329749919528275148e-01 5.991225103855263301e-01 2.840760680588048648e-01 4.262536008771030671e-01 4.537155820000434159e-01 2.854688465595245361e-01
2.300099146954110996e-01 2.765074166214070983e-01 2.398010229082160050e-01 2.442652272156529414e-01 2.411013408359031496e-01 2.640767963507049121e-01 2.629287177696824074e-01
1.890964880752211419e-01 1.999696848960331175e-01 1.637813630944129906e-01 1.949146278104550989e-01 1.549633162104185335e-01 1.779801890780650098e-01 2.318240657914429903e-01
1.546675093110861932e-01 2.005523096775914671e-01 2.329340729296573431e-01 1.572860424873301355e-01 2.223904387062364818e-01 2.220158584486359166e-01 1.543461480177938938e-01
2.206500098833991674e-01 2.054646398742918656e-01 2.493420150287038728e-01 2.558221248020456917e-01 2.241285286226084028e-01 2.328644807214380608e-01 2.318843433167785406e-01
9.534331484719951177e-01 9.867880702822895422e-01 9.905013338299721859e-01 8.389515129485444200e-01 9.852623828264455152e-01 8.944701142836687380e-01 8.068869544658809900e-01
9.494943869474653519e-01 9.901981465184619413e-01 9.597026921951898881e-01 9.105102973303609293e-01 9.170596137169172435e-01 9.797709620017593934e-01 9.727570251561701298e-01
2.346552815891754240e-01 4.938657938628613353e-01 5.904556329691565963e-01 1.965499165658167735e-01 2.930690286001837452e-01 4.721892851860581830e-01 2.177692640107125044e-01
1.917961551121207253e-01 1.208021405630949063e-01 1.550243892433672832e-01 1.325004705007054306e-01 1.967079989256613481e-01 1.170814927101304775e-01 1.095374231226742268e-01
8.581584064297773651e-01 6.462556919920082743e-01 7.051953928254118820e-01 8.940845467707833061e-01 9.116149968110457413e-01 6.430407013909734681e-01 7.185166918206959963e-01
3.551883697560540565e-01 1.688545481250050828e-01 2.437587404661886448e-01 2.866464960464886746e-01 2.544288895544581930e-01 1.705273160021584244e-01 1.818154223728924990e-01
6.992782490364959358e-01 5.861433192303878714e-01 6.129091822037251447e-01 6.718052150862215965e-01 5.623697076666351879e-01 5.917495581269538452e-01 6.900859579909592867e-01
2.181863271025684947e-01 1.116523521233254157e-01 1.215557098530051366e-01 3.793611458330830577e-01 1.282424649860939292e-01 1.137507607186109687e-01 1.762321756687015295e-01
9.948134579073770745e-01 9.834376640275873660e-01 9.886392698161723391e-01 9.456233118698517126e-01 9.757175762202829894e-01 9.723945565657614587e-01 9.673545670229941607e-01
3.545788677115979115e-01 3.247593560976071436e-01 2.727238240779933376e-01 3.891998061109933627e-01 2.895317789069692394e-01 2.917912814445279834e-01 4.153038272634148598e-01
9.215833103878913191e-01 9.930755387974037340e-01 9.804499880216408503e-01 9.223477158890794891e-01 9.514474028252467575e-01 9.961753241045877560e-01 9.484726225491613150e-01
4.139068387171188079e-01 2.966670289650026326e-01 3.025786634828405153e-01 5.312891659918564935e-01 3.743446608023709432e-01 2.967411542298304949e-01 3.948251497931778431e-01
7.583035177619966705e-01 6.328963607919434464e-01 5.876250039186602381e-01 5.316411091161266089e-01 8.341924236355525712e-01 5.134711463013433841e-01 4.833086703438311815e-01
2.621743337788986494e-01 1.964184626967497571e-01 1.728811214116312833e-01 4.201760881886996701e-01 1.800878777041738099e-01 1.873090608927132361e-01 5.135839541908353567e-01
2.537735804500836911e-01 3.858653096079149303e-01 5.625121669318478013e-01 2.428123379575290730e-01 3.461677337966878598e-01 4.642780285153402242e-01 2.510798189323395491e-01
7.459128729676414160e-01 8.250580712887998214e-01 7.554421240096649282e-01 8.610746695483952884e-01 7.333489469884979517e-01 8.713092589797165610e-01 9.491777229122817516e-01
5.906993243670451837e-02 1.066865521141625445e-01 7.896648276085055373e-02 6.529547996113035935e-02 7.643577616016893062e-02 1.060425086146856988e-01 7.074899389408528805e-02
1.457991437058639428e-01 1.033124424575012912e-01 9.778547901719196467e-02 1.397457677039069257e-01 1.110267897340643378e-01 9.587484548359080649e-02 1.247781494166702032e-01
8.417567216163126531e-01 9.367914511243404796e-01 9.499440906817702146e-01 5.070698226388488106e-01 6.714063365826238305e-01 9.104883102159597730e-01 5.848024617880582809e-01
6.377371686662620665e-01 7.926637511931525770e-01 6.680640396678402260e-01 7.110458924437836892e-01 6.094503229823803325e-01 8.150842649085148217e-01 9.019981117453426123e-01
6.920113261383801229e-01 8.911380014901514324e-01 7.613651375938765842e-01 7.867322342313760597e-01 7.189969949681580541e-01 9.583517008645829893e-01 9.401762096676975489e-01
6.017391355662087271e-01 7.423127033351554216e-01 8.379750903726849165e-01 4.803071590067474195e-01 7.081347439608483008e-01 6.985623860793350737e-01 4.861837003845721483e-01
2.118492342034303533e-01 4.697657971010917310e-01 3.150705236784367425e-01 2.220335316836703765e-01 2.268262388784643424e-01 8.884417207876862399e-01 3.185300135519355536e-01
8.659806609879137085e-01 9.317007825863279358e-01 9.731381651281738598e-01 6.400060307811212823e-01 8.185401443650419662e-01 8.219559036834275245e-01 6.488139196299016476e-01
1.543887625129713448e-01 2.012350108263813164e-01 1.824185616629470374e-01 1.725397736061028420e-01 2.075207152920000020e-01 2.129649403645321737e-01 1.799327356275171041e-01
2.352027883554042020e-01 3.829801603225324591e-01 4.181470505587518982e-01 1.904586156045536827e-01 3.095415372303466084e-01 3.300408733946621487e-01 1.982236560434103012e-01
3.742673859886442855e-01 2.104854237756828006e-01 2.669452255484159875e-01 5.094190315089962562e-01 2.921282912769649909e-01 2.188021903143039237e-01 2.612877944484353065e-01
2.984137883294082916e-01 2.919174858612180179e-01 3.089710493783484613e-01 3.093969045054457134e-01 2.562937002212626325e-01 3.096017493020675193e-01 3.653097786009311676e-01
2.167643586138269796e-01 1.640959395035969659e-01 1.571010610616688230e-01 4.230553281357569695e-01 1.803933061448042274e-01 1.689888717944372787e-01 3.018694098573178053e-01
6.736723027805816000e-02 1.995987466065651528e-01 9.183770365045079709e-02 7.152040479441532095e-02 6.812686699441286575e-02 2.541343616150100737e-01 1.249553163070231676e-01
3.004121362606981260e-01 4.446121917396099188e-01 7.458219231223270906e-01 2.881923266401653638e-01 3.262110112852066313e-01 5.607740894816666266e-01 3.410359590779989958e-01
7.122247157321506261e-01 3.352071986511911406e-01 3.725375308230507998e-01 5.722101493181572796e-01 4.727408184319663031e-01 3.202277189944211511e-01 3.873724834993481636e-01
8.705290846180910869e-01 6.583225324963610792e-01 9.319797761821269066e-01 6.105396976074728421e-01 8.059512959864407744e-01 6.585184600480789019e-01 5.506542285438627005e-01
5.768231906671688058e-01 1.808485166228243068e-01 1.769013269594869597e-01 5.726003089302265092e-01 1.901082476200827431e-01 1.767269180229594228e-01 3.475128251593559980e-01
8.318192058854350091e-01 7.346185994875075176e-01 7.532088443470358330e-01 9.785061802190386793e-01 9.147265445724476196e-01 7.666225689581845915e-01 8.643893133848905563e-01
4.487053251296613254e-01 6.645271903392149238e-01 7.512718999431498013e-01 4.401266937009427060e-01 5.710431200999076529e-01 7.300612606407723693e-01 4.608828364871442318e-01
1.270724908517557317e-01 1.010104427520796128e-01 1.383387455159371116e-01 9.955971043449457492e-02 1.524221965804868906e-01 9.929130601521521382e-02 8.584388392046093941e-02
1.299618511572236679e-01 1.421835609083278718e-01 1.603495464455202690e-01 1.143566386068686908e-01 1.246823790188083397e-01 1.506621165395356787e-01 1.221648145001381636e-01
8.225521486477845867e-01 7.835228768897197771e-01 8.082791279217571567e-01 8.572634060687157609e-01 7.890740609650650494e-01 8.244891667947242819e-01 8.626892731990665197e-01
7.633022034339416173e-01 4.505705690174888756e-01 4.990550716381630947e-01 7.705613029362462507e-01 8.503206742968222320e-01 4.212213568299104094e-01 4.877282083034515381e-01
2.835827899991627196e-03 2.310956282081139557e-03 2.232896426344065360e-03 2.586763901620077379e-03 2.335902866876186663e-03 2.246825929696002078e-03 2.603553235530853271e-03
6.880496187879838743e-01 9.985822807121199629e-01 9.582733867981294562e-01 6.030843834353852850e-01 6.959403904267618124e-01 9.804343815716194399e-01 7.298324650619179010e-01
9.896732673909897082e-02 1.754874290012377047e-01 2.282440749596063578e-01 1.004781483050998098e-01 1.693329710510250996e-01 2.723077728369921457e-01 1.029525932390242815e-01
4.623701138984092629e-01 4.610371802444319100e-01 4.657434685621341663e-01 7.010249581173442213e-01 4.450813177938602871e-01 6.054133807331559813e-01 8.115411954931914806e-01
4.137093447695835424e-01 7.402990561242898115e-01 8.884435463590069082e-01 3.228260411148983211e-01 4.595959751982098274e-01 6.207060283269059120e-01 3.506728252395987511e-01
9.324206943179054186e-01 9.745035182866914614e-01 9.337572881926946566e-01 9.166411264583361751e-01 9.438081844823777988e-01 9.738498319784495427e-01 9.675271578598767519e-01
4.245072523756630856e-02 8.565316014117671517e-02 6.799026538915244056e-02 4.218545854653917709e-02 5.756785908425608028e-02 8.393064939994387963e-02 4.604017734527587891e-02
1.369695938021968928e-01 1.021980924002761637e-01 1.090112242965783768e-01 2.171348992353909213e-01 1.276428745125762210e-01 1.092402627396497489e-01 1.450284088496118784e-01
6.491662594384763063e-02 8.529424661360633653e-02 7.001826405239680584e-02 8.125067584218906291e-02 8.057079757993343416e-02 9.378497975142517651e-02 9.759707422927021980e-02
4.370180311107553783e-01 3.336412018392678758e-01 4.035605224293135618e-01 5.553702463095890884e-01 4.752145612382462914e-01 3.639887103014757264e-01 3.968705052975565195e-01
4.920112962195328787e-01 6.883958633972113716e-01 6.729944472611200101e-01 5.376694192184451326e-01 5.677448121448283036e-01 8.116071863742451153e-01 5.858180080540478230e-01
1.430163019028684590e-01 1.446475872983708499e-01 1.395679070983393555e-01 1.823752625408570083e-01 1.291525691306869839e-01 1.615943022703155429e-01 2.278173826634883881e-01
5.965077613888729591e-01 6.206063567458853791e-01 6.251273811472048969e-01 7.645895302958990447e-01 6.198808703623828187e-01 7.371039483889081367e-01 7.790176055859774351e-01
6.315838161501177161e-01 7.523031683549309401e-01 8.136453669568409763e-01 6.235108157305331300e-01 7.098890265270773048e-01 7.856907306482630027e-01 6.374604911543428898e-01
7.789841264764932882e-01 6.410633160071439463e-01 7.560706603180804564e-01 6.701628878132590561e-01 8.735025565937475367e-01 6.243629492697089223e-01 5.808724828530102968e-01
5.413900533622556521e-01 5.572780390863049105e-01 5.889732843062804868e-01 5.416941614364856328e-01 5.786260151305618882e-01 5.708638683662171642e-01 5.307095639873296022e-01
2.107248164078756036e-01 2.627082606323726255e-01 2.473802964242445557e-01 2.967611723667274437e-01 2.570515261493194203e-01 4.756653099347590286e-01 3.149719978682696819e-01
9.651050600708419580e-01 8.338911986276250632e-01 9.743764967143024869e-01 7.724065305812019000e-01 9.310214432436696441e-01 7.989731810611013785e-01 7.104448245372623205e-01
8.997482622872364777e-01 7.888886209335405075e-01 8.132372560373276604e-01 9.693341460773514662e-01 8.515214806199402631e-01 8.023253904867413411e-01 9.014676543883979321e-01
6.425230137474977621e-01 4.224283713559808806e-01 4.653065060233735895e-01 6.610945806967546412e-01 4.881125247226745234e-01 4.359732814189224981e-01 5.568151283077895641e-01
9.340850563106118942e-01 8.603643679034019831e-01 6.951636958480599260e-01 7.281407451467011294e-01 6.706742531905016680e-01 7.163738799841770089e-01 7.833956286776810884e-01
1.126766542743185967e-01 1.532554394732768277e-01 1.812471597932927558e-01 1.232339788271393372e-01 1.914119747933223370e-01 2.001193303214826025e-01 1.190943450201302767e-01
3.644287534721580846e-01 8.159509284828674325e-01 6.219691672961320528e-01 3.019760982551102368e-01 4.165715687359105024e-01 6.086035557562206044e-01 3.355953604914247990e-01
9.845445756827724271e-01 9.862066212977791402e-01 9.068789241478735219e-01 8.582806805212528367e-01 9.041983646947042708e-01 8.878411818185192317e-01 8.695708108134567738e-01
4.255271634776130463e-01 4.521193788020855808e-01 4.155165967594783294e-01 6.440928971028970773e-01 4.220147519417764559e-01 5.507607532110572190e-01 7.566948409657925367e-01
7.605515842840759877e-01 6.299774203819878959e-01 6.056622546338222834e-01 8.181829752943708955e-01 6.289381347132467770e-01 6.262977479002143077e-01 8.114218630362302065e-01
7.657109554016379160e-01 7.707689676115941912e-01 7.076940420853733427e-01 8.320085210245681262e-01 6.832102084601139325e-01 7.977281017781570061e-01 9.428321358282119036e-01
2.802806670960535929e-01 2.975740871418820488e-01 2.296468702694244857e-01 4.044047972373307487e-01 2.343646879985245846e-01 2.742072655375687451e-01 6.667790429200977087e-01
6.649421840652862681e-01 8.061025127680500058e-01 7.601398211972115737e-01 7.449921428351984343e-01 6.667286723064839160e-01 9.215331275304153857e-01 9.074346376582980156e-01
8.119143205369955263e-02 6.084045011381588458e-02 5.746692737107209070e-02 2.072076604761963203e-01 6.376063315456365066e-02 6.310401791620394440e-02 1.408317254390567541e-01
5.006113830183165359e-01 5.009978823734805298e-01 5.314180918423681010e-01 6.858898951732166349e-01 5.239184798366420814e-01 6.389939647043211268e-01 6.768814409151673317e-01
6.144869351462440843e-01 4.786689482255460648e-01 4.852430747582356374e-01 8.215602713824855519e-01 5.133917278657943450e-01 5.003569345246554612e-01 7.173814864363521338e-01
6.568900855828611052e-01 8.038187136720306158e-01 8.074965837445829964e-01 6.983046740581003720e-01 6.433895702756503576e-01 8.927539320036194104e-01 8.716576437000185251e-01
3.283001819264384502e-01 2.805608098016252883e-01 2.621295610606873550e-01 4.948096896924140675e-01 2.587018862928391894e-01 3.000620972065368708e-01 8.328386419452726841e-01
3.607416137177850701e-01 6.063322987664064856e-01 3.945320692498599513e-01 2.989572532457533405e-01 3.341309742955090867e-01 4.342215986669977767e-01 3.391322651877999306e-01
8.771345674538170156e-01 8.300814370979905377e-01 7.605665733633032444e-01 9.513014984614588387e-01 7.654163838893570659e-01 8.188879799386565850e-01 9.948224558029323816e-01
1.281067922208601606e-01 1.287960654556718765e-01 1.352901160733624986e-01 1.604963138768174813e-01 1.142081855712985816e-01 1.571422618957153405e-01 2.503940095193684101e-01
3.813290698003240498e-01 5.100031538652091134e-01 5.913714499814434200e-01 4.089394082719896018e-01 4.319506717962321440e-01 6.855313544928144376e-01 4.603802713099867105e-01
3.677159675289295437e-01 5.305743227642140125e-01 3.060564760237636239e-01 4.703595356370174341e-01 3.138770738994697829e-01 3.684328218281341938e-01 6.845124729443341494e-01
2.144271300316279716e-01 4.867124689863037146e-01 4.069321804725159475e-01 1.813901753256655369e-01 2.106601989697002297e-01 6.536593417640993442e-01 2.414559524040669203e-01
7.673158893100439082e-01 6.993275262301636985e-01 8.816483162866507461e-01 7.427666028085022631e-01 7.814706423773930544e-01 7.437364868861406908e-01 6.839446090161800385e-01
2.151516994845120434e-01 3.945900830948906868e-01 4.919001437051559456e-01 2.075463013715976301e-01 3.277267593410013169e-01 5.108676510092202694e-01 2.206715992651879787e-01
6.201917839571651214e-01 3.757495538080669051e-01 6.158277346889833304e-01 4.750589967347327858e-01 7.280806664268695272e-01 3.829589054264024295e-01 3.547380424570292234e-01
5.106523628505470480e-01 7.024150827110413609e-01 6.207453457777909467e-01 4.812983995687764027e-01 7.555574053988588501e-01 6.478123050917017345e-01 5.082838290836662054e-01
3.153507567298914349e-01 3.955793838439869425e-01 2.941241214174359353e-01 4.424910625022609456e-01 3.166149773715358218e-01 4.044969045403370989e-01 7.301642224192619324e-01
5.920933493481020382e-02 4.127858539133516524e-02 3.562133143120790879e-02 5.436163101514125684e-02 4.465673029020938295e-02 3.527082182608442390e-02 4.762397194281220436e-02
1.171264221684507889e-01 5.245716929602747824e-02 5.740133679428547492e-02 1.134103032657719501e-01 6.136458226055534204e-02 5.242166617483234176e-02 7.415444171056151390e-02
9.898240593328286874e-01 6.493777438554101389e-01 7.912622584281094884e-01 9.108885425297239546e-01 7.849419181175270044e-01 6.384740562293279575e-01 7.122486305888742208e-01
7.447396027723079959e-01 4.315179013640359496e-01 4.252682680687880357e-01 9.978076882162961736e-01 5.454718718323626758e-01 4.104239564019925290e-01 6.056701086927205324e-01
7.488132761446533170e-01 6.373105123486845214e-01 6.284064139018967765e-01 8.461007233914625836e-01 5.843505631141320267e-01 6.570082783264344917e-01 9.986431524157524109e-01
2.493875168936501852e-01 3.372094327240299227e-01 2.391378327598368825e-01 3.048194851587014975e-01 2.619685960040714079e-01 2.966982195876761708e-01 3.810193426907062531e-01
6.868134854799716749e-01 6.647459324706679329e-01 6.722484609340940720e-01 6.171768237570482984e-01 7.718251002345442036e-01 6.147342530303692154e-01 5.755275706760585308e-01
6.238423286337637652e-01 5.172829269073967451e-01 5.995248572704360290e-01 5.265536077325042585e-01 8.631183977721489375e-01 4.913962491639433106e-01 4.514178261160850525e-01
3.336071202808116865e-01 5.294919187336869504e-01 8.471349546213271520e-01 3.094227294835745767e-01 5.215991796254868529e-01 5.865466783126250805e-01 3.161649799440056086e-01
7.559247114917394539e-01 7.516276124639691414e-01 6.593998887542066312e-01 6.640079162185986705e-01 5.504399088043969712e-01 7.021192273407568241e-01 9.285204589832574129e-01
6.701438363807773468e-01 8.378097344358546028e-01 6.424854414371388156e-01 7.219777379490337488e-01 6.752934273016873989e-01 7.248566860396415956e-01 7.987657515332102776e-01
8.640857022153375366e-01 9.378357597921140876e-01 8.837819451106493363e-01 6.882724904716870373e-01 7.510952190356426916e-01 8.912902434423309872e-01 7.684828457422554493e-01
5.044049139359575440e-01 4.287235688672507150e-01 3.757192895744307926e-01 8.770628087470611067e-01 4.107761061385659662e-01 4.291010156211240711e-01 9.070370793342590332e-01
6.817091789164074767e-01 4.994878247993446152e-01 6.556849376701748833e-01 4.967467800888604179e-01 7.763480508818066950e-01 4.992026202356446007e-01 4.332493578549474478e-01
1.740864454455463839e-01 1.193198023306655531e-01 1.073392962682444551e-01 1.234297861839469268e-01 1.073515631738457404e-01 1.028898470531896814e-01 1.206667120568454266e-01
3.645341439549492080e-01 7.239781484733263106e-01 5.307230549680055365e-01 3.695061317755629626e-01 4.840398776755451826e-01 8.373689409589936128e-01 4.476391361095011234e-01
5.960496786144816594e-01 3.184211238349230477e-01 3.884831560523268057e-01 4.643224241282321030e-01 8.417591579065624163e-01 3.094535958750625482e-01 3.278230910655111074e-01
2.151182005641279760e-01 5.033713779898409957e-01 2.423794495200758126e-01 2.188996256724755896e-01 2.360141582381365954e-01 2.802185169169938428e-01 2.439421648159623146e-01
5.222554634211776792e-01 4.542688025004819052e-01 4.427367362949626850e-01 8.554390871540840102e-01 4.706559427042143473e-01 5.016345628355535213e-01 7.850914751179516315e-01
3.119751577135939091e-01 3.435737771334983481e-01 2.763319708139386210e-01 3.618195954296541395e-01 2.551455950352560231e-01 3.342749500914398708e-01 6.467914800159633160e-01
5.395628667133157697e-01 5.591210669326019955e-01 6.327047037282140796e-01 6.466483146800625637e-01 5.677843318149043972e-01 6.689352999158704183e-01 6.333962474018335342e-01
8.331515289142051861e-01 4.833918282621656459e-01 7.254318807050312845e-01 4.402347315552316287e-01 8.189677713984466756e-01 4.102231371600331689e-01 3.545215614140033722e-01
3.621103500480970516e-01 3.150485823633802918e-01 3.614655624803547185e-01 2.121252515269793915e-01 3.364906332266136002e-01 2.569882099660250052e-01 1.992946751415729523e-01
5.850870424083735033e-01 5.496166046126151894e-01 4.987075150728858541e-01 7.984288659338896199e-01 5.253004078927057119e-01 5.853540656430267219e-01 8.966466018464416265e-01
6.293758709711210209e-01 6.179724355955517057e-01 5.409132168085820647e-01 6.411353967175797974e-01 4.805317288925181618e-01 5.986525698824078923e-01 9.321126313880085945e-01
9.937283989215751623e-01 6.355441303728142088e-01 6.420479369990350627e-01 8.949712472034936361e-01 7.925996492358088341e-01 5.642463573870899474e-01 6.770487176254391670e-01
9.630039146035181963e-01 9.392943544759071450e-01 9.935470226117125714e-01 8.583151187962457795e-01 9.226643044710987063e-01 9.148555795974863125e-01 8.541778957005590200e-01
2.480419623659253225e-01 4.744724658380039539e-01 4.126764075302405965e-01 2.249920658064677170e-01 2.581176881000257217e-01 4.632768330925805533e-01 2.726247401442378759e-01
6.074268698547083956e-01 4.032697907022385619e-01 3.999699487725581482e-01 6.997950061546225342e-01 4.293131745193913829e-01 3.978718687097724249e-01 5.946533770766109228e-01
8.290567244242333933e-01 4.911544004868136359e-01 6.072781031554090880e-01 9.866892987963563622e-01 9.476769869798016277e-01 4.913473106375269572e-01 5.562400652561336756e-01
9.616516092238833746e-01 9.600951948570437544e-01 9.189478167238395168e-01 9.719621845878843036e-01 9.562690628144586702e-01 9.436012149765850010e-01 9.688459965400397778e-01
6.814853372592984959e-01 9.835237186779665075e-01 8.828613482914654531e-01 6.616662757675343398e-01 8.090393174331365067e-01 9.875071738262000132e-01 7.538072715979069471e-01
6.648483261535323985e-01 3.159337489536871990e-01 4.072312852585452947e-01 6.418561868008147986e-01 5.013188647126983755e-01 3.146842336715496291e-01 3.590925275348126888e-01
2.201117053736336149e-01 1.333032394778111140e-01 2.226721212849035458e-01 1.810086653049201300e-01 2.884300395522023663e-01 1.351685167079105243e-01 1.269317893311381340e-01
7.039480489252586404e-01 6.586820422520057727e-01 6.883877660459382097e-01 7.324540194499117307e-01 6.728022734166233532e-01 6.883234020849047230e-01 7.284116600640118122e-01
1.322200539508149864e-01 4.425248314195516786e-01 1.785113976424224924e-01 1.389385813319390095e-01 1.456442545635335817e-01 3.231563976919979431e-01 1.849802352953702211e-01
5.961976245595694834e-01 9.145597519259616170e-01 9.319696604152828412e-01 5.183640792288861654e-01 9.016299692901758034e-01 8.220888903718198693e-01 5.329598051030188799e-01
9.574111288621927063e-01 6.048548538384501683e-01 8.699040524461232327e-01 8.169614359269976589e-01 9.753790392516439312e-01 5.711258395006559851e-01 5.603757398203015327e-01
6.099450147526078170e-02 6.182546820596035442e-02 5.838563455934071833e-02 7.209696153828198950e-02 5.063093756049254213e-02 6.570369016142295349e-02 1.334892467129975557e-01
1.853891423832706165e-01 1.395787526841847370e-01 1.662121428299089265e-01 1.634579981284637606e-01 2.528813052365898040e-01 1.378328401461182129e-01 1.341417965013533831e-01
5.814474906257373066e-01 6.613366184843917361e-01 5.326932407016686799e-01 8.685872483770095132e-01 7.851828302326859799e-01 7.005414606874105221e-01 9.407359047327190638e-01
6.092079428901542304e-01 4.701549884971748527e-01 4.334903015934165604e-01 9.887622881836735100e-01 5.415258469602522995e-01 4.623180346979634536e-01 7.499033489730209112e-01
3.853370938963893710e-01 3.964404195006990261e-01 7.827254960922879201e-01 3.795642490432535876e-01 4.672432205821979712e-01 4.467896585625222294e-01 3.495697737671434879e-01
2.787211298319543507e-01 2.837086977221965900e-01 1.947272706491462724e-01 5.417976564987970756e-01 2.334013893533648798e-01 2.223053053410889435e-01 5.118314442224800587e-01
3.831908718282213688e-01 2.990176825714778719e-01 3.553938761756222364e-01 3.496587966963291549e-01 3.214097487054149438e-01 3.024400037882091774e-01 3.188989078626036644e-01
2.071512121697202391e-01 2.009198904521456441e-01 1.896688450784649593e-01 2.639736970183211850e-01 1.858983765306878866e-01 2.163997226168075938e-01 3.109205951914191246e-01
6.605437047175037879e-01 9.379255961938616215e-01 9.181019443044206030e-01 5.580727172804590408e-01 7.258866494024324156e-01 8.685997418645609036e-01 6.066106122452765703e-01
8.255306447129114877e-01 8.525914084066391618e-01 6.821870942064136578e-01 8.149481707086450033e-01 6.775424946661542380e-01 7.496387948494767084e-01 9.081749508623033762e-01
3.903156693332439642e-01 2.937030161908363857e-01 3.212389001420331569e-01 3.517161405726410006e-01 5.111308609347376963e-01 2.839330235125447355e-01 2.940906172152608633e-01
2.648789910974813089e-01 2.811055354460985090e-01 3.565597851845201949e-01 2.052761259184115727e-01 4.124010309668035834e-01 2.651659513041496607e-01 1.941017312929034233e-01
7.194055682470112956e-01 5.819510173398191322e-01 6.029023490922307271e-01 8.600593391738006188e-01 7.479186301188388564e-01 6.056886699960476461e-01 7.309707058593630791e-01
6.733834582599257379e-01 8.057901090643239117e-01 6.853597950617228429e-01 7.603610788368045936e-01 6.393936086045672873e-01 8.270110157793600925e-01 9.265307104215025902e-01
3.549718583665436022e-01 4.670074392486224246e-01 4.744309220923350057e-01 4.111801436955885292e-01 4.260840736214604463e-01 6.191528406133816054e-01 4.330696670804172754e-01
8.624120573649379784e-01 9.321146450575429343e-01 8.191227835419295777e-01 6.891670107008057711e-01 8.269160025230702926e-01 7.740554200622680181e-01 6.883263660129159689e-01
6.885747963126882532e-01 3.743013380426205017e-01 3.843905720383831159e-01 7.935742471477228444e-01 3.959252402986034869e-01 3.741929251483315233e-01 6.089688553474843502e-01
9.152272402642408489e-01 9.267604935682925982e-01 8.570336682203205658e-01 9.793113946590459307e-01 9.392410834121812657e-01 8.883079702147737011e-01 9.476071048993617296e-01
6.070215937508469661e-01 5.771224181442810020e-01 5.885961690973202654e-01 5.494472364119702412e-01 5.614526363914438267e-01 5.650769472530298154e-01 5.507597525138407946e-01
5.796515851648602613e-01 5.498589351762874777e-01 5.163406291377192758e-01 8.424418433559643926e-01 5.476174165810121508e-01 6.155362941670881050e-01 8.999414599966257811e-01
9.478504766398542225e-01 8.979789974147868170e-01 7.730593158005018006e-01 7.731200117545835582e-01 7.801578364554796474e-01 7.759245891036915532e-01 7.918811822310090065e-01
2.244318842264475811e-01 2.059508713594701279e-01 2.080585022540323015e-01 3.270186563048728678e-01 2.279347647388515752e-01 2.349648114052404202e-01 3.068501462694257498e-01
6.978152214676754950e-01 6.139940883761291213e-01 5.441099082599771819e-01 9.150335673295187933e-01 6.044889706533852491e-01 6.277201637040171756e-01 9.674263671040534973e-01
5.159680367768203491e-01 5.908676785515220020e-01 5.442489234047501734e-01 5.918047371786450128e-01 5.180503407197365462e-01 6.325469278376570914e-01 6.692525243852287531e-01
6.977800375543081746e-01 3.012396653862250973e-01 3.743505611667419242e-01 7.192006571537593596e-01 8.776958688386414797e-01 2.844374406235676833e-01 3.221794988494366407e-01
1.389089362330293669e-02 2.026160158692778129e-02 2.347000943612992732e-02 1.484668592792876170e-02 2.046750007468029625e-02 2.757819967792311810e-02 1.508392486721277237e-02
3.783642268550473364e-01 4.615280377846198712e-01 4.772452657959113109e-01 4.043823748543213248e-01 4.119834166454642288e-01 5.287584348786424915e-01 4.340279137250036001e-01
7.403955790171625750e-01 4.815944935755547829e-01 4.587878827856919361e-01 8.243626003502939614e-01 5.150654380799224441e-01 4.643857109820933582e-01 6.996803774964064360e-01
5.755855843047940068e-01 5.484283377635715828e-01 6.795329645909095051e-01 5.931645330751879053e-01 7.379081463834147314e-01 5.847261006368907887e-01 5.167484330013394356e-01
9.637383597667071866e-01 8.898224949085096203e-01 9.731419572056508871e-01 9.965946494300782499e-01 9.562319042341056452e-01 9.171994708167835464e-01 9.309317483566701412e-01
7.215592753981600049e-01 5.972617631220353829e-01 7.106584039249080886e-01 7.339897849553326248e-01 8.611842281086059536e-01 6.206226682696741603e-01 6.095974664203822613e-01
2.828002216871560170e-01 4.207483876335358919e-01 8.229289585644027349e-01 2.474270017235152552e-01 5.095952766737172901e-01 4.062978041793369743e-01 2.427396709099411964e-01
6.916195047382865946e-01 4.407198993901457196e-01 4.050227278007688114e-01 9.490699178060904018e-01 4.216154893105654722e-01 4.286353391400943846e-01 9.422962437383830547e-01
3.685962732264616570e-01 4.431094358044722625e-01 5.641166747176934448e-01 2.981991292254191905e-01 3.847456368132430859e-01 4.480786284072537096e-01 3.098937296308577061e-01
3.958279008729022053e-01 5.183213873338802236e-01 4.590901055238328921e-01 3.916662544055014572e-01 4.116377071922252551e-01 4.892939099854332063e-01 4.249143812339752913e-01
3.793607741071444162e-01 4.408574811325551845e-01 4.413118518866876450e-01 4.835174600771680042e-01 4.111884064382437254e-01 5.868646922942571953e-01 5.270383872557431459e-01
4.940683780869987718e-01 5.238644849235452039e-01 4.595123447476597289e-01 7.560085515358117014e-01 5.325939115627059683e-01 5.884741684611382029e-01 8.062438217457383871e-01
3.944078597823242327e-01 5.799847361249974576e-01 4.656320959481727306e-01 4.202398558688349994e-01 4.158446402965188526e-01 5.453267140829031190e-01 4.772732290439307690e-01
5.167219629461669017e-01 5.001869470405498896e-01 4.579025486595304506e-01 5.268961513578563904e-01 5.096922018298171153e-01 4.586037542015097279e-01 5.053137263748794794e-01
7.672167742684963265e-01 5.408355826010641243e-01 6.103203005810036164e-01 6.955579177802974078e-01 8.765362975582035032e-01 5.484061991550510662e-01 5.859044981189072132e-01
8.010620569689153037e-01 8.093692517857123958e-01 6.762482978188824045e-01 7.895681997662359342e-01 6.649382403374648476e-01 7.295194282659251961e-01 8.698421858716756105e-01
8.662476552374452909e-01 6.355532932802366863e-01 6.219617714956869881e-01 8.259907709951859189e-01 8.220057338356169252e-01 6.019415515382225967e-01 7.237292488571256399e-01
2.939117919806499835e-01 4.897563070792496087e-01 3.316396360074427285e-01 3.995898238267234226e-01 3.257733953414282402e-01 8.220681266959091182e-01 6.003564354032278061e-01
7.477861439541124700e-01 8.838368623262600199e-01 9.410585298823495037e-01 6.794082795903937377e-01 8.378013764247628226e-01 8.852990936487395990e-01 6.989896951708942652e-01
7.034259072770445709e-01 8.410931102918471902e-01 6.551078038388081781e-01 8.962782339133064102e-01 7.490107788092870145e-01 8.108580215681229220e-01 9.635710637085139751e-01
6.433182228421882032e-01 9.856965547726409538e-01 9.187063687611372043e-01 5.736459520364628473e-01 7.277988031406406044e-01 9.340283458277319761e-01 6.433547779452055693e-01
9.086336034937340100e-01 8.967378159172952889e-01 9.213945420595394120e-01 8.806125693403515919e-01 8.414421552746895738e-01 9.223710487231954192e-01 9.289448626805096865e-01
1.442856185662661633e-03 1.745597854605288653e-03 1.743455589620959570e-03 1.502115537464004556e-03 1.527769325147408999e-03 1.830654887030676694e-03 1.605544937774538994e-03
3.813374090957197815e-01 5.424072190150862616e-01 4.767406456265622094e-01 3.174022738094645080e-01 3.634359270154791655e-01 4.714666828390474129e-01 3.525584044400602579e-01
1.230652997717108649e-01 9.834552113721781175e-02 9.696512122526725064e-02 2.186686903978058982e-01 9.575175053187547081e-02 1.077013298404369684e-01 3.351448613684624434e-01
2.893488823398332466e-01 3.421081333328206409e-01 2.864073959434310090e-01 3.632645845329225964e-01 3.101477104772485394e-01 3.506319309828356823e-01 4.232297516427934170e-01
9.934809496252443584e-01 6.262166634635540907e-01 7.243853791247695240e-01 9.637916581647534287e-01 9.593448006935221262e-01 5.867653651927884351e-01 6.534546480979770422e-01
7.530084076516313507e-01 8.774475655443118027e-01 8.725113238260092663e-01 6.841694009133730825e-01 8.287049014006477865e-01 8.452768646528560081e-01 7.028136684093624353e-01
1.029034629170504506e-01 3.798543371445949751e-02 6.429408978646936057e-02 4.882884250081298561e-02 6.253058172102454737e-02 3.731074582838171672e-02 3.571447706781327724e-02
6.774447729137604846e-01 6.231774358355476329e-01 9.891762126037945135e-01 6.128767934534434803e-01 8.780765085877052512e-01 6.495061409330512570e-01 5.277523274999111891e-01
6.731648021980591867e-01 5.505236830376993851e-01 5.376216159902027503e-01 8.706303902586215449e-01 6.845911526867300978e-01 5.630322588956768737e-01 7.565134037286043167e-01
1.384954512480282285e-01 2.533007446647388416e-01 1.962053914138017219e-01 1.455724889930284094e-01 1.320028869259003146e-01 3.204863999291267529e-01 3.383804662153124809e-01
9.044363061319609098e-01 9.239080813422441141e-01 9.837704856837077294e-01 8.593083920435339307e-01 9.836368483889744718e-01 9.118405979347069534e-01 8.228021324612200260e-01
5.348777980304123547e-01 3.756383086994983245e-01 4.347498846561259067e-01 4.706958502447293746e-01 6.731072038085015308e-01 3.718101354494050548e-01 3.819423541426658630e-01
9.962067409683464936e-01 8.154749836758417025e-01 9.208757373307577820e-01 7.004262671526606532e-01 7.718939053306053122e-01 8.124955754830814891e-01 7.191501867491751909e-01
3.057289680737081405e-01 4.514913183279058995e-01 3.343807484720497936e-01 3.940644263784318091e-01 3.300401368427275939e-01 5.210099769043752271e-01 5.451641974505037069e-01
1.920178272458993862e-01 1.460476945786481073e-01 2.486894228141964258e-01 1.850799485481137707e-01 2.144398941839132100e-01 1.538262286942347346e-01 1.415428679902106524e-01
9.938178005787077218e-01 9.101616265990967181e-01 9.393113763027063357e-01 9.054708599491141374e-01 9.140056778034599816e-01 8.975873759236360216e-01 8.959906587842851877e-01
6.316202998395330503e-01 4.788448331694738491e-01 6.647637989858403706e-01 5.328943500366233321e-01 5.596657286547365162e-01 4.910745126128212568e-01 4.695424162782728672e-01
4.784390187956029661e-01 2.774168702663817321e-01 2.668268987030570916e-01 4.426702449192612132e-01 2.793473708976940695e-01 2.689161201699412640e-01 4.190285946242511272e-01
2.697295609021223631e-02 3.297804377524964081e-02 3.191283936408098598e-02 3.211327950427060596e-02 2.633006562440464229e-02 4.287168583850309300e-02 4.717201204039156437e-02
8.498402038511532197e-01 8.574619856207261748e-01 9.879134775110046673e-01 6.878573726323026216e-01 9.904322814301754763e-01 8.039101329456727063e-01 6.472406294196844101e-01
9.637666856202629084e-01 6.480917512934688540e-01 8.592639479434266425e-01 6.532337220106884113e-01 8.590294009027285016e-01 6.076211465736973683e-01 5.509670444298535585e-01
9.064853077925838498e-01 5.439982165407418746e-01 6.183562268407239992e-01 7.730768090024917605e-01 8.589943393656181980e-01 5.162631596647624388e-01 5.711720220278948545e-01
7.702657196994530664e-02 8.582748346762328340e-02 7.406370250205669692e-02 1.711149416897309317e-01 8.333358532333888513e-02 1.253276233084049118e-01 2.604123412165790796e-01
5.797950897719840180e-01 3.913497207160575586e-01 4.330557272568718585e-01 6.088454857864139536e-01 4.132371819718010375e-01 4.063800640380570428e-01 5.520970020443201065e-01
1.495420422374637293e-01 1.670499690243019142e-01 2.191459475689183090e-01 1.412027223136420595e-01 1.562166462799889077e-01 1.792456794656290542e-01 1.458329341839998960e-01
8.067485796319889824e-01 5.319679813138215030e-01 5.438160949567402147e-01 7.286277472192025373e-01 5.614490635095655824e-01 5.304261852617008222e-01 6.760964724235236645e-01
5.966843593114331545e-01 6.977415074839918852e-01 7.269965473568247294e-01 6.153055325126380870e-01 5.925867273804015234e-01 7.511964835241629057e-01 6.951737371273338795e-01
1.974676136105804614e-01 4.593272307269060106e-01 1.965423912060538514e-01 2.221280790887482093e-01 1.719288681187216838e-01 2.741347222794986438e-01 6.637513211462646723e-01
5.094974499745571483e-01 6.718101692212793408e-01 4.527954814010376472e-01 6.810614522688486216e-01 5.267847178221676252e-01 5.742678271521106659e-01 8.576138133648782969e-01
8.435870963595051286e-01 8.720343330759923184e-01 9.468547639382554060e-01 8.579071282420502875e-01 8.868824338887859593e-01 9.328090376485197455e-01 8.579989841673523188e-01
9.166344315809620003e-02 1.570687150656791264e-01 2.124729085109926807e-01 8.595961233285101533e-02 9.982805243407730234e-02 1.955638708021892880e-01 1.033947118557989597e-01
6.474737693631382740e-01 7.314826651961182646e-01 9.041675952328419585e-01 6.711691616607219357e-01 8.134637934246823354e-01 8.294931961311329260e-01 6.402240337338298559e-01
9.103175217748311621e-01 4.171092463376649961e-01 5.312394485695987045e-01 4.897491698751447742e-01 7.671711308958643061e-01 3.898526064388729839e-01 3.803208970930427313e-01
2.649636008208025029e-01 2.442277584530876122e-01 2.948200462397363997e-01 2.090708553917002555e-01 3.064152844850069890e-01 2.430393462772187652e-01 1.966276078019291162e-01
2.711535732802738408e-01 3.170756411944055664e-01 4.583499444620451890e-01 2.927231495873301448e-01 3.055495835443077235e-01 4.034646453935233357e-01 3.054766508284956217e-01
7.653120786907734452e-01 7.358981808834520466e-01 9.269035431841031736e-01 7.431966546892617709e-01 9.357936847503526279e-01 7.653051137926565328e-01 6.585758922155946493e-01
7.665666215330548816e-01 4.769032629884402130e-01 5.705490727450686084e-01 6.933947811687573015e-01 6.465166005469753507e-01 4.773304101328681437e-01 5.265906804706901312e-01
7.747828746998253191e-01 8.104885719231703645e-01 7.226159724871159540e-01 7.597621549739281832e-01 9.050907163666930266e-01 7.276062027654813802e-01 7.423648536205291748e-01
4.089384107296467619e-01 5.663085023605781698e-01 4.044145271336325176e-01 4.485601176225935682e-01 3.649145309325176334e-01 5.007979087962972642e-01 6.224177537951618433e-01
9.002264837136697562e-01 8.353189362926926043e-01 9.171740635864780167e-01 9.063343811357515989e-01 8.763263125946949561e-01 8.643081289638415710e-01 8.681198894046247005e-01
4.472907552151066946e-01 8.274539741740885024e-01 6.072646846614974114e-01 4.398969549082679120e-01 4.898353973490053859e-01 7.783849863064666863e-01 5.308982466813176870e-01
3.770432765482211734e-01 7.920854072279804869e-01 3.739311311040943719e-01 3.158901312226097269e-01 4.101248655873981908e-01 3.732359706207447614e-01 3.232497111894190311e-01
1.811900708177375530e-01 1.773982923243844767e-01 2.100366776580454842e-01 2.008430828640859200e-01 1.998606333183843842e-01 1.975255512352979137e-01 1.834421858657151461e-01
2.375709847886034454e-02 3.061668967244629905e-02 2.748665443971498937e-02 3.433256625705544129e-02 2.552840121447996768e-02 7.718325453075922105e-02 4.603888932615518570e-02
1.985828614403175874e-01 3.899455302306078508e-01 4.202950462846355428e-01 1.908401345481853528e-01 2.003420940046432841e-01 9.136593631807857774e-01 2.936406885273754597e-01
5.368969958209273141e-01 6.740748363119770659e-01 6.259086035046013130e-01 4.826119926506441393e-01 5.528187367276318209e-01 5.996888867982579363e-01 4.997907937504351139e-01
4.205523684962640951e-01 5.701920359348550127e-01 6.034171560103156473e-01 4.060508149494317931e-01 4.442002822298116715e-01 6.266356616601838070e-01 4.599363475572317839e-01
3.516619093153246917e-02 4.019059471728329141e-02 4.282612304272888359e-02 3.065295535813531910e-02 3.723389838514389039e-02 3.835225610788854655e-02 3.088336694054305553e-02
5.238402038085410162e-01 4.384441351198478665e-01 4.503454363734826216e-01 5.745813475421736038e-01 5.148569360647897719e-01 4.506305275172589053e-01 5.292807293590158224e-01
1.640837607571143109e-01 1.016225955794040903e-01 1.670775410124520077e-01 8.258771950429560915e-02 1.553783593770945159e-01 9.575280936572995449e-02 7.407667930237948895e-02
9.051304997531643970e-01 9.677947702402459607e-01 8.728729287079317611e-01 8.243708208564093365e-01 9.191804999370549734e-01 8.903151845817056653e-01 8.574021738022565842e-01
8.846467503537750465e-01 9.108062085101548133e-01 9.662524734672718330e-01 7.856853675690872452e-01 9.405344150167910255e-01 9.007998344154337644e-01 7.870531948283314705e-01
6.878737026058325821e-01 8.518043905888770251e-01 6.892442559422239379e-01 5.450196853540754116e-01 6.552963195672031338e-01 6.705629796083860672e-01 5.635249065235257149e-01
6.295412688481907271e-01 8.307147081512609166e-01 8.110249689916395610e-01 6.352880064700601181e-01 5.947213779954808599e-01 9.362890405528978555e-01 9.275533792097121477e-01
8.539859682706743005e-01 9.837087085757338922e-01 8.754341965975973583e-01 7.251505329622232043e-01 8.183395969452422758e-01 9.026647672303441672e-01 7.959327576681971550e-01
7.393984677063817346e-01 6.123600113207526840e-01 6.003799031581815715e-01 8.493451512887568722e-01 5.726177205724776176e-01 6.702795706803814646e-01 9.969911794178187847e-01
1.794454205048059137e-01 1.518057830999793578e-01 1.513775677026731603e-01 2.474544905202300249e-01 1.384661529865860163e-01 1.645587717182338816e-01 6.524692128878086805e-01
3.102228448374039216e-01 5.878183872359771245e-01 3.419650535398930380e-01 2.461896702888827781e-01 3.223239143234727377e-01 3.551711576339394161e-01 2.627173336222767830e-01
1.209983936632535312e-01 1.249605416432525984e-01 1.435155003749715441e-01 1.309004394597667598e-01 1.030851180440259945e-01 1.455336322518107628e-01 2.498215697705745697e-01
2.292716694626505680e-01 2.343059246630233572e-01 2.282956838035039016e-01 2.587514301194326904e-01 2.155944565404232793e-01 2.455627349345507748e-01 2.796775454189628363e-01
4.673741687284986290e-01 8.762121384893680753e-01 5.730569014805019235e-01 4.201502605337137375e-01 4.298967907805799071e-01 8.511304830346465566e-01 5.955826428253203630e-01
3.723490597251731260e-01 4.434054839822182403e-01 3.401128324867107033e-01 4.907874287434380034e-01 3.872534790221457413e-01 4.507171373664571878e-01 7.011305156629532576e-01
8.854806747689347723e-01 8.322269679333119674e-01 9.692624248425315558e-01 7.769549218568915228e-01 9.941008729213149930e-01 7.954971174722812455e-01 6.974282148294150829e-01
1.311060803524959073e-02 8.477178388888260280e-03 1.258798873712042160e-02 1.031696973778756937e-02 2.124610189411833480e-02 8.382544195191830166e-03 7.763556903228163719e-03
8.856399407149813038e-03 1.100015424183315577e-02 9.731109343077640889e-03 1.068588543289238253e-02 9.107278846081106119e-03 1.226191718210189498e-02 1.259051566012203693e-02
3.290144771403267221e-01 5.187267855585006027e-01 6.070826724417967002e-01 3.472019268637227540e-01 4.961852724405046988e-01 8.176483664412628194e-01 3.589258813299238682e-01
7.468078353098469568e-01 7.471016095401505908e-01 6.843142919964041448e-01 6.996492321392419056e-01 7.741250286142628001e-01 6.630228910517831364e-01 6.695489035919308662e-01
8.519083314945318230e-01 8.863610165807548347e-01 7.699379771183795240e-01 9.248558654731490192e-01 8.196806474855461433e-01 8.482575546000957756e-01 9.581709501799196005e-01
9.274611907170297043e-01 5.065623746161351804e-01 5.400669074169683892e-01 9.426904067219075145e-01 6.472080839827571985e-01 5.086328707777312275e-01 6.951577404979616404e-01
2.735063013886791516e-01 3.179549178761109096e-01 2.810957898522840614e-01 3.871179497922210833e-01 2.931751507522797895e-01 4.086411754491920956e-01 4.931848950218409300e-01
8.712964548573481904e-01 9.275768546166983652e-01 8.654298836524386696e-01 9.835175252758918685e-01 9.917005463010769573e-01 9.591366641877924204e-01 9.610573672689497471e-01
1.656880264647793977e-01 1.095540334041890662e-01 1.092710223560738186e-01 1.126242094735850907e-01 1.260509941402163103e-01 1.008245982025652576e-01 1.043571666814386845e-01
6.960930743527018461e-01 9.454898391424310100e-01 7.407731750199010312e-01 7.693698956701729985e-01 7.148120242152405934e-01 9.183942532835283057e-01 9.210310049820691347e-01
7.477844917890295040e-01 9.659300956869637522e-01 7.917126316868233760e-01 6.770698966610526615e-01 6.508725042533535232e-01 9.595236211123743253e-01 9.632016178220510483e-01
2.874093109957299164e-01 4.122535493179683708e-01 2.910583305335627258e-01 2.933877653876710290e-01 4.659717676871111269e-01 3.215555574726492449e-01 3.169731700327247381e-01
8.202195226220997393e-01 7.731171602948286870e-01 7.000459266472169872e-01 8.490693113824386851e-01 7.051076614831658373e-01 7.344021927516745096e-01 8.833491515833884478e-01
8.929756862578300258e-02 1.149112623615490825e-01 1.306851416213335448e-01 8.198927538065184373e-02 1.769588538440469982e-01 1.116385551196051318e-01 7.929442473687231541e-02
2.137521037036990701e-01 2.409783828020294616e-01 2.092602121839801654e-01 3.496975390611862800e-01 2.437492134269088617e-01 2.896181255620281503e-01 3.734226054511964321e-01
2.761655329405840117e-02 2.789741929183941344e-02 2.317602038889380808e-02 2.146006932755863822e-02 2.071572632245588519e-02 2.532137157555807219e-02 2.455350407399237156e-02
2.287745780411740149e-01 3.496053806269340258e-01 2.345986600944968969e-01 2.472524254270613286e-01 2.216631223369746329e-01 2.857487424881038907e-01 3.097190842963755131e-01
7.893714047291894298e-01 7.951002794865124068e-01 8.398400145136617478e-01 8.266773485728955428e-01 8.648734659594434770e-01 8.521517291283770001e-01 8.128434377722442150e-01
6.077534895946952176e-01 5.851682428860797147e-01 5.627497665215033251e-01 8.336109049088443745e-01 6.069550370610561352e-01 6.487356188029063109e-01 8.169638668186962605e-01
3.053282363513641351e-01 4.412332050924890336e-01 3.827799367238055583e-01 3.254501724187687794e-01 3.707830951240597139e-01 4.414192376147136887e-01 3.463237709365785122e-01
6.307113794838822285e-01 9.645323032580193079e-01 7.644952526191702846e-01 6.864509036842743050e-01 7.204730511695904838e-01 9.888901370719864747e-01 8.200579092372208834e-01
5.006939276611364065e-01 4.220030039153001566e-01 3.753154260921716112e-01 5.004764417344057525e-01 3.771210913058675174e-01 4.180534615708244028e-01 5.856485757976770401e-01
8.334150238083132267e-02 5.412765890401960434e-02 6.322652733629077759e-02 7.696828452435866552e-02 7.501308380913704332e-02 5.452572526060502078e-02 5.997691885568201542e-02
7.420675127563314266e-01 6.392683663231035762e-01 7.709250067619990432e-01 6.522948654290073867e-01 6.680978035448089658e-01 6.618680923450217524e-01 6.307038625236600637e-01
3.270952691734335671e-01 3.006134186111396045e-01 3.013551530450981342e-01 2.900341793771480381e-01 3.081432975299580601e-01 2.804194870096760606e-01 2.772061752621084452e-01
