4.379008386994380220e-01 5.814856966676766881e-01 4.657848862853457006e-01 6.472952957265079021e-01 4.774297958834671229e-01 5.833397692931586720e-01
5.342830061253213136e-01 5.303424301487656978e-01 5.262691318710691624e-01 8.133913502097129822e-01 6.441052932701740730e-01 5.766526821934017111e-01
5.982601736960203587e-01 6.277608840972421778e-01 7.546409207580899725e-01 5.503961157519370317e-01 6.157467439889654504e-01 8.094372351814823618e-01
6.006729287458847377e-01 3.454824624859648696e-01 4.477497583452762497e-01 2.903846022672951221e-01 5.396340355049495940e-01 2.380148337016512461e-01
3.095386128672386605e-01 2.594363950047515743e-01 3.003098342416544719e-01 9.618991573806852102e-01 2.863893691986550416e-01 2.975466821387220961e-01
9.978987004933514982e-01 7.154243774627769836e-01 9.951284407799395604e-01 7.780985361896455288e-01 9.043122394148820353e-01 7.141425862557263526e-01
7.057334529364926723e-02 2.396168682636728720e-01 3.687824274585344703e-02 2.675130360294133425e-01 1.014170512755859649e-01 4.978845843901694157e-02
4.288098798384116228e-01 6.285777461250949827e-01 2.888004848441164674e-01 6.843900645617395639e-01 9.387575357535635767e-01 3.003305945569255120e-01
8.359239305619727833e-01 4.448047996696908313e-01 8.726696556208198841e-01 7.197818716522306204e-01 7.512103148012511111e-01 3.751767781163034554e-01
6.519929523332050891e-01 7.234616974952685631e-01 6.782028512603311965e-01 9.560734783299267292e-01 5.850825829609651585e-01 9.079130607038318201e-01
9.348612323015549341e-01 9.032363251373364266e-01 9.052151288610138513e-01 6.683743228204548359e-01 9.841768572610013477e-01 7.875905925112287598e-01
5.318248103861951126e-01 5.872428364201326412e-01 9.685078833034675982e-01 4.361199205741286278e-01 6.011500237949067849e-01 9.059932731849978937e-01
7.619403614468308605e-01 9.318059411147786575e-01 9.799112495252351174e-01 7.823974408674985170e-01 7.943777175550357228e-01 9.957968719277372482e-01
8.543023102557543158e-01 7.212738436596182190e-01 8.582668628957027535e-01 7.529017631895840168e-01 7.650933121171585860e-01 9.108956805702989046e-01
7.579391354170799122e-01 9.987947995452773897e-01 7.579236558148714220e-01 7.961978379171341658e-01 9.270130673830565549e-01 9.354472556083716084e-01
6.630807356052872414e-01 2.890655094472895925e-01 2.960809362708468617e-01 4.605986550450325012e-01 3.807727741316923598e-01 2.653713919540216515e-01
7.517699764389873529e-01 6.656883795132907400e-01 7.718406426634701889e-01 3.255783962085843086e-01 6.312369272567763812e-01 7.420495456817841617e-01
1.602457709590576485e-01 1.712260238963761172e-01 4.614706212512056926e-01 1.700566133949905634e-01 1.597430852351194031e-01 4.787593727945406719e-01
9.134965014480255219e-01 8.992186385261289328e-01 9.803263598375023813e-01 8.445459243375808001e-01 9.627980051446612952e-01 8.825192907024841382e-01
8.742858359529609436e-01 5.980021658800230844e-01 6.878419404925206759e-01 4.525296373758465052e-01 9.500481438417743840e-01 3.480267684745810275e-01
6.316863433027624097e-01 8.222972063613028793e-01 4.635478396451119254e-01 7.129295775666832924e-01 4.791441953711346180e-01 7.924546557415037551e-01
7.322569871280107945e-01 1.439760116504037457e-01 3.178716854374364909e-01 2.911167202983051538e-01 2.893743802299466039e-01 1.727048951565531287e-01
7.790810524680480409e-01 7.843527407097602433e-01 3.902009242170792480e-01 6.859111452940851450e-01 6.385249678577296084e-01 3.880363655922007826e-01
3.037075166052522479e-01 3.095515793499747370e-01 6.472380931267962545e-01 2.204405965749174356e-01 3.118026034977622318e-01 6.065252009064525662e-01
4.115604968654017481e-01 5.728727716619870236e-01 3.763699646229661244e-01 5.497050865087658167e-01 4.026063083687648203e-01 4.730354160644136829e-01
3.476314767420840002e-01 4.625043525350189255e-01 3.512840201360890591e-01 7.615206416230648756e-01 4.944022191350195272e-01 4.055075161533182593e-01
6.459459570313706989e-01 8.145673602563733295e-01 4.935345461060026140e-01 8.090399394277483225e-01 5.806296770022163489e-01 6.457462186762517042e-01
2.439680696824870210e-01 4.713189454839320502e-01 3.779018701495003851e-01 3.058827375061810017e-01 2.473400961229306749e-01 8.258433941212814933e-01
6.193183098536420017e-01 5.999849920745939924e-01 5.614838098135880307e-01 7.420387852471321821e-01 9.534666500752805307e-01 3.935825894776207035e-01
8.942707027791469976e-01 8.980265583382527339e-01 7.387167750571551617e-01 9.914351443294435740e-01 8.189842042732810024e-01 9.142800065955604127e-01
2.194017802337542081e-02 1.744512872057190495e-02 2.562130730156658709e-02 4.068049136549234390e-02 1.990964854911348586e-02 2.007926838731254049e-02
7.776511627108294578e-01 6.193586944143861794e-01 8.445506569619374293e-01 9.068332712631672621e-01 7.165223194554186659e-01 6.893797678753805780e-01
3.085934485660056792e-01 3.258438683170579164e-01 5.810394162631270509e-01 2.619926426559686661e-01 3.268019777312081153e-01 5.378775340650023828e-01
4.510439396640280596e-01 7.361910491424180636e-01 2.375484652332198188e-01 2.611122806556522846e-01 4.934811165961211499e-01 2.427412349998822327e-01
2.693630965865715376e-01 3.481136447234223219e-01 2.414801735474563227e-01 5.863749021664261818e-01 2.681766339043826219e-01 2.854141481212180698e-01
1.383418584128468520e-01 1.925902976173085035e-01 1.836333370223793837e-01 1.311803853604942560e-01 1.274611401594667459e-01 2.295238969725736655e-01
9.249625692149817668e-01 4.597319290452104856e-01 9.095665656237985619e-01 7.628182636108249426e-01 7.182932158236481346e-01 5.359202699524910907e-01
4.135055842788541020e-02 2.580324511624317307e-01 4.040386228103540894e-02 3.473011450842022896e-02 3.256431517468495740e-02 5.673508580720126870e-02
3.082504634169113689e-01 4.212312942783971170e-01 4.615967430455406584e-01 2.344876450952142477e-01 5.004966625617620624e-01 5.049978008133120255e-01
8.260564363845165348e-01 8.586058472727878810e-01 7.769192106342164283e-01 5.985006452538073063e-01 6.996864159297780938e-01 6.169972154472422865e-01
5.730728785169751927e-01 9.512682671962386927e-01 6.063198159022922251e-01 8.867449108511209488e-01 6.112267758368048476e-01 9.056073289205186505e-01
7.477170203708667640e-02 6.764653531480140092e-02 5.226678825017004870e-01 5.989399109967052937e-02 8.394012277727229410e-02 2.450472622228654362e-01
7.017917037648488954e-01 5.809456798522052434e-01 4.629781409452469743e-01 5.148139130324125290e-01 5.346381909190303094e-01 4.347680433751804352e-01
9.594468501433727203e-01 5.893455606508192224e-01 8.763913139205605773e-01 8.308531460352241993e-01 9.662255837237696543e-01 5.653992031224198689e-01
4.988575673911603281e-01 3.732482136713455301e-01 2.454295520495864136e-01 3.092586945276707411e-01 5.582271201804628324e-01 2.476094366008345926e-01
9.529255096723131535e-01 9.121063536385197734e-01 7.679374890112964369e-01 6.632680408656597137e-01 9.317992148736928826e-01 6.459324586201474760e-01
2.969732830952283020e-01 8.685396654866331390e-02 1.939803422941837330e-01 1.222748993895947933e-01 1.659808255448814995e-01 9.980463297246569554e-02
7.672286465709938774e-01 4.906834384930676141e-01 8.123593334546144185e-01 5.244770997669547796e-01 4.852720965579730983e-01 7.632165379888279366e-01
1.526087638695842463e-01 3.160375432694796372e-01 1.408632534378295165e-01 1.974878506734967232e-01 1.521870496412502383e-01 2.237833779914931154e-01
4.709510017034032603e-01 5.189192116448231307e-01 7.010071583697413677e-01 5.329325667116791010e-01 6.497079684679096800e-01 6.618984680137270926e-01
5.544408981031342387e-01 5.573990192025857215e-01 5.939384337025281901e-01 7.042670443188399076e-01 8.285560851823461359e-01 4.791085448115237067e-01
7.978750094082184274e-01 9.741772438318784255e-01 9.276549976772023864e-01 6.730331883300095797e-01 9.738307948113357204e-01 8.460786598802680913e-01
4.582245851411216875e-01 3.610502001063353728e-01 1.996841082400578893e-01 4.721996600273996592e-01 2.346779959563365381e-01 2.262610933305231331e-01
1.873148924692616957e-01 2.292112160632945872e-01 3.423326920396581596e-01 2.159895622171461582e-01 6.117525270158962192e-01 3.572513926836534126e-01
5.919369697514826889e-01 7.342446219575069488e-01 5.903962403387873481e-01 4.937545943539589643e-01 9.207207664887231413e-01 5.700034525814929864e-01
3.719045481741729553e-01 6.171581705743163226e-01 3.757422432761986508e-01 7.622452073264867067e-01 3.693330697066843360e-01 6.998202220195833823e-01
9.073179091650253325e-02 1.600253081554727785e-01 1.523948164505768421e-01 1.222667321562767029e-01 2.385206401508777052e-01 2.451531560040242363e-01
2.180615012005862885e-01 4.165765563045327191e-01 2.843757928516036371e-01 5.190571087878197432e-01 2.472834778284564994e-01 8.357530446003079705e-01
4.052507075344572440e-01 2.716277338304507460e-01 3.716795862841074660e-01 1.738874379079788923e-01 3.368082989310151043e-01 2.718745479887118566e-01
3.153058891429702526e-01 1.820249438018453070e-01 3.078484789612385697e-01 9.212797388900071383e-01 4.146620908270001737e-01 1.742201026940970732e-01
6.015002304280575585e-01 7.714270487824549383e-01 2.163497910445298655e-01 4.991670346353203058e-01 5.241795516174422298e-01 2.294527676620546908e-01
3.502150097970008202e-02 4.293099330368587568e-02 3.923102491713285900e-02 1.637352234683930874e-02 3.759842486688185631e-02 3.681749227043187855e-02
9.503569067524531011e-01 9.550131601711859819e-01 9.920510104392380457e-01 9.582563461735844612e-01 9.899463049600926157e-01 9.997903535251690954e-01
6.266219966300359268e-01 7.173966602419454830e-01 7.704570245131255879e-01 5.975348493084311485e-01 7.557075797840610010e-01 7.969465652234283271e-01
6.297505704795220982e-01 5.751512428229182960e-01 9.115633388389333680e-01 5.760691317263990641e-01 5.671817427211122142e-01 9.396135459248455835e-01
6.046496752019193677e-01 3.470367032133161445e-01 4.853692659519059927e-01 4.521636543795466423e-01 8.409792115538996526e-01 2.377625862407170276e-01
8.750720604936037539e-01 8.381672056188251840e-01 9.184591839566762506e-01 7.462510026525706053e-01 9.758808996810263148e-01 8.169610954809527481e-01
5.544917151537250843e-01 7.457367389090311383e-01 4.382576055042654573e-01 8.691160432063043118e-01 5.066824900346835747e-01 6.349609630764622148e-01
3.104232670059868249e-01 3.276972446945036754e-01 2.290739106812020864e-01 4.803172084502875805e-01 3.450701613578158744e-01 2.424012064701501767e-01
3.314536938221272488e-01 1.086781853489222349e-01 2.299012466992527981e-01 2.903036808129400015e-01 2.166520787082297783e-01 1.058403576307809513e-01
9.996335055361005306e-01 9.906609889112621969e-01 9.710738668398561924e-01 9.826497056055814028e-01 9.945432773112793390e-01 9.348973080353160103e-01
9.359662553678714803e-01 9.376339595220308798e-01 8.721003409419946228e-01 9.777885477524250746e-01 9.865193020172170479e-01 9.429822349683236737e-01
9.434222490131718430e-01 5.507689506038021543e-01 5.896253750772428859e-01 4.802468242123723030e-01 9.626584987242465807e-01 4.121895287233612870e-01
7.279496607567732813e-02 7.324861934179487111e-02 4.283716251289476640e-01 6.587503012269735336e-02 7.799329833797027933e-02 3.128415039626545879e-01
9.060306765204388935e-01 9.367116749042027068e-01 9.417094695873657884e-01 7.523355460725724697e-01 9.143472381468079613e-01 8.056334630905612748e-01
4.723362090096333565e-01 8.613343034258676978e-01 4.108729944092332498e-01 4.535233543720096350e-01 7.646787787278003234e-01 4.372872836525328877e-01
4.094999474499903536e-01 3.029876912395177424e-01 4.124533410477352890e-01 3.234705273061990738e-01 2.706567003988475939e-01 3.366557143198338209e-01
9.568882269691685316e-01 8.105230565593093406e-01 4.645808717326669335e-01 7.163139579351991415e-01 8.400092184634373460e-01 5.626900311256203269e-01
4.832009972287991117e-01 5.281530829694481843e-01 4.676832230597662843e-01 4.901680699549615383e-01 4.668887715771217195e-01 5.401749998926421714e-01
2.622787172030542902e-01 2.635287622754258763e-01 2.162110625139982700e-01 8.280284570064395666e-01 2.369398552834904581e-01 2.317792350983008676e-01
4.931603574336110851e-01 6.415642798047581641e-01 6.676949863838459454e-01 9.452424708288162947e-01 5.027163764181176164e-01 8.852356584524009309e-01
9.195426927906190373e-02 1.816922823476714022e-01 8.513202163565589120e-02 1.902860191185027361e-01 1.067772051626991875e-01 1.455148121649573745e-01
1.968359606352767244e-01 2.594050378741414864e-01 1.878711534779996806e-01 6.272507701069116592e-01 2.397247127129791822e-01 2.278765412828647197e-01
8.180043354960400137e-01 7.349108780368552862e-01 9.069191064746284781e-01 6.459305346943438053e-01 8.322922640331344990e-01 9.498014057349636330e-01
8.770245910622286034e-02 1.403816697301015215e-01 1.259088290033528457e-01 9.944640100002288818e-02 7.561182364044580217e-02 4.372162805964215915e-01
1.136711029743222301e-01 7.598621513397517402e-02 1.343653003813280178e-01 1.371092458721250296e-01 1.300325951493544741e-01 8.888903832294189900e-02
5.310830985795343961e-01 9.718110883212744966e-01 7.813933992352588565e-01 5.908638536930084229e-01 5.034764142568206591e-01 9.415334034627558246e-01
6.132273080336532178e-01 8.153719747606841262e-01 5.933256123887593603e-01 8.241410157643258572e-01 6.386806259333920321e-01 8.436433686887342409e-01
1.003029797063059309e-01 2.527709737314168259e-02 5.459063428460769057e-02 1.316742901690304279e-01 7.904279362355741412e-02 2.013306863947007461e-02
4.672877895000637598e-03 7.399017298415811947e-03 1.077292538836384025e-02 6.346727255731821060e-03 4.510153041220081420e-03 5.076038573707944423e-02
5.726088161277906874e-01 6.401561011761405240e-01 4.507244798176025524e-01 3.744833183009177446e-01 4.778434895306166719e-01 3.396108333359257880e-01
5.229311935554635804e-01 9.969053548841260159e-01 4.858796465160010181e-01 3.380650882609188557e-01 5.337235087414651247e-01 8.778078845288461718e-01
5.007527694296017851e-01 4.289648929547318912e-01 9.447501365550132757e-01 8.057245225645601749e-01 5.012031301731408872e-01 6.963795113437664108e-01
8.498707727442416093e-01 8.532804654941574807e-01 8.274472245804931347e-01 9.267057245597243309e-01 9.420617978688873295e-01 8.024484292043921885e-01
8.909350769302820661e-01 7.817315192647580346e-01 9.935870090343946748e-01 6.296074653510004282e-01 8.659713446124749359e-01 7.575497409154048345e-01
2.820342661604300499e-02 1.423847801280437309e-01 3.151564570980874835e-02 8.039992488920688629e-02 2.717239425902958500e-02 1.122171687952471242e-01
2.075623537510456751e-01 2.385773129659739533e-01 3.419718400566452710e-01 1.578104707878082991e-01 1.993446580526138934e-01 5.914649743588740183e-01
9.905298660251738996e-01 8.328847592172499148e-01 6.571029774865955186e-01 8.966124977450817823e-01 9.950423931233003394e-01 4.539133042693917486e-01
4.321954920964576896e-02 8.092771329955010529e-02 5.484220302039240214e-02 3.620473644696176052e-02 2.214501767008123789e-01 6.219021778090134955e-02
8.019376544306699994e-01 7.280985237881648642e-01 9.361338712831007713e-01 7.561346527654677629e-01 8.036010767843628777e-01 7.253372134431667062e-01
8.223689858394597207e-01 8.016386174999238223e-01 8.596552132039575467e-01 9.049721953924745321e-01 8.643768537733319546e-01 7.629660001041800310e-01
4.680352569162088416e-01 9.104394666110590117e-01 4.163837382197158599e-01 8.011340613011270761e-01 4.957074346954730149e-01 7.568430562548290608e-01
4.128293592631564896e-02 6.309317364819204410e-02 5.700170415866809281e-02 4.816388222388923168e-02 3.687222130751816040e-02 2.113319362608262197e-01
8.793326950189810087e-02 2.862269587577013774e-01 2.195757883251834852e-01 1.073013225104659796e-01 9.852222793208832707e-02 4.356184613776694081e-01
1.164074518917649209e-01 1.772301256962340033e-01 1.099937560422397792e-01 1.173273001331835985e-01 1.018962486806300194e-01 1.590042848597556513e-01
6.373576187706543328e-01 7.520594938940053931e-01 7.093449504180109333e-01 8.371151590254157782e-01 6.996895132392294547e-01 8.537929411524293188e-01
6.897765329601385220e-01 7.356734069557296918e-01 6.121152675039809310e-01 9.994425512850284576e-01 8.356126236171258492e-01 6.598059491070543681e-01
5.963687767837737574e-01 6.300897284546610466e-01 9.000367328709307779e-01 5.657551744952797890e-01 5.909713349696588125e-01 8.986983941941349974e-01
1.465960684127303459e-01 1.923380860585536534e-01 3.246933707205613695e-01 5.990833695977926254e-02 1.114125946770106595e-01 7.046527782155698194e-01
4.558562878981636118e-03 3.315591749962136341e-03 8.672230321016239155e-03 3.343596355989575386e-03 1.635085779154502386e-02 5.549164492286443040e-03
6.811093641388750175e-01 8.586275958822753296e-01 7.031476018317038834e-01 8.508761110715568066e-01 6.871807652868879845e-01 7.509512466973008449e-01
2.658879459382118560e-01 2.470342240000832079e-01 1.701090783968470799e-01 3.468461430165916681e-01 2.818652914548865906e-01 1.506114154350303991e-01
4.766101201782848573e-01 3.231439674500537484e-01 9.907615842131237693e-01 4.642947476822882891e-01 4.217521063974780104e-01 5.506317578960550074e-01
2.937675420505664881e-01 5.498339101941430718e-01 3.217256172270153147e-01 5.673375171609222889e-01 4.628608385918016599e-01 3.343318293149514231e-01
9.518974553262412597e-01 3.501436226589340062e-01 5.528913808310017552e-01 4.910560220014303923e-01 4.924340753636262669e-01 3.866681078852051701e-01
7.898223596279781156e-02 1.093372054690835149e-01 5.397006463899666623e-02 1.055269849020987749e-01 1.679969979495977983e-01 5.031577096223505824e-02
2.285681535884384608e-02 2.006661166696810036e-02 2.252335472296821128e-01 1.349405804648995399e-02 3.833730826245878437e-02 7.990464901795857333e-02
5.037653351882028785e-01 1.311740908853055165e-01 6.914791892514443594e-02 2.044006732758134604e-01 4.464991636409586517e-01 6.548930914066380948e-02
9.211873192309624203e-01 4.039148555608300661e-01 5.389629094572645496e-01 3.872891124337911606e-01 7.934740486805615944e-01 2.864933293185216168e-01
8.860662427716997636e-01 4.790671372570898812e-01 9.437454379238421343e-01 8.251943981740623713e-01 9.616678774829295895e-01 4.546398248303400447e-01
6.178650957467236582e-01 3.860057907619787732e-01 5.952463661572132692e-01 2.898446316830813885e-01 6.038925612859761261e-01 6.252259342680959175e-01
5.827417277066975210e-01 2.539183133474534615e-01 5.177902960348587103e-01 5.864330399781465530e-01 5.163082220909118725e-01 2.285947741999355132e-01
3.493932963985397766e-01 1.724118281719114187e-01 3.203484063923581204e-01 1.807287125848233700e-01 4.799356528161297097e-01 1.812500513873149255e-01
3.653445069217590158e-01 3.164828301136702882e-01 6.818917925524997647e-01 2.658848678693175316e-01 2.958263718420122701e-01 7.648022569294117279e-01
9.927660313709260609e-02 5.190762340141384934e-01 9.130170510932041072e-02 6.897913301363587379e-01 1.077966189792096963e-01 3.068197322575093033e-01
1.371402205744015335e-01 5.842635983450608084e-01 1.341049920298071074e-01 1.997678638435900211e-01 1.535834960702658347e-01 2.838025664968276685e-01
9.561804735281138612e-01 6.267800289476617159e-01 5.022340826735107733e-01 4.903205363079905510e-01 5.821590270164835879e-01 6.089888742871115701e-01
4.202891621039274717e-01 4.720816606360438428e-01 3.128985708570716784e-01 7.545351330190896988e-01 3.814670090559235116e-01 3.617597739309750815e-01
2.172673578362981361e-01 1.718412593226911478e-01 9.199671081098736991e-02 1.034206636250019073e-01 1.369867360086683417e-01 1.038295855888981961e-01
3.135805296824080712e-01 4.349946138376276639e-01 3.811944310146130888e-01 2.485480422619730234e-01 2.903602835449413666e-01 5.254478140041983769e-01
7.574209000414332538e-01 6.143101370499711722e-01 9.856625532700397097e-01 6.570715873967856169e-01 8.088432662556073183e-01 7.067136934769315815e-01
9.685827938874549403e-01 6.231309442849303215e-01 9.440595651565630853e-01 4.909815436694771051e-01 7.082163588357563988e-01 5.419173705056646861e-01
4.179235363518019053e-01 1.266576355209984850e-01 9.542993074467844006e-02 1.373278833925724030e-01 1.230258499380741249e-01 9.008877151692733232e-02
1.798530236638060109e-01 3.375555122891245596e-01 1.948521144243630376e-01 4.703376251272857189e-01 1.688267739470885598e-01 4.154519392803514566e-01
9.495385372770492882e-01 6.541962086237557150e-01 5.999828907486964846e-01 6.655462104827165604e-01 9.078174109372056932e-01 4.340210056657934357e-01
3.572477467306275911e-01 4.059717021409982030e-01 5.498635599232085669e-01 4.479070284869521856e-01 5.219977037141685372e-01 7.618613898314370303e-01
4.145177577323506113e-01 5.807709512358419923e-01 3.347821713690617429e-01 7.166350809857249260e-01 5.214518887262541424e-01 4.395177077552499534e-01
9.708505887551029112e-02 5.743288212078216937e-01 8.185543860585552112e-02 5.711608938872814178e-02 9.266507269313979667e-02 2.295568630234327556e-01
1.491190235048382162e-01 3.672640952581107121e-01 1.556168597252098884e-01 1.894301362335681915e-01 1.549622782201472981e-01 3.945230784258286771e-01
1.533330549885998373e-01 2.608932657315652937e-01 1.944044762786246994e-01 1.181497578509151936e-01 1.667685068482628319e-01 3.773884737731089678e-01
2.847738208415061534e-01 1.051156140115707266e-01 9.302019869156069598e-02 9.861440467648208141e-02 3.417600516886025175e-01 6.185156858707750033e-02
7.211409109231203818e-01 5.867999234282844645e-01 9.798884270745163994e-01 7.069661545101553202e-01 7.269449519879559451e-01 7.649632874105840585e-01
4.830761386171391475e-02 1.580525964924501744e-02 1.386012259939370106e-01 1.840937091037631035e-02 1.442196198038133703e-01 1.963765638107880032e-02
3.465965973581375259e-01 2.193932127585859759e-01 4.534573831321307980e-01 4.024093723855912685e-01 3.258884990669711490e-01 2.927153288612797666e-01
6.952470986723474633e-01 6.353927007532435001e-01 9.585879762161926276e-01 9.921063075307756662e-01 6.306510029852072652e-01 9.279865183502645776e-01
8.071891598226342834e-01 2.377597920576050572e-01 2.993381244198641822e-01 9.237010718788951635e-01 6.506126234642800599e-01 1.567097447683392930e-01
2.292744093650212478e-01 1.511917118882047661e-01 1.490290886624359157e-01 6.811834697145968676e-01 5.053819759700699521e-01 9.068687064221313265e-02
6.044635176013698485e-01 8.281916012893794088e-01 6.759612471803889688e-01 7.431095843203365803e-01 6.640530209416138918e-01 8.633721573614888678e-01
2.811243252638110923e-01 3.603476404576672620e-01 7.930382918368659162e-01 2.018663675989955664e-01 2.985408868355473033e-01 8.170856678134785778e-01
7.961302604665284610e-01 6.815886635881531763e-01 6.961502680340247995e-01 7.438682382926344872e-01 8.615733766006329342e-01 4.778116115497206273e-01
9.927614378249822735e-01 8.822131068899076167e-01 9.344152983070344032e-01 6.193568606395274401e-01 9.907161542521201181e-01 6.663875295891027450e-01
2.897261501603105339e-03 3.228242134029243957e-03 6.453363748354277139e-03 1.777129480615258217e-03 6.545271262323892718e-03 7.058051428394554287e-03
2.066609702082271571e-01 1.555311681563007475e-01 2.575463494719393287e-01 4.237318574450910091e-01 2.216974694564149417e-01 1.760549467303214044e-01
8.470591772994852109e-01 7.210498189440147643e-01 8.164472242517067935e-01 9.937673825770616531e-01 7.585563869944562665e-01 7.643996417840175361e-01
5.005381628751701117e-02 9.011597722321483539e-02 1.341630592885346140e-01 4.748850176110863686e-02 6.058374123024626995e-02 2.753175154239741462e-01
4.871449535126855523e-01 4.883642038670730212e-01 6.013070198070816774e-01 8.514440271537750959e-01 5.448210551330060492e-01 6.659473201572500001e-01
5.591160380353507042e-01 5.510873373681322018e-01 8.106434562820117318e-01 5.639299841132014990e-01 6.666487219498244965e-01 6.724266655629910217e-01
5.376005028168878708e-01 4.201658849449302346e-01 5.682828345161473615e-01 2.429637578316032887e-01 5.786232031647936536e-01 6.941282222991999040e-01
6.560536543979863522e-01 7.885364609745348918e-01 7.991724884244355565e-01 9.055218787398189306e-01 7.369529254897463355e-01 9.212057817992634901e-01
9.478879969739446576e-01 7.743847685071498788e-01 9.247593974311386633e-01 7.154223280958831310e-01 9.665239806597294425e-01 5.774902911962322971e-01
5.831318926720958640e-01 8.684742731948832395e-01 6.427097707965127027e-01 7.188760624267160892e-01 5.933125497604290199e-01 9.766005368442838286e-01
4.250728728040196747e-01 4.607543722337906766e-01 7.903436659691543964e-01 4.279860900714993477e-01 4.304221265870444291e-01 5.155206245720062030e-01
4.274393134220987323e-01 2.960645819708740967e-01 6.986298026147538254e-01 4.581366886850446463e-01 3.449659628927167487e-01 4.655153437498261160e-01
3.002335832328434373e-01 4.591716812630615152e-01 3.487883804318367975e-01 3.405584772117435932e-01 3.367223635608613264e-01 5.543645410854823874e-01
9.163459424299503775e-01 6.621098387097734683e-01 7.969904583849365398e-01 7.784491081256419420e-01 7.222714518382815641e-01 7.191733727810832866e-01
9.235129159560387935e-01 9.969254819914133980e-01 8.061675924304646523e-01 6.167597875464707613e-01 9.294972790749438385e-01 7.439310585013231281e-01
2.514743079092086053e-01 4.266239730623387350e-01 6.440254400438722993e-01 2.270229433197528124e-01 3.362879583085222612e-01 7.425700018937773095e-01
5.900320386873589285e-02 1.918646047383044950e-02 3.440970085835407671e-02 1.622672975063323975e-01 3.954837172234576537e-02 1.788676026003430813e-02
5.928601428074935509e-01 4.919413047174305276e-01 9.162073946196269691e-01 7.714985408820211887e-01 5.802920606314664331e-01 7.273756292092423692e-01
8.713478707786970201e-01 9.089619179700472174e-01 8.755128248692382043e-01 6.720519049558788538e-01 8.301336489667155982e-01 9.959771805300521308e-01
2.228228794468544438e-01 9.605975194958907837e-01 1.937910027959583725e-01 5.177942425943911076e-01 2.547403836004394906e-01 3.979667708917033475e-01
6.427601291528431959e-01 6.692998421274821697e-01 8.094846630644654262e-01 8.429484476801007986e-01 6.725755598353245768e-01 8.655668257307475022e-01
1.360991399731261153e-01 2.584409170667275046e-01 1.624814477560745374e-01 2.219597543589770794e-01 1.366238472845117957e-01 5.060972904408522766e-01
6.550205606956850390e-01 6.683704444265139433e-01 5.451281115874222483e-01 7.692627196665853262e-01 5.386874214462458177e-01 6.487311720478318167e-01
7.456093832535227728e-01 6.377008727894682982e-01 8.418360365162212977e-01 4.265669395681470633e-01 5.295227739075994977e-01 7.537140456820794476e-01
6.121874506603246502e-01 8.725188366067659906e-01 4.785188415194149836e-01 8.827871384564787149e-01 9.200059658071076951e-01 6.262616298793380887e-01
8.718862855375045795e-01 8.345563508559479260e-01 9.806900587201954345e-01 9.997799685224890709e-01 8.733916238149070921e-01 9.569507235787825250e-01
7.562620732210535712e-02 3.190769850575188998e-02 9.718307508384585458e-02 4.897387512028217316e-02 8.010757338636310954e-02 3.294541970895651511e-02
4.568283289068040265e-01 1.233733213544060819e-01 1.639196021610696830e-01 6.561713775154203176e-01 3.192678693810536150e-01 9.179325032439361598e-02
5.471369758463445754e-01 3.348805609648215498e-01 4.834692125627422232e-01 3.210591683164238930e-01 5.361684650494652482e-01 3.998904680388525867e-01
1.960408745317155921e-01 2.577033364540687876e-01 2.819433728184969623e-01 1.529756127856671810e-01 3.749029670839509887e-01 3.602704837387638581e-01
7.510719115614628016e-01 9.693004167777511393e-01 9.481022584971098288e-01 6.263685198500752449e-01 9.184562087332595048e-01 9.792188160291318555e-01
7.271336689077163851e-02 6.564135739450425999e-02 3.709459299865485171e-01 7.974714995361864567e-02 7.331941971770225552e-02 1.037765162368763511e-01
1.290742180213579615e-01 2.252439413196505036e-01 8.310279422969414631e-02 2.338431179523468018e-01 1.128068908745212817e-01 1.261466880206192909e-01
4.404172690719591610e-01 5.545240828398151356e-01 4.044017334007067310e-01 7.962676438037306070e-01 3.957435018400299875e-01 5.818984889820428830e-01
5.007470569890126733e-02 1.366675301058897785e-01 5.469705865513816573e-02 6.603559642098844051e-02 4.594899403051191933e-02 2.989662178235013568e-01
2.967701478184728292e-01 2.795937299345183091e-01 1.740812106270265835e-01 3.157498263753950596e-01 7.938118494485464360e-01 1.338383155000061053e-01
3.061575711343673678e-01 1.893757689457306326e-01 2.611995576938777597e-01 1.824473619926720858e-01 2.139940140240272348e-01 2.333195372797622624e-01
1.549233266419492161e-01 1.767647536694042509e-01 1.365408862828338676e-01 1.204500813037157059e-01 1.734520825063924354e-01 2.560576209114614477e-01
1.176492021397636811e-01 1.823948587238264918e-01 7.604544436263592500e-02 2.546554973814636469e-01 1.898592663618996756e-01 8.229833700005495523e-02
2.551399832728597494e-01 3.419720778554782292e-01 4.515398935543106784e-01 3.063915804959833622e-01 3.467249598855596804e-01 4.300649007030205584e-01
8.143035320403524402e-01 1.413194383205880200e-01 6.469765373228663075e-01 2.241484890691936016e-01 3.446371287152205642e-01 2.005134269282210502e-01
1.175755832542432766e-01 1.011895462927844686e-01 1.092108099150425476e-01 5.890036700293421745e-02 1.304058476676340783e-01 1.021915287326238542e-01
3.118878765006390386e-01 9.787870765576908716e-02 2.464686916211838719e-01 8.471150230616331100e-02 4.741514116107047316e-01 1.009629055707468581e-01
8.416653600391698076e-01 7.968771037165930382e-01 9.899583226026550387e-01 8.662461081985384226e-01 9.277362128744034431e-01 7.898883200007197347e-01
9.947570553334624810e-01 9.652753035988194119e-01 8.443258922707651548e-01 9.395929304882884026e-01 9.877725477212788707e-01 7.154423626200192565e-01
8.391210400653992263e-02 1.086719707934648421e-01 2.679046190003780414e-01 8.361712237820029259e-02 1.679062699341506426e-01 1.042582105195470205e-01
2.962826146093457402e-01 6.295285895291817813e-01 3.887673741323446897e-01 3.426017779856920242e-01 3.314182373469204412e-01 6.243883225613373611e-01
2.895902923583861810e-01 9.229926493098919993e-01 2.182895542965271607e-01 5.518624486867338419e-01 2.778768108032453887e-01 4.579050284736885801e-01
5.265616737450781182e-01 8.841973432368473995e-01 3.668123623109096343e-01 9.978567250072956085e-01 8.154580677814581291e-01 3.997485046474625880e-01
4.392809587155470097e-01 2.500214439347085427e-01 5.306824061427583006e-01 1.887200064957141876e-01 3.372053968548645031e-01 3.511302531257403103e-01
2.018224908546114860e-01 2.879024437744900355e-01 1.907715229612609587e-01 6.905852691270411015e-01 4.359561574469377754e-01 2.012501903347076737e-01
5.540680014623560190e-01 2.205882604701916438e-01 1.629211991716015551e-01 3.564230578485876322e-01 3.799603562119410194e-01 1.070256207817890381e-01
4.129249440650220038e-01 3.479901795859891567e-01 7.283588136499709043e-01 2.689310926944017410e-01 3.381725369789442825e-01 4.532990809400249121e-01
4.077171578123510165e-01 8.363824214476999197e-01 5.280573478173151702e-01 4.785421919077634811e-01 6.323627912374917281e-01 7.010981149179148497e-01
2.040262833686759814e-01 5.385569938389266342e-01 1.654244605573677585e-01 9.981358363293111324e-01 2.174276677674506497e-01 4.107694688630374458e-01
6.581398572763781374e-01 3.033316111499776979e-01 7.374993030130067018e-01 1.700083008036017418e-01 2.472168086490587335e-01 7.430760048071707313e-01
1.234538146309250989e-01 5.920525395979296668e-02 9.910704426122468602e-02 2.085454470943659544e-01 1.436398304973333095e-01 6.076824514801024146e-02
6.063932722786311569e-01 3.332896845479067505e-01 3.255958737809380721e-01 2.139264529105275869e-01 8.188850525949948889e-01 2.820780696555036382e-01
2.150154802443082491e-01 1.143345084575819737e-01 3.026004537285638119e-01 1.567521539982408285e-01 2.226307072862166447e-01 1.299129327260921674e-01
4.012920833190262715e-01 1.163274566956434830e-01 1.786698432920343638e-01 2.065122844651341438e-01 2.613074151717126314e-01 9.165077017029707451e-02
9.821629407800022138e-01 9.209596733440345018e-01 8.036188867264179025e-01 9.784787581302225590e-01 9.379506406970213872e-01 7.980147554636318752e-01
5.454135504758547137e-01 8.420146502020776635e-01 4.986907532779493168e-01 7.515394443180412054e-01 4.905292453128518582e-01 8.319380770788253887e-01
4.150417898934919969e-01 4.264599036622970796e-01 3.654645574470779534e-01 1.642044358886778355e-01 2.064258523566178671e-01 8.082888779913572908e-01
1.849068311287077257e-02 1.333789050370581819e-02 6.559199681929267500e-02 1.106524001806974411e-02 1.372377847401368492e-02 3.139087810726690769e-02
9.892535667930054677e-01 8.778676698158146552e-01 7.667397405533994403e-01 9.619376282207667828e-01 8.933962206637486858e-01 8.045870384679916221e-01
4.786270326262727082e-01 5.233623256855888251e-01 4.430643736535282429e-01 6.084478674456477165e-01 5.805542462962746120e-01 4.591716958649665337e-01
9.367832070256711940e-01 9.590994361833296011e-01 7.163627010394667538e-01 8.887678685132414103e-01 8.852559113521649703e-01 9.112543412426908906e-01
8.701023296541656737e-01 4.501951381404702968e-01 6.647429318515531982e-01 7.746508945710957050e-01 8.004334953175833434e-01 3.457685095693330268e-01
2.627237399329220846e-01 9.491323768744660550e-01 1.685438812998583114e-01 7.831352793145924807e-01 3.027457971915321067e-01 3.111074580307094384e-01
6.342358093704709709e-01 7.479291426296781342e-01 6.922690712085182163e-01 9.537853896617889404e-01 6.961126536932357167e-01 9.546866028942501137e-01
2.336338260072180484e-01 3.239994263027362043e-01 6.312207732072504518e-01 2.251712954603135586e-01 2.729423051147217283e-01 7.575692393381661116e-01
7.168604314531459298e-01 4.504122971327618186e-01 4.351150176183835039e-01 3.583751851692795753e-01 3.851525579878528061e-01 4.823081555581119062e-01
5.257595127616823127e-01 2.827354679287501504e-01 6.741092554058990549e-01 3.629196404945105314e-01 6.097448624714937315e-01 3.739632894817960795e-01
6.715167348111547030e-01 8.790267114669647608e-01 6.925178936615270509e-01 9.538926596287637949e-01 8.047420295366158882e-01 7.571658914416943276e-01
1.718163299890431706e-01 2.767888119301725180e-01 8.619779073044123163e-02 7.736676647327840328e-01 1.018629223965074326e-01 1.492971577783727133e-01
2.264285925290218313e-02 4.616774248344984732e-02 4.269139080354874410e-02 2.789389598183333874e-02 2.492618678868315993e-02 1.256346907174320238e-01
2.706674597509634017e-01 4.784186945035001637e-01 2.775953803926010099e-01 3.593621524050831795e-01 2.383098251924766486e-01 6.783664246518140706e-01
7.821660372372298831e-01 7.647017889752854014e-01 9.242022271224893393e-01 7.384733774233609438e-01 7.109218593943696929e-01 8.234203569500068154e-01
4.796549330298746083e-01 7.068932264548576372e-01 6.673926921284215608e-01 3.586749809328466654e-01 6.312438368138501010e-01 5.850650019683958369e-01
6.259828693623978313e-02 2.134849753430360653e-01 9.607141801486072941e-02 9.039213415235280991e-02 7.453174694966686886e-02 2.069976642562920965e-01
9.662848687531307990e-01 5.879661448953623637e-01 3.301825105937110094e-01 5.599794527515769005e-01 4.904099195118305499e-01 3.435617632499826102e-01
6.150318404639658620e-01 5.710354980806776615e-01 5.805877903713496657e-01 6.750163754913955927e-01 4.545693720998477128e-01 7.936624003866621369e-01
5.263843728893231599e-01 5.193507182126437804e-01 5.695579949432486577e-01 4.504342663567513227e-01 4.343865472963925334e-01 6.726231363130271701e-01
5.416869833369191145e-01 4.455924420183640100e-01 7.479358592064202504e-01 5.817466741427779198e-01 6.116360904855446812e-01 4.989785260438442949e-01
8.655608485541917974e-01 8.670937082999083945e-01 9.144065287576936818e-01 8.584896193351596594e-01 9.934027774955789258e-01 9.030341174717505526e-01
6.038719395770424381e-01 6.610104060985600993e-01 8.301372599264772445e-01 7.550638818647712469e-01 6.549617743579968510e-01 8.539380802707930984e-01
5.888303989572004626e-01 5.905638596893014736e-01 9.721637970063978784e-01 6.671002802904695272e-01 6.201495715632953099e-01 7.423928110076080111e-01
8.192269116049846200e-01 6.309040625159973992e-01 9.580521967200532618e-01 8.910665879957377911e-01 9.231048467978968386e-01 6.432769627386273337e-01
5.097807611262991090e-01 2.054863497735029687e-01 3.320940899993560791e-01 2.639108882285654545e-01 4.991756598301900216e-01 1.817044108805942471e-01
1.316469156106990779e-01 1.623486085630499731e-01 2.312915382029936961e-01 1.821814328432083130e-01 1.221714387766169030e-01 5.306193180447379421e-01
7.675001217150495547e-01 6.405224399210848185e-01 8.069621414232844847e-01 7.342428322881460190e-01 8.140886594639048512e-01 7.356089528943665634e-01
1.590100230166879847e-01 1.647230647813974491e-01 1.162332487358560540e-01 2.258871169760823250e-01 1.135765862468226528e-01 1.789041676468287045e-01
3.677358585359742360e-01 3.714416744556479633e-01 2.897191632558527852e-01 4.922231233213096857e-01 7.002711129822134506e-01 3.313167834571057457e-01
6.752369231506491314e-03 4.387870289491092000e-03 1.222727114713687609e-03 1.309127314016222954e-03 5.561026259794050151e-03 8.336747585361465067e-04
8.294866231296793568e-02 1.405409669762618663e-01 1.189301215897958786e-01 1.158394727390259504e-01 7.753379936248291915e-02 8.211802039689233279e-01
9.515222564598744270e-01 9.948081540572257797e-01 8.751294586470234060e-01 7.249915837310254574e-01 9.927355061272991055e-01 7.319869021076724769e-01
8.639923189865449382e-01 8.113055907855925009e-01 8.071395442453385138e-01 8.782835491001605988e-01 9.927184260744440492e-01 6.579790794614976956e-01
7.120479674607340659e-01 7.419507229497417367e-01 7.728476978076895820e-01 6.566322036087512970e-01 6.731324958956101945e-01 8.228817255414755394e-01
2.561976703830793345e-01 1.610462565170630023e-01 5.447080924911148481e-01 1.424545175395905972e-01 3.322503844375559456e-01 2.365958524885873326e-01
3.153450994458706913e-01 2.284031705273216195e-01 2.164882778928717277e-01 5.286374248098582029e-01 4.705110101476495665e-01 1.476717343181630504e-01
8.935277850048035653e-01 7.464218810146217020e-01 7.461746480946237492e-01 8.688797005452215672e-01 7.754743486423025800e-01 5.637598417510867321e-01
7.131408571745885272e-01 5.676963639845190590e-01 4.065192882768872695e-01 6.558494514320045710e-01 5.716418592872276605e-01 3.840630217868200025e-01
3.725262072508420674e-01 4.468986129678320096e-01 3.222681842090237003e-01 6.901005557738244534e-01 4.300211473336928436e-01 3.314852200527991788e-01
7.798300248193307249e-01 5.581050197210035702e-01 9.009330203662530012e-01 4.144241055473685265e-01 6.452538365042278512e-01 8.109558237569642891e-01
4.427604196898297650e-01 4.352985876758391215e-01 6.122706141535269042e-01 5.030301879160106182e-01 5.181513495062287644e-01 4.982672762407974187e-01
4.423185135923871636e-01 5.459413306959084444e-01 8.361233042442788310e-01 5.151361362077295780e-01 4.718643626881511288e-01 8.946531571759938073e-01
5.783536458865540242e-01 5.761562178563615078e-01 2.741144935447500375e-01 7.795757220592349768e-01 8.013280520198398094e-01 2.436509961634475696e-01
3.485650345296694153e-01 4.872079459919584354e-01 6.989520261585557837e-01 2.587003628723323345e-01 4.823930061025660798e-01 8.460337975119809339e-01
7.542746885061636375e-01 4.408877937412286618e-01 4.103271370184405353e-01 3.285222763661295176e-01 4.914724094125944576e-01 4.563636658184599404e-01
8.949453781047058687e-01 9.114742226473699915e-01 8.960605840620595730e-01 8.966703054029494524e-01 8.176511653738317564e-01 9.404931214931537831e-01
2.007035882857338138e-01 5.190598516065518808e-01 1.843129601987220367e-01 6.361502022482454777e-01 2.237854632641208819e-01 3.529238765319459015e-01
3.085149799075627766e-02 1.544273122380385339e-02 2.682935207273446851e-02 8.400487736798822880e-02 3.409671381362866516e-02 1.300738286319766401e-02
8.785046090555842513e-01 8.335606120401498620e-01 9.335944510698921395e-01 6.600869251415133476e-01 8.740266354091250633e-01 9.441708964907746804e-01
5.026749169054309796e-01 5.742969706388268980e-01 4.520945892470820127e-01 6.505427276715636253e-01 4.483165129365190849e-01 5.872534530949070630e-01
6.623828360163028228e-02 4.160559050432671713e-02 1.568526836483780107e-01 2.937449305318295956e-02 6.029778533154141196e-02 2.508776073318060851e-01
3.270504123590770029e-01 3.614801713510448072e-02 5.752746319414110687e-02 3.024277091026306152e-02 4.850400845715825693e-02 4.697151559499375406e-02
5.327134093165144732e-03 3.757460613831115938e-03 2.616571918147848064e-01 2.498499350622296333e-03 5.725544366924185426e-03 6.139127860388590534e-03
6.854471765763390234e-01 8.366745243015077937e-01 8.791787423075830832e-01 7.744883142877370119e-01 7.088298032389793724e-01 9.499644826565137867e-01
3.657523714486311528e-01 3.910409786176710090e-01 2.212242132972110087e-01 7.180373102892190218e-01 3.354486420035834859e-01 2.372474098347924776e-01
8.070078123784554247e-01 5.279253593553794310e-01 9.489754804308190295e-01 9.488068378996104002e-01 8.361805821089584034e-01 6.168600973223221651e-01
8.928923176395205941e-01 8.788139456667468652e-01 9.520733807636669876e-01 9.903885230887681246e-01 9.553209847303828495e-01 9.450823958913444622e-01
6.798435546801303575e-01 5.518622127468962857e-01 6.587248435066892505e-01 8.933408297598361969e-01 6.486199669978596205e-01 5.406840360058676742e-01
2.749506505854629190e-01 9.176164125596558696e-01 2.376906569336398600e-01 4.811228129547089338e-01 3.306008826124442468e-01 3.998627441924947346e-01
4.903436945123424429e-01 5.070615488282455008e-01 9.759546592251333585e-01 3.803716104011982679e-01 6.583299366495949378e-01 7.028111762442607047e-01
7.964411368601630459e-01 5.990017043868571811e-01 4.360494629688817514e-01 4.876350369304418564e-01 6.135199538125156726e-01 4.587920871257483157e-01
7.683523974164545578e-01 8.144051484833584320e-01 5.069957217430784979e-01 5.570559785701334476e-01 7.603250522864161143e-01 8.097400260108249537e-01
9.263626644815857736e-01 7.408913685498564883e-01 9.404200688069463965e-01 8.279844664502888918e-01 9.031291400483039133e-01 6.472956645750935767e-01
9.524095938484252732e-01 8.950881981688509903e-01 9.045384031436877192e-01 7.565214172936975956e-01 9.804325302285115118e-01 8.954576853517992596e-01
8.349019512470398086e-01 8.774129162773834922e-01 7.535560598170835123e-01 8.897482305765151978e-01 8.832293434389257847e-01 8.345615123571727967e-01
8.896409879598320414e-01 9.071285947400097305e-01 9.115250884780430329e-01 7.886314152274280787e-01 9.055679487653411908e-01 8.104944070409639822e-01
6.067401227097914962e-01 4.206908392071631031e-01 5.501766091719163532e-01 4.275870486162602901e-01 5.231443399568005415e-01 4.674137919309870881e-01
3.866026862742717729e-02 1.938966025239433622e-01 4.760255271817755846e-02 6.791162164881825447e-02 4.293545697759698632e-02 1.466457463211619794e-01
5.801957503647019454e-01 6.925607030272380449e-01 6.338488415985792379e-01 9.939831602387130260e-01 6.343839673884257291e-01 9.133510861414523285e-01
9.469553424019607757e-01 8.657879336077487498e-01 8.750358757396676790e-01 5.816029238048940897e-01 8.817774113212563103e-01 8.189375729068011367e-01
8.337562788706568417e-01 4.975990041823074583e-01 4.592590278550836014e-01 5.993713121861219406e-01 4.494395123389889890e-01 2.811867285212187872e-01
6.039509011719959020e-01 7.449183785008756109e-01 3.719296733867700766e-01 9.186353951226919889e-01 4.796717154099087721e-01 5.040042709270111665e-01
8.405520691778127496e-02 1.796052608569695952e-01 1.326550713358285727e-01 7.355926465243101120e-02 1.584602113370472687e-01 3.257590734271817445e-01
8.226111338011762308e-01 6.922911857557922932e-01 6.959660868553113611e-01 6.786339762620627880e-01 7.106672639341711228e-01 6.020067210028229310e-01
3.907860078539291959e-01 2.848082178007077525e-01 3.296470334798703994e-01 1.595876996871083975e-01 4.384418471107293103e-01 3.052395984423586506e-01
3.000990190343585384e-01 8.479056215207265990e-02 1.474083925992675792e-01 1.601415784098207951e-01 4.866515277987627508e-01 6.752052611369459278e-02
5.294939944530235865e-01 4.697232652695098598e-01 4.022269996983428575e-01 7.659130285028368235e-01 7.644585465742774755e-01 3.410012906874030914e-01
2.308559239552684106e-01 2.000599080714053346e-01 2.948436045560786645e-01 1.897348840720951557e-01 1.911929358092081255e-01 4.494069645622221776e-01
3.536432723782734211e-02 2.823679390964916811e-02 6.552868748218775297e-01 2.483772602863609791e-02 4.473675534010194271e-02 2.782729008228809753e-01
5.595280714374821773e-01 4.743172803418594929e-01 4.357557205897530372e-01 8.221284968312829733e-01 4.975703469201314677e-01 3.471951635010104842e-01
5.621577648141351524e-01 7.257919103552586959e-01 6.649862395319056096e-01 8.235502419993281364e-01 5.648747442646965267e-01 8.372144272120648489e-01
5.950545251724738138e-01 8.707056689393682936e-01 6.664323036552985968e-01 7.559107071720063686e-01 8.031471605181702555e-01 5.607439879512017278e-01
4.133449801440374216e-01 5.143165976646012494e-01 4.440449226412666595e-01 5.963224375154823065e-01 5.781243808721704402e-01 3.446792312548882520e-01
8.516255431186904312e-01 5.702759658554752420e-01 4.996481940164938518e-01 5.130647022742778063e-01 6.809385656761561822e-01 4.219279405051539755e-01
2.561534771018618706e-01 1.747890431903367237e-01 8.154431865568750881e-01 1.314593185670673847e-01 1.722158229543487851e-01 6.566567865210459765e-01
4.674732679075250807e-01 8.878904769881686976e-01 3.820353614421214683e-01 8.399704312905669212e-01 6.998385877544966993e-01 7.647708488592201981e-01
4.526351035107452625e-01 2.141263612039347453e-01 1.563059038777577792e-01 1.870981103274971247e-01 6.393327638325138063e-01 1.372682367645098322e-01
7.244975332406283774e-02 8.097326360550498592e-01 5.142350901576962091e-02 1.091011711396276951e-01 6.627928892737534883e-02 1.349544206386060485e-01
7.065921752505056608e-01 8.743444839535492452e-01 6.876453835209809240e-01 6.746189822442829609e-01 6.787805288944525062e-01 7.979402173754771566e-01
3.836061280633440429e-01 7.015017000255823199e-01 4.649420628946676626e-01 8.403732627630233765e-01 3.937842939929229180e-01 8.477509532095157674e-01
7.038209146772786973e-01 6.934350189975230228e-01 7.774726485087750660e-01 6.399070064071565866e-01 6.377484868829105258e-01 6.504642766264865372e-01
8.193089266372101109e-01 3.603148226512747354e-01 9.926232753268831033e-01 3.998785987496376038e-01 5.399286282889654842e-01 6.223098202087434805e-01
3.766313507370718239e-01 3.141706906773802377e-01 5.751445328991792172e-01 3.033226062543690205e-01 6.298620095279685582e-01 4.995066574150641703e-01
7.630754115923665815e-01 4.471838643929759161e-01 9.274936882751474432e-01 3.881694665178656578e-01 7.485184972967480199e-01 5.113912171924598349e-01
4.285353254272329382e-01 5.356482442166885516e-01 3.917842160227092418e-01 4.859845705796033144e-01 5.727270125073493645e-01 3.000840673874042297e-01
8.987183490612200565e-01 8.438900799357019755e-01 7.975282778763513880e-01 8.336446268949657679e-01 8.489513860795820932e-01 8.817873189176635984e-01
7.846310297682020929e-01 5.887002492434318945e-01 7.936967886042272102e-01 9.919403765816241503e-01 6.731099821386560267e-01 6.329040408421483521e-01
2.510284024604647612e-01 3.089506235508812648e-01 4.408777880214393985e-01 1.997538285795599222e-01 3.748583913627225317e-01 4.442887645226939464e-01
7.008476500716789293e-01 5.999754915464240446e-01 5.305001350314851871e-01 4.951885880436748266e-01 4.104618931431376905e-01 7.751529388463733738e-01
1.544656603297807074e-01 1.367103564776647184e-01 3.693265255313554207e-01 2.379767852835357189e-01 1.510810295075113441e-01 3.234763503147196073e-01
9.044177935331059182e-01 8.205388040738105238e-01 9.951862645268546581e-01 9.612008037511259317e-01 9.055772301857436535e-01 8.316215769884020004e-01
9.518175381328942697e-01 5.308712762228050552e-01 6.811478675825279883e-01 9.796578204259276390e-01 8.078626425571724390e-01 4.421783714263561871e-01
7.584326617227895584e-01 5.527689171702533377e-01 8.647213147964056823e-01 5.840749829076230526e-01 7.172483230575378288e-01 7.026429672023342121e-01
2.151532657480066113e-01 1.846136869761497434e-01 5.399045970747123890e-01 2.538689184002578259e-01 2.100997616195104389e-01 3.540768072438553737e-01
1.354133655116908919e-01 3.702061181257709221e-01 1.861792267587022709e-01 1.904477227944880724e-01 1.454536742591245324e-01 4.432751161216032521e-01
2.519777687184364123e-01 4.611752191054490080e-01 2.949404671129802757e-01 4.660604267846792936e-01 2.521332195124552644e-01 4.584002732187981155e-01
8.023572004321561923e-01 5.740125657430590334e-01 7.342496482713736228e-01 5.817285093944519758e-01 7.808230792510200136e-01 5.998281907142984926e-01
7.589779000521146290e-01 4.325621750263187737e-01 8.037791690591324922e-01 3.325504907406866550e-01 6.722160109678244622e-01 5.613306499180101827e-01
1.787924732371776460e-01 1.440105821062501179e-01 6.374350171728220271e-01 7.564051565714180470e-02 1.091892946544027743e-01 5.922202269123704177e-01
9.775626628714866317e-01 8.143310716140806926e-01 4.458413968284715145e-01 3.170014275237917900e-01 7.737188639681903402e-01 5.954706948738814898e-01
1.597697134258603546e-01 1.485931403373309811e-01 1.984594988397739845e-01 1.019131429493427277e-01 1.104072940744372372e-01 5.351344600681458008e-01
7.286773464732236860e-01 9.614468141792543721e-01 7.087097077303886605e-01 7.682145396247506142e-01 7.367031453734850244e-01 9.951616082739270785e-01
2.018817586021530164e-01 1.481487709249621199e-01 2.594367813430742964e-01 1.962604578584432602e-01 1.762016138938819476e-01 2.034833258300931258e-01
7.492839739539547406e-01 6.639838035931721061e-01 6.003175096658199816e-01 8.332420040387660265e-01 6.761886828506082914e-01 5.818403080436591601e-01
6.552920169583359433e-02 6.531812206656870679e-01 2.792384398771171825e-02 1.007396024651825428e-01 2.086744587880884072e-01 3.425512323784905833e-02
7.125868231529483010e-01 6.118463724814265925e-01 4.738352906085665506e-01 6.536379021126776934e-01 8.174699467688500976e-01 3.551282136877191853e-01
2.390925320718765776e-02 3.266620145275678233e-02 1.052605869362554722e-02 9.999449597671627998e-02 1.697569052410160748e-02 1.596571121631839771e-02
6.743973034161905300e-01 8.123549876624610588e-01 5.545495455932726303e-01 8.196855322457849979e-01 9.356632151413590837e-01 6.337281370515571721e-01
8.718426676151123100e-01 6.616085890351220966e-01 8.428981626296223606e-01 4.756724140606820583e-01 7.518735665019753434e-01 7.495235471732693000e-01
8.966813423400511462e-01 9.238002075859716999e-01 6.774077299143508313e-01 8.397203164640814066e-01 7.978723511192530315e-01 8.641978131565750676e-01
8.471667175771453451e-01 8.923998203765244330e-01 7.157759987330671869e-01 9.395602478180080652e-01 7.631398829825620789e-01 8.491173454118302599e-01
2.407752552757573550e-01 1.603246451604787848e-01 2.302346011291339090e-01 2.908175452612340450e-01 2.068167579303083203e-01 2.199411623424183393e-01
5.990118194368211357e-01 4.577798094612278712e-01 5.091352901243005880e-01 6.019238324370235205e-01 4.885564939493499126e-01 4.743954384752291364e-01
7.315182266567922253e-01 5.368551437480052480e-01 9.346533225826222369e-01 7.103665524628013372e-01 7.395802884519753206e-01 6.748241119413342926e-01
8.324773133947886983e-01 8.021092227864319302e-01 8.826309725005837548e-01 9.813186300452798605e-01 7.948005312256939403e-01 7.743604474607668209e-01
2.919392283676946476e-01 3.504766106352476540e-01 3.060511649697695846e-01 3.220027079805731773e-01 2.859214720599948523e-01 4.038188081659800921e-01
6.864475273083632256e-01 7.407798457545161641e-01 8.150467810363679622e-01 6.202779875602573156e-01 6.386518577145189335e-01 9.346612992872457282e-01
9.814722569273180985e-01 8.015280639692193843e-01 4.787596199998644941e-01 4.593367082998156548e-01 6.487780534008330546e-01 4.069434398232185668e-01
1.472177834144167419e-01 2.621015036009674004e-01 1.727557312438782466e-01 4.699058763217180967e-01 1.435739172240463601e-01 7.333224469162799020e-01
2.196786169265282918e-01 3.093996876937677443e-01 3.843401999152179505e-01 2.636898446362465620e-01 4.522498948199789592e-01 6.336012086062705606e-01
5.380111043095818502e-02 9.996961447789959321e-02 1.098006045258902302e-01 6.337816826999187469e-02 7.437669735483648514e-02 7.637323082010387398e-02
6.485464537183671663e-01 2.067409193310993376e-01 2.408453061699652176e-01 5.649715065956115723e-01 3.075020419826745566e-01 1.591230980761693670e-01
1.302946103215053275e-01 2.593252397876474880e-01 6.997868991027483832e-02 1.368393131997436285e-01 1.409259610231419213e-01 7.477167167340695308e-02
2.370573053209319714e-01 3.581342546149112738e-01 2.868600996449212626e-01 8.306242607068270445e-01 2.536621576267710232e-01 4.889555407159482669e-01
5.582078196143122062e-01 7.357114480943490742e-01 5.650362759677135527e-01 7.520358411129564047e-01 5.232158768801116189e-01 7.456546606341571959e-01
6.589313001691697869e-01 8.366098326075084302e-01 3.807705606698976730e-01 5.580462762154638767e-01 7.784191796142179154e-01 3.850787011022205331e-01
5.390039905288376287e-01 2.927369822684964262e-01 6.677324242722525449e-01 4.985628561116755009e-01 4.855914788671826243e-01 3.871104974499249285e-01
8.087368530404169531e-02 1.574818270572250212e-01 6.829265371062388790e-02 3.060081629082560539e-01 7.188902107976004319e-02 1.528002730582858626e-01
7.445574384256261613e-01 6.932761099309793229e-01 8.233877517284649006e-01 8.452043866273015738e-01 7.225847730940561098e-01 8.106079778213939324e-01
1.665600513656944892e-01 8.283399930249554233e-01 1.523149067571033244e-01 2.926653553731739521e-01 1.908637455212194300e-01 4.385588127283583937e-01
2.096792252894576214e-02 1.985661655765443359e-02 3.142388656053962670e-02 2.426497708074748516e-02 2.186403898396912376e-02 3.124786933646435394e-02
2.708594024269256328e-01 4.547543295936896657e-01 4.091559782715669114e-01 2.760626189410686493e-01 3.047791497322400733e-01 5.604929766307218397e-01
7.068854520467847680e-01 6.954326056509246845e-01 5.427592343754374937e-01 7.576630429830402136e-01 7.817636373884262468e-01 5.423122313295167807e-01
7.390108776974084748e-01 6.121711286208368907e-01 7.590842784356378603e-01 7.751125830691307783e-01 5.945344074800001932e-01 7.296332672233217798e-01
8.444403335229866414e-02 6.718974396233332036e-02 6.271120072143304691e-01 6.600489770062267780e-02 1.179650887581356333e-01 1.912387421766624795e-01
8.061018290994806379e-02 1.217894945826637210e-01 1.599487850243399290e-01 5.906500597484409809e-02 9.884817136192088072e-02 5.802154489375288549e-01
7.886150347397745675e-01 7.676451998273898791e-01 9.029874835418444379e-01 9.380848035216331482e-01 7.745913235124257668e-01 9.328910391984773787e-01
6.275661886520212951e-01 4.805651674919093619e-01 3.083797659697164462e-01 8.598183742724359035e-01 6.336035967539682678e-01 3.174378955933258029e-01
6.967142298803657985e-01 8.667988844077173516e-01 7.180893182684242593e-01 8.090071103069931269e-01 7.350930412099119238e-01 9.025258208871218546e-01
9.369911543541344923e-01 9.583988073319562595e-01 7.343114870664473326e-01 5.928784569259732962e-01 8.742190763448591806e-01 8.341905166180090259e-01
5.031363496091132426e-01 6.005464082224604150e-01 4.769509967888198587e-01 3.691644065547734499e-01 5.808156151323006222e-01 6.454904778260088793e-01
7.538403586490597386e-01 7.463126300053249951e-01 5.597542855534305417e-01 8.356757075525820255e-01 7.700262196405620596e-01 5.841143463779793210e-01
6.181190802678615537e-01 4.187370241575717467e-01 4.225335873258124209e-01 1.614755645859986544e-01 4.105602505353874165e-01 2.646461145599230957e-01
6.093247883007680832e-01 6.049573551905582658e-01 5.225511384039512874e-01 6.980468900874257088e-01 4.268374742201953009e-01 7.591366364739744466e-01
4.939995875379182833e-01 2.224897380026168991e-01 3.641060370955683245e-01 2.362349329050630331e-01 6.647837547166320915e-01 2.350669707821880228e-01
1.783704118288591267e-01 2.208250969802893482e-01 1.351402774942115359e-01 5.302160473074764013e-01 2.104854170156915116e-01 1.547168857146235810e-01
7.854185965408864156e-01 7.439475058684852371e-01 6.157539436765240293e-01 9.019735425245016813e-01 6.691661749771575796e-01 6.453819722899664102e-01
2.393176988204689382e-01 3.099970012535788189e-01 2.946663204082588527e-01 3.081631178501993418e-01 2.769638979064863449e-01 3.330077942576868399e-01
5.920066737466308515e-01 6.042936216895896662e-01 6.207184303888956256e-01 5.065304483287036419e-01 4.909098386871386110e-01 7.603854045593112509e-01
1.981278373329243281e-01 7.896973382473301828e-02 1.662690709099579334e-01 1.313298346940428019e-01 3.814877083670871194e-01 6.669019359541598913e-02
6.504097355398902325e-01 3.177244627880829175e-01 9.722635480582841883e-02 3.820808695163577795e-01 1.367119085949422275e-01 1.736010668508661259e-01
6.076131205785302303e-01 3.452416758684340725e-01 5.241893327965929661e-01 3.774685086682438850e-01 6.144801741533060246e-01 3.455365962904582977e-01
5.839219093247124404e-01 6.664912643844154161e-01 5.159101537487086331e-01 4.664162090048193932e-01 5.429709364435051366e-01 5.391851823061750704e-01
5.647893406039854458e-01 4.050721025906281469e-01 7.403243153200478321e-01 6.525099182035773993e-01 6.060132721837481196e-01 5.335964678313411813e-01
7.849664326525597202e-01 7.870471465682775669e-01 8.923986791378388794e-01 8.908987795002758503e-01 8.724109949047943458e-01 9.298738198826060897e-01
8.068160746970476360e-01 2.592337262998229974e-01 8.392864933200491206e-01 2.655690934043377638e-01 4.750116849644673844e-01 3.814319882975256149e-01
7.574846883064143555e-01 9.714556637017396357e-01 7.159855618243402553e-01 7.802889305166900158e-01 9.773330069557123467e-01 9.139102570512498414e-01
3.829255433068020076e-01 5.283884926817777883e-01 3.131629959472322366e-01 5.480639459565281868e-01 5.546797203178934765e-01 3.129444148800413217e-01
4.947935725976774779e-01 1.760511715115813114e-01 5.605703179704327743e-01 2.492981725372374058e-01 3.519546188847001988e-01 2.137697427999999955e-01
2.790481860912654155e-01 7.859763190918164777e-02 2.549347351389041894e-01 7.910280185751616955e-02 2.050588998478357627e-01 9.892519480221353967e-02
1.597572639897841540e-01 1.844755248019415428e-01 2.005066334681599449e-01 1.403150651603937149e-01 1.231623901683965155e-01 5.889428871837460999e-01
1.483871775616949218e-01 2.202507025402494489e-01 1.942972231863711874e-01 3.496899935416877270e-01 1.425833356753401227e-01 2.936295541786091978e-01
3.988124445894676851e-01 6.641363609232731058e-01 3.954836603879304247e-01 5.649508850183337927e-01 3.899577407923984218e-01 6.308010017408957060e-01
5.095280864634753604e-01 6.661614664031699773e-01 6.054408815772983621e-01 5.763774106744676828e-01 5.467899248779402033e-01 5.229490550493359757e-01
8.863436207548087697e-01 9.478003298455890402e-01 9.239526758358412861e-01 7.340465330053120852e-01 9.988570945390772282e-01 8.928543419469463505e-01
3.590262865889489730e-01 5.090988665937129509e-01 5.556037540784611872e-01 5.131510084029287100e-01 3.871754751633214586e-01 9.278022851009204430e-01
6.487222453948684464e-01 6.615680680310094264e-01 8.452974660676367824e-01 5.832151069771498442e-01 6.575464804906684391e-01 8.381066358311904940e-01
2.273230109862770573e-03 4.341342110321393284e-03 2.900383052327018887e-03 2.521964255720376968e-03 2.623666717890845920e-03 5.657088507737533661e-03
5.956874041824598842e-02 2.047483655921898404e-01 3.873918768609355134e-02 7.408101158216595650e-02 4.435728258333252599e-02 1.100613809916809460e-01
3.559896458544858922e-01 2.638252690711550552e-01 4.189541297373209905e-01 3.002300590742379427e-01 2.518997876186788165e-01 4.027493422610897156e-01
3.153461803614696080e-01 2.478319695162765068e-01 8.007007047249512510e-01 2.622043665032833815e-01 3.014615781993799648e-01 5.433079273131610210e-01
2.245806058616901801e-01 3.504867746394315087e-01 8.952997484600676292e-02 1.992160554509609938e-01 5.811209293800028153e-01 1.071850224979767202e-01
6.531109800367469742e-02 8.765099403692210023e-02 3.805231612766520055e-02 4.730259557254612446e-02 6.479237925941530585e-02 5.481028757785163380e-02
8.402932417931757714e-02 9.517051152512039092e-02 1.312279404047201059e-01 7.824745029211044312e-02 7.464020505500711111e-02 3.684996617761261972e-01
5.170092844968080525e-01 9.948354900056590733e-01 3.937051436644763980e-01 2.415003567002713680e-01 7.328583371614488806e-01 4.501149087383248260e-01
7.836118282943509428e-01 8.273418741250463393e-01 6.061050120052915435e-01 9.022247006651014090e-01 6.567435688195309984e-01 8.291547527388777317e-01
5.863267169023502617e-02 4.276910363374565593e-02 4.386374687624368385e-02 3.473461274988949299e-01 7.480501331506915486e-02 3.666352099602512155e-02
4.105456376548728414e-01 4.465085279314779942e-01 2.112848005553354669e-01 5.811235043220221996e-01 3.445591547648054198e-01 2.366185190654443160e-01
4.207189280000100950e-01 2.830120776438035390e-01 7.696395681549110801e-01 3.992295728530734777e-01 3.346965797505376816e-01 5.258263322634650905e-01
3.452505836288613517e-01 1.952346769692706319e-01 3.624396733208130050e-01 4.851857691537588835e-01 2.898071819107438385e-01 2.266918863036752052e-01
3.638211498303746683e-01 4.062990760330329465e-01 3.930997511252128374e-01 2.621848657727241516e-01 2.509647781146265300e-01 7.790010554987306657e-01
6.183583755024948392e-01 8.188411144733179770e-01 9.611601233674226252e-01 2.833399293012917042e-01 5.857309390699791951e-01 5.401491412635606171e-01
2.813343369413512929e-01 9.979629391433437746e-01 1.991439059758808583e-01 4.273321386426687241e-01 2.916282663913210005e-01 3.201331956289153458e-01
2.281257995077119183e-01 2.162413875636493288e-01 2.700673478104539393e-01 3.331179351080209017e-01 1.953024476794019970e-01 2.963525157413166577e-01
9.327214696277494888e-01 6.819190815920894710e-01 6.454914704826073546e-01 6.390210601966828108e-01 8.545722427666325727e-01 5.752953163100673617e-01
5.694615829750820923e-01 7.339747084590554360e-01 2.971819217573744565e-01 9.811010321136564016e-01 9.640882409443515266e-01 3.034349599947348541e-01
5.348948580136254627e-01 2.574112154649966788e-01 3.519283374633765948e-01 3.839634251780807972e-01 3.815089341097890330e-01 2.487246822186869877e-01
2.270679069568354580e-01 7.170514930363890427e-01 2.321896349890834599e-01 3.616827954538166523e-01 3.185902114083291048e-01 8.781397937682691168e-01
5.783919567906254944e-01 6.771848755317372293e-01 5.961970736670735294e-01 6.562429135665297508e-01 6.498404950025125082e-01 6.090446658932671120e-01
1.124333029774208549e-02 1.513348168443587848e-02 6.608686988401979087e-03 8.391323965042829514e-03 1.208599222282381001e-02 7.818866666147486835e-03
2.412707598286346899e-01 2.684578692752974671e-01 3.525270201602515030e-01 5.009585134685039520e-01 2.105473068143026982e-01 5.646998123472216635e-01
5.566138184012640044e-01 3.838470028619280217e-01 4.780878537344998569e-01 5.981235799845308065e-01 5.352900009427273842e-01 3.724704476735029024e-01
4.466838225627007275e-01 8.167512204378413188e-01 3.449219323309660745e-01 5.751050112303346395e-01 9.890233549001984370e-01 3.445337948490580504e-01
5.287094211513144737e-01 2.309437593159315572e-01 5.482452382062744656e-01 4.063620918896049261e-01 4.096691468735136343e-01 2.928779897841373159e-01
7.220399043095239167e-01 7.349625665611824177e-01 7.384608360178288589e-01 7.217463743872940540e-01 8.004285950160924257e-01 7.044666473648849569e-01
4.930342763195674771e-01 7.985552372915989683e-02 4.822671427141100170e-02 1.035622509662061930e-01 1.748675830853705926e-01 4.227633830039199958e-02
7.450298887443186635e-02 1.223684024640619289e-01 8.128800358721695318e-02 1.651136106811463833e-01 8.716309144493786243e-02 1.298452186309876355e-01
4.503631770071497287e-01 6.051357288005225765e-01 4.567849803579576151e-01 8.195440857671201229e-01 4.564526348949435319e-01 6.350773211026455867e-01
2.864905113930798497e-01 3.510741023777491643e-01 2.412115729499913208e-01 2.185753162484616041e-01 3.227646800514912262e-01 3.541551117641241753e-01
7.587757026030420571e-01 5.194600509598822358e-01 3.919329442518555973e-01 6.641617990098893642e-01 7.790930417647023987e-01 2.751846398843230679e-01
6.200538444267904570e-01 3.843680141183354881e-01 2.821150731889550123e-01 7.399347405880689621e-01 5.154018603293085699e-01 2.162250272046548349e-01
9.228890585319841910e-02 2.726460884901193982e-01 1.558461633507886579e-01 1.054297317750751972e-01 2.915795231308952462e-01 2.499601359916600318e-01
6.311992258775133147e-01 6.588829462930934078e-01 4.334365804596951310e-01 7.008206481114029884e-01 4.857445891203964194e-01 5.717760273338345911e-01
7.942602744775403290e-01 7.919213098908677306e-01 8.816427127166700517e-01 8.634607191197574139e-01 8.075051278130024324e-01 8.478017104399567794e-01
9.160360637750644131e-01 7.889526120986851687e-01 8.759830510269167592e-01 5.181349772028625011e-01 9.440024885442650504e-01 8.995013689133211088e-01
7.216764543429375900e-01 3.016753053412625785e-01 3.798678752693924188e-01 3.771602981723845005e-01 3.685258279072898269e-01 3.065614576036712058e-01
8.178444950225565169e-01 2.258873768373238500e-01 2.852788222369677107e-01 1.759155145846307278e-01 2.107608376169808340e-01 2.734374867550260491e-01
8.559030765183531786e-01 3.347545781099963147e-01 2.488691969325919906e-01 9.496218857821077108e-01 7.380848538932782699e-01 1.954129579871038691e-01
2.082231841398660410e-01 2.173560836038928024e-01 1.359756356230223118e-01 8.338301128242164850e-01 1.463959887560629669e-01 2.076435016187154481e-01
3.430729348328887540e-01 4.751389120421155021e-01 1.839106316169295818e-01 7.411034631077200174e-01 2.579217179459396547e-01 2.400233480335623448e-01
8.358550422866389829e-01 9.673218406862420515e-01 9.873927914147528906e-01 4.009254644624888897e-01 7.572272042940498826e-01 9.052916425026018565e-01
3.743565166973740199e-01 5.457757955638805614e-01 3.088912760227697230e-01 5.992959206923842430e-01 3.012849729896076578e-01 5.861968154263168529e-01
6.444326803152464894e-03 8.228648866793139560e-02 8.178033252263931449e-03 9.761228458955883980e-03 9.298014089750745309e-03 3.202367954885496637e-01
6.687314568024902046e-03 5.617061951524414398e-03 1.191434551155965207e-02 5.695532774552702904e-03 6.077799444356234149e-03 8.031467431116712241e-03
5.389162972214179836e-01 6.546525908610811850e-01 7.521616496321970047e-01 4.660809745546430349e-01 5.751665617689208920e-01 9.172529684120485083e-01
6.887933905561555159e-01 8.851537220835000719e-01 3.865056583723798234e-01 7.614420810714364052e-01 5.892075683864048674e-01 5.841034844732174713e-01
8.420232235776931029e-01 6.907922709533393935e-01 4.229299382059217294e-01 9.538988983258605003e-01 5.946784785830285802e-01 4.655356844049459708e-01
7.066136436298822154e-01 3.777129404285826109e-01 6.923787853772324086e-01 2.795471337158232927e-01 8.507382999078844099e-01 3.803989121605109713e-01
8.804324902350190163e-01 6.158987175557738558e-01 8.049120503930071724e-01 8.842929946258664131e-01 7.477017689627244446e-01 6.918979422729673034e-01
8.566522921826481562e-01 7.753715515028494210e-01 9.202604033130945549e-01 7.999859310220927000e-01 8.050445264191750105e-01 8.622288457524095451e-01
9.898467122597022494e-02 9.015818971554405425e-02 3.208279840825382090e-01 1.138224445749074221e-01 9.283026253673963557e-02 3.170799625562725210e-01
2.992598971062441215e-01 5.985928961212217958e-01 4.541917472505292985e-01 3.343668116722255945e-01 3.266662460377355859e-01 8.609279321670288976e-01
2.019372803701773855e-01 1.708438119057012761e-01 3.190060779775765742e-01 6.296660357620567083e-01 2.077346621481144240e-01 2.067161647986203998e-01
9.860700777032770370e-01 8.528865521952804229e-01 8.031366909093151651e-01 8.365681921131908894e-01 8.587121450667036804e-01 8.217936110859315191e-01
1.815326772555037882e-01 3.784061556052636943e-01 2.053688816681620566e-01 4.617431161459535360e-01 1.792074372883793454e-01 6.427957548615066408e-01
9.709346684283546303e-01 9.336932476865834607e-01 8.558171306130544220e-01 9.266011007130146027e-01 8.667033892883045931e-01 9.921310011437727283e-01
3.726017197519036483e-01 2.077408853519747411e-01 4.387691466248841987e-01 3.560565805528312922e-01 3.619700220873467988e-01 2.100319689025498815e-01
3.325453379550784572e-01 3.117999433348059846e-01 1.275635942868394157e-01 1.279451311565935612e-01 2.112598484541842458e-01 1.437538104455710064e-01
6.342610484341452137e-01 7.182000310624984118e-01 3.775143322961280745e-01 8.510566169861704111e-01 6.512140290982272317e-01 4.418360011757553329e-01
3.188786853089762285e-01 3.481767010146404884e-01 5.105136574803976757e-01 4.094269319903105497e-01 2.738389969984233452e-01 9.504413979385659683e-01
4.603184815180743628e-01 5.405932606842879240e-01 5.583555231060953750e-01 7.495568715967237949e-01 4.817607566498485760e-01 6.877883208773698520e-01
5.459992028411156939e-01 3.448179344327917950e-01 4.584018737759110174e-01 8.088442147709429264e-01 4.541336422127164596e-01 3.267717146695284791e-01
8.119779712886001644e-01 6.430884586401850456e-01 9.319899755117787565e-01 6.565658948384225368e-01 9.508799939476073604e-01 7.204330467189912213e-01
4.449761243671321864e-01 2.838367559044833177e-01 7.699285276922572807e-01 7.292517886962741613e-01 4.494001787733341025e-01 3.580144638792682188e-01
3.379429471309579047e-01 2.438783631049029066e-01 3.000697890902015996e-01 2.513036804739385843e-01 2.453763560372468899e-01 3.237840605704087049e-01
4.951596732585242244e-01 6.010852443490901642e-01 6.827822456922677530e-01 6.133571697864681482e-01 5.259092559870957029e-01 5.891798457892396534e-01
7.108368058623745211e-01 8.336689008872836260e-01 7.686017178666303407e-01 6.201555142179131508e-01 7.829553884524145246e-01 7.806538439589248979e-01
1.832207035302984843e-01 7.965409010925572630e-02 1.335246594845476698e-01 3.694753744639456272e-02 6.055832805397135671e-02 1.091963069546974807e-01
7.135390132945272912e-01 9.937991125499392453e-01 5.834414593605791177e-01 5.957616574596613646e-01 8.893421873369526942e-01 6.932152936089076567e-01
8.845569361525593699e-01 8.492460210359396022e-01 7.242670465564957638e-01 8.644542545080184937e-01 8.925785092030278367e-01 6.553014634836219487e-01
4.018154691631264375e-01 7.688346948444726436e-01 3.705074911552196926e-01 5.532164194155484438e-01 4.335702925358423387e-01 4.799867032998130223e-01
9.362406353837162687e-01 9.855490149789897236e-01 5.821367792444281930e-01 9.582879631780087948e-01 7.627633046707260611e-01 8.532415599875761147e-01
2.519028539680456813e-01 2.916646793367494439e-01 2.088020705445493563e-01 3.709749961271882057e-01 8.529828843224046553e-01 2.074608199578824030e-01
3.151516462214695724e-01 8.003999879151848518e-01 3.698762279148750665e-01 2.684810217469930649e-01 4.012662070722383123e-01 8.172667505325421633e-01
2.999125337370684985e-01 3.847346088412189613e-01 2.189753707427020690e-01 6.524296135175973177e-01 2.479201596382746842e-01 2.812818445697749525e-01
9.526162307946822727e-01 6.413667002726027855e-01 7.188809500757112891e-01 6.041929072234779596e-01 6.437322174218366166e-01 6.835701453647153869e-01
2.289932266973130071e-01 2.452517306959972609e-01 2.469005075325426124e-01 5.288355473894625902e-01 2.165468026893929698e-01 2.765612359156459088e-01
8.872338460171299568e-01 4.594655613759847657e-01 6.466158629741207697e-01 6.055388534441590309e-01 8.076615625093459538e-01 4.055078174329941887e-01
9.818406397152605880e-01 6.069475798655354915e-01 4.008080980342297317e-01 3.199423737823963165e-01 4.997398132595439191e-01 5.012300860680645176e-01
1.432050535691862247e-01 2.483939387332691484e-01 1.647657353439185290e-01 2.295687156729400158e-01 2.050057427118628095e-01 2.901544071166621275e-01
1.114434401943376340e-01 6.989371465764679381e-02 2.858760310480705780e-01 9.523535519838333130e-02 1.311508325847428047e-01 9.181446006163879181e-02
1.135740044121103937e-01 7.544296344983716929e-02 2.050064685871115233e-01 6.953283096663653851e-02 1.146942186265875879e-01 1.034022094171278411e-01
3.298187720807910783e-01 3.422021977344368304e-01 2.678953044103090098e-01 3.091853533405810595e-01 2.784475732831849792e-01 3.656199226790599055e-01
3.636056733775027694e-01 2.075463590578130457e-01 2.023137653034125794e-01 1.776006643194705248e-01 2.453361494992829517e-01 2.263433747138376972e-01
2.578871791804305813e-01 3.966569664039928944e-01 6.148023944362190907e-01 2.526604449376463890e-01 2.624408438038535185e-01 8.736090496485722223e-01
5.959655765947171613e-01 6.799461192239412144e-01 6.669325838200642620e-01 7.346224079374223948e-01 5.703140179827319578e-01 9.030066059161179215e-01
9.374009439835323532e-01 8.665981801761675207e-01 6.297319243412164980e-01 3.921169675886631012e-01 9.297317569105927326e-01 5.908756372935616286e-01
5.250989207546956639e-01 3.216398826333786709e-01 9.287437232175599355e-01 4.470313081983476877e-01 5.165507184800000040e-01 4.217240208985850169e-01
5.361792038074683076e-01 3.751056103100214312e-01 9.362621424406348813e-01 3.339076079428195953e-01 6.362073885767113302e-01 4.095053291226433689e-01
9.533288645505176850e-01 8.508353166804664136e-01 8.742405717372013774e-01 7.285062912851572037e-01 9.084338901744741790e-01 7.916331846559354624e-01
7.370631997148052728e-01 7.712844311827687926e-01 8.272462650190629541e-01 9.644320665393024683e-01 6.989506708616181063e-01 7.867548265102360938e-01
7.983019702625336889e-01 6.051000182530986704e-01 7.569003966367772174e-01 7.880171742290258408e-01 9.062998363425065484e-01 4.456556533049722546e-01
7.299568575364021594e-01 4.126154868088249272e-01 9.911374202918340481e-01 8.827550299465656281e-01 8.977982799842387784e-01 4.024422315151642837e-01
5.243004573192550609e-03 2.523997225272472944e-02 6.141172321465588821e-03 7.620468270033597946e-03 6.980898322121816338e-03 1.981784149034994044e-02
5.248991614610177825e-01 6.112466853503839559e-01 7.526308110575562482e-01 6.321062024217098951e-01 5.235964027239500274e-01 6.848422461591365806e-01
7.875353079030039671e-01 6.744324379026873650e-01 9.600494684795277678e-01 6.351151468697935343e-01 8.737846033578479110e-01 6.790514318431685181e-01
6.550458694881203803e-01 6.790422435145149205e-01 9.235217988583162008e-01 4.555173371918499470e-01 7.033241687393214647e-01 7.617587349917921413e-01
3.753975409552174902e-01 3.180626455459310553e-01 8.572241517937869704e-01 3.090416393242776394e-01 3.354401803936706838e-01 6.038990363818200757e-01
4.010064172262679527e-01 3.191453654815795682e-01 7.578819754252322793e-01 3.997435295023024082e-01 6.214710073976834614e-01 5.040547414090468248e-01
9.861317520622535637e-01 6.840989815336657731e-01 9.918854540253025931e-01 5.007061746437102556e-01 8.619756740111327309e-01 8.546846272463588523e-01
5.256284394499960433e-01 8.881178060002000718e-01 3.319243542975402472e-01 7.540358349215239286e-01 4.578922599806581339e-01 5.831637352288820964e-01
1.277941346604371808e-01 9.189960710345553008e-02 9.429059242225244775e-02 8.655491215176880360e-02 9.883688465501817844e-02 1.087939059201749326e-01
2.616501381060331033e-01 1.445656582361375120e-01 3.496079894538406951e-01 1.894782979506999254e-01 3.572455654360074395e-01 1.495507630081957251e-01
1.044134272802996755e-01 3.278670377349687248e-01 1.106788584083608501e-01 3.129446704406291246e-01 1.070946664319227526e-01 5.822726382284058033e-01
3.844663126021800048e-01 5.274823246767810225e-01 2.824412406508893802e-01 3.411593819037079811e-01 3.366738921281856034e-01 3.295740960290546862e-01
