1.638549956173377953e-01 3.804098759824114939e-02 2.331657313975127321e-02 3.177979806877009317e-01 1.452482289168983698e-01
5.113718640499077539e-01 9.476645492249327063e-01 8.263703071871582040e-01 9.445660259788157820e-01 8.966532184276729822e-01
3.168015369328369690e-01 3.312485893665961800e-02 7.499405609029613506e-02 2.159960856474300583e-01 3.376238280907273293e-03
5.819162924727216968e-01 5.448890341961164507e-01 1.510169087150906586e-01 8.145795693152667605e-01 5.039824226405471563e-01
6.431696853193276109e-01 8.544963921398840423e-01 7.006992942976748573e-01 6.926092278185664863e-01 9.831177752930670977e-01
2.328878395214353803e-01 1.646839633438491601e-01 1.100188104233399411e-01 1.548852758699658660e-01 4.572931209113448858e-01
5.361885976579942037e-01 4.695519998229985559e-02 5.590950541514615457e-01 7.756412503653583590e-01 1.352177234366536140e-03
2.590359345361447074e-01 4.432861738290440612e-01 8.700703601211812188e-01 6.364386175019296488e-01 2.033138540573418140e-01
2.040342222226588231e-01 9.367968065859608728e-01 8.696362974295950288e-01 3.653001130661674978e-01 3.655815906822681427e-01
3.919028256532350318e-01 9.263685492229292162e-01 8.356737820643205250e-01 2.719298426737677410e-01 7.093017790466547012e-01
9.220546065731436425e-01 5.610244491062126304e-01 7.742483480363010484e-02 9.381700694108192629e-01 1.672375448979437351e-01
4.412708047124418442e-01 2.822164399494835330e-01 5.513866989843586586e-01 2.499255260255221489e-01 1.621372392401099205e-02
1.075492625787653478e-01 4.033116464055612749e-01 2.455098710945040064e-01 7.462727959485693230e-02 4.648050409741699696e-02
7.618526308351999399e-01 4.169631374164413096e-01 7.507461318808283934e-01 6.666117187127383881e-01 5.276719392277300358e-01
9.107405796647758400e-01 8.782447375079955876e-01 7.570699902282103100e-01 9.333403411705740726e-01 6.347977016121149063e-01
5.777184921646715265e-01 6.379283941934006386e-01 7.142564022257859024e-01 7.764469979950932021e-01 8.645982458256185055e-01
2.966217693544159761e-02 3.757631477961468347e-01 3.501442386291542808e-01 2.016774941263094756e-01 2.905533313751220703e-01
2.746643012653704474e-02 7.980774015045408731e-01 4.612536222234095429e-01 7.743378058651766427e-01 6.178226107731461525e-01
6.416224649104462774e-01 2.546905692739789284e-01 1.851194452612124897e-01 3.158896597733501510e-01 9.840784245170652866e-02
5.380827763081361681e-01 7.908345805170501341e-01 8.363664698692738764e-01 9.888910762744653749e-01 7.537665890995413065e-01
5.973810427705013026e-01 2.700216476435537416e-01 7.921457929069362081e-01 1.289223935095482054e-01 7.472081673331558704e-01
3.741921515261871778e-01 5.523965513790186632e-01 9.285639453761684869e-02 8.497635890986898755e-02 2.898328262381255627e-02
9.049002974066555627e-01 8.320651779169339068e-01 2.392914401841273464e-01 8.689738976221637046e-01 6.563804636243730783e-01
2.645245933557309748e-01 4.002386765962043236e-01 2.656377768246946935e-01 7.462041574723963233e-01 4.587224288843572140e-01
4.439751112439481173e-01 2.479505483823622458e-01 4.704634614609914944e-02 7.375617970205703422e-01 3.686762652359902859e-01
3.607419368434215956e-01 4.052322010961445509e-01 3.525441471542545280e-01 2.042908692975132778e-01 4.701350517570972443e-01
3.767700491623950931e-01 1.235903379141388703e-01 4.449627258116088391e-01 7.017329950841975084e-01 6.531508080661296844e-02
1.386937526386487485e-01 4.624819051660929992e-01 4.656158986997453453e-01 1.620709834724476384e-01 2.682583236601203680e-01
8.577606259425244462e-01 7.665649931411813167e-01 5.542701117907214980e-01 9.965600660250788501e-01 8.865425931289792061e-01
5.077155710387701859e-01 6.750922419763785154e-01 5.665913331991421220e-01 1.017530125553833820e-04 7.331066215410828590e-01
8.841732894283410582e-02 1.538720082914091236e-01 8.729163737973557602e-01 4.122461484981743141e-03 1.149380905553698540e-02
7.335468544328418439e-01 9.000497456745890634e-01 4.051086167255737447e-01 9.561334933196661279e-01 6.291730660013854504e-01
6.939008088569250665e-01 2.186961021069410704e-01 2.805826196518579341e-02 8.937774555800386267e-01 7.316218009218573570e-01
5.968922230298815412e-01 9.914862254003785624e-01 2.650442182965659921e-01 5.553205735182979996e-01 5.947227755095809698e-01
6.048189297865558256e-01 1.913231036170387478e-02 8.523060809079492373e-01 6.873845500355814098e-01 7.886546796653419733e-01
2.106050614783188668e-01 6.693712103942248692e-01 3.272613952171232743e-02 3.017835158624550540e-01 7.149887341074645519e-02
7.532140104455247176e-01 1.469890377264069792e-01 5.814397980636764052e-01 6.909394906176100637e-01 1.652835852000862360e-01
5.172979423635102325e-01 7.653055577632565942e-01 7.226083639037175210e-01 7.344621026669848618e-01 8.947521310765296221e-01
4.846800080612869155e-01 7.676633881837819917e-01 8.763135677272206880e-01 2.374285099644460328e-01 9.961875735316425562e-01
7.411663257957213924e-01 8.565659749625936792e-01 7.399998306036127405e-01 9.706154654576484297e-01 9.731121459044516087e-01
8.607378509922221088e-01 8.359913088405001025e-01 7.405858582753137576e-01 8.871311494368633310e-01 3.973421722184866667e-01
2.679739384064467878e-01 2.470552762382196565e-01 2.857676669858423835e-01 4.180865526327439130e-01 4.638886400498449802e-01
9.790702118067822202e-01 6.988639685927302558e-01 9.195933181324104089e-01 9.762424034344285850e-01 8.782628616318106651e-01
9.108283511125483400e-01 7.196390123738352074e-01 7.077331579667891504e-01 7.236861913889054421e-01 7.316162488423287868e-01
5.290117902526678684e-01 1.728855713400636041e-01 5.722969820734922219e-01 3.943302315271224323e-01 1.232052489649504423e-01
5.774786810434113793e-01 8.207538263632092601e-01 8.954816212658285313e-01 8.942456540925372011e-01 7.488934078719466925e-01
9.580422944023070375e-01 6.276048560447899938e-01 7.840689768897481926e-01 8.863362004285253448e-01 7.974764963146299124e-01
7.820724978760948964e-01 4.287263820976804918e-01 1.318567685037579373e-01 9.454244344546191003e-01 5.183784433174878359e-01
6.299732606521563083e-02 4.230944888425530737e-02 1.724897131511173298e-01 7.530139234265001980e-01 2.252049278467893600e-03
4.535165347006464565e-02 5.019814821281870509e-01 6.131795042096821469e-01 8.918211620106593074e-01 7.838263402227312326e-01
2.820507533997416161e-01 1.570237997989109568e-01 4.011305962579765905e-01 3.110458785548001481e-01 7.587712767999619246e-01
2.242721723080789431e-01 5.103848828165115092e-01 7.724623673500066179e-01 4.759928752192756907e-01 4.751255975570529699e-01
6.043329956592056185e-01 3.185408176220658194e-01 5.047467099466071971e-01 7.829081166523117474e-01 4.416834558360278606e-01
7.975673996687439038e-01 7.120421457615542238e-01 9.408295336186016655e-01 8.484290509486136500e-01 8.208838014397770166e-01
3.398330417147442661e-01 9.708295491483653894e-01 5.965100576588596715e-01 8.837094895639026060e-01 9.358711927197873592e-01
1.861294483726525506e-01 1.901578298814480816e-01 3.074235228094284178e-01 5.584703414680425304e-01 8.169737257994711399e-01
2.272581157030582055e-01 5.948754188885121419e-01 5.432810993915282438e-01 2.295028445151887642e-01 7.336043950635939837e-01
6.555669612469909868e-01 9.446198995562882228e-02 7.771340254789398383e-01 6.269715037863854423e-01 7.950134542770683765e-01
5.401718705114977315e-01 6.694342056385912398e-01 1.929038032688801252e-01 6.226210633094806379e-01 9.141592576634138823e-01
3.697572598972939106e-01 9.355701697497336156e-01 6.876704169700381675e-01 4.073949115718479841e-01 7.812198020983487368e-01
3.378454048817086663e-01 7.154273973959917043e-01 3.444137390856415459e-01 5.124738591154958112e-01 8.818398329894989729e-01
6.605516090556007303e-01 9.553439523357287744e-02 4.845323848861335381e-01 4.964214189848956127e-01 1.145554252434521914e-01
5.069853394742029895e-01 2.762704797220782438e-01 9.145541258165240661e-01 3.824275445648449567e-01 4.519547370728105307e-01
1.029018374266473801e-01 2.888690504684406912e-01 2.210262000682294836e-01 1.348573252886570151e-01 9.029447869397699833e-02
9.056476735272243062e-01 2.464086429678210566e-01 7.999720485735475339e-01 9.574140273234155174e-01 5.148528895806521177e-01
5.281823146083335363e-01 9.432098863890254759e-01 4.170423656420263470e-01 1.085153508028930402e-01 8.707264482509344816e-01
2.800505768004052376e-01 7.489678467529176098e-02 5.384413079324138485e-01 1.768211072077665591e-01 6.467077501583844423e-01
9.513166770852981013e-01 8.115661484342904242e-01 8.818469277378577775e-01 4.761178089925528489e-01 6.782470678444951773e-01
8.215025950882055561e-01 5.627421910576512198e-01 1.235507239053901252e-02 2.241738292462154836e-01 8.207236370071768761e-01
5.722285564238857036e-01 5.311656630644886468e-01 7.076808058765036158e-01 6.345749842019203779e-01 6.490494410973042250e-01
1.826977857337819255e-01 4.344039276127627525e-01 8.002068678620801734e-01 8.415665838165551360e-01 4.639654417987912893e-01
7.216278149096591044e-01 3.036480424630618735e-01 5.916206498310907502e-01 4.245307830966641438e-01 8.261242629960179329e-01
9.382439980805834523e-02 4.379996782920035359e-01 6.390265015669265303e-01 1.979347124233954425e-02 3.221619781106710434e-01
1.379726583457094868e-01 7.779609109864590311e-01 5.320557584366121251e-01 2.200729695281161691e-02 1.674081848468631506e-01
2.646336802399459898e-01 4.807702862220333828e-01 7.445334050778723567e-01 2.056068273113331735e-02 9.468201461713761091e-01
8.975860321154494059e-01 2.992539523920066946e-01 3.512466835078343896e-01 4.464170248954464348e-01 6.235631622839719057e-01
1.516536076296490232e-01 6.357814590839733215e-02 5.297159288798686250e-01 3.873827282560313723e-01 7.641460059676319361e-01
3.952192260818948033e-01 9.287723582384983523e-01 4.592422761550930543e-01 8.839534755683404743e-01 3.357617468573153019e-01
2.540670604252890374e-01 5.583305987793740766e-01 4.192452900907872038e-01 2.495344304352219988e-01 4.070879411883652210e-01
7.904342480464077170e-01 3.244173616578254760e-01 4.368034429247820150e-01 3.929826218609657751e-01 5.513340299949049950e-01
6.539878370159952770e-01 6.276714880862884760e-01 3.981210281672788454e-01 1.634234306922179858e-01 8.150658095255494118e-01
9.014000927606982128e-01 5.699949968797329847e-02 7.797785885004886453e-01 9.739603997388086576e-01 8.561124382540583611e-01
5.738440945267736515e-02 9.073055459223616781e-02 1.479144005354122715e-01 1.405688180320305292e-01 4.814371820539236069e-01
5.058297937261535537e-01 7.291134896796064302e-02 1.452736665376785918e-02 5.971492121502902650e-01 2.874714850913733244e-01
3.234226024832077551e-01 6.695042174127712187e-01 8.881822518572062286e-01 6.234526055587517046e-01 8.878888150211423635e-01
4.897505526765688622e-02 8.913262456932263822e-01 6.017492337874330577e-02 5.425616617765389726e-01 6.358788954094052315e-02
2.222328474779093344e-01 6.457268309793813277e-01 2.187534228009101467e-01 9.122982525035984169e-01 3.584558027796447277e-01
8.334884067180053924e-02 5.181499029819177649e-01 2.610299171424301790e-02 6.021723616572556281e-01 7.346025295555591583e-01
5.517042634428994674e-01 6.606809484248595821e-01 4.465430355096343673e-01 5.718207629969321859e-01 8.170312759466469288e-02
5.349384001237438291e-01 5.156433785976384243e-01 1.671036589209922152e-01 1.202075752862835079e-01 1.574970434885472059e-01
3.703837024729861316e-02 6.391667788763673030e-01 6.832304359695240414e-02 2.626646802608172959e-01 7.101397260557860136e-01
4.669688528822731333e-01 9.550101452653038114e-01 4.165244999092125311e-01 6.754594915897379481e-01 6.843760188203305006e-01
7.465609757202842367e-01 6.399881654711613299e-01 1.865176283381006495e-01 9.913741068498503894e-01 9.613572247326374054e-02
4.658083023375683140e-01 9.976621293313761019e-01 9.178178585781868737e-01 7.430508142629863588e-01 9.553682017140090466e-01
9.130129135241427107e-01 7.121353917533430611e-01 7.483060176464151336e-02 6.751702757980538872e-01 7.451990533154457808e-01
7.747997265132440248e-01 4.763608515030356982e-01 9.612889446875199084e-01 2.471326243170562931e-01 2.790307686664164066e-01
1.385858471911419754e-01 1.066988350507764860e-01 7.854572458546420499e-01 6.681991609515738340e-01 5.229703115765005350e-01
2.860057167267471279e-01 1.258119983409077269e-01 8.341131686457425864e-02 1.339229559103705114e-02 4.090854781679809093e-02
5.439215719028447360e-01 3.585979506466037137e-01 3.173724136730077250e-02 2.149250481783949729e-01 2.361951395869255066e-02
1.785513278698344641e-01 6.177939254764346355e-01 3.799184753031714101e-01 1.450454587117419036e-01 5.114885396324098110e-01
6.359867659835996001e-01 5.509091546594964139e-01 6.387975136822263700e-01 8.864864156586917954e-01 9.442005914170295000e-01
7.158073406777611947e-01 5.876016558258445599e-01 6.779440014412855264e-01 8.804077572660121698e-01 1.369757687207311392e-01
7.677231458260145303e-01 5.154560611664622538e-01 2.241740469975491701e-01 5.951153364452395067e-01 6.601705716457217932e-01
6.235422997657473765e-01 5.090600610412315818e-01 8.980765076078439657e-02 1.557014362731685697e-01 2.262954849284142256e-01
6.027747396215692444e-01 5.939117311138348843e-01 7.783832747020819065e-01 2.346661836351853214e-01 5.912742279469966888e-01
2.897963570752787321e-01 3.493364603392274947e-01 6.408177383464763732e-01 3.699051106135601286e-01 2.457685878034681082e-01
1.663304754516135020e-01 3.481182655364344902e-01 9.356208895289161998e-01 1.512882086183092167e-01 3.780826034490019083e-01
7.860580521259896702e-01 1.059722981540743847e-01 9.234739009394965503e-01 2.936356740796164377e-01 8.337509550619870424e-01
9.866690596325216056e-01 3.624446987787622865e-01 3.185874219495051785e-01 8.985408520902246066e-01 2.556186050642281771e-01
7.788627917113588595e-01 5.123246948033221004e-01 5.112320335890302436e-01 7.896043543894473160e-01 6.113778606522828341e-01
4.998038310090925918e-01 9.214219875896669798e-01 6.858309933412073400e-01 7.062621565748968822e-01 3.842490732204169035e-01
7.269614982126297864e-01 7.767002212167546382e-01 6.324084487559296086e-01 7.755817991140503409e-01 4.648205023258924484e-01
5.946537388727787254e-01 9.391043984213786056e-01 4.409649326433717764e-01 3.249451762730304338e-01 7.622198937460780144e-01
6.805115606845717480e-01 5.817640326070515622e-01 6.524942405577530691e-01 6.098694478256720952e-01 3.770015495829284191e-01
6.027201073855620317e-01 4.373503057397865046e-02 2.278712811321043086e-02 9.600458238262404853e-02 1.909297720994800329e-01
7.040468688741868819e-02 9.011530802781964056e-02 6.709058316982440262e-01 9.692009979535356479e-01 7.262997666839510202e-01
1.000335785760139706e-01 2.033939013186391032e-01 2.231095921854054365e-01 3.167684458876161568e-01 2.925691010896116495e-01
6.964318793949860753e-01 8.079389521241068239e-01 5.204118128500537788e-01 1.978022734218853884e-01 7.836942323483526707e-01
5.512062794260211840e-01 4.943856959510709581e-01 4.920652142123762562e-01 7.122261326491574618e-01 2.608001315966248512e-01
1.022563387246727684e-01 9.545699372988041276e-01 2.227384341194119100e-01 1.702755721380684872e-01 6.195298575330525637e-01
6.207899317081509993e-01 9.624355469250112094e-02 4.501289958691062632e-01 7.176435270525191035e-01 2.342675500549376011e-01
8.677114752168055833e-01 8.179573446251469093e-01 6.183878523940047334e-01 9.508156286461755258e-01 3.943137673195451498e-01
2.656537677589037028e-01 1.536027174524641770e-01 7.681957337227081073e-01 9.797586317224757924e-01 9.612662440631538630e-01
4.673370336159068383e-01 1.913296545209017818e-01 2.355642486582321116e-03 2.674132980813496707e-01 1.055848435498774052e-02
2.993819721662521749e-02 2.226451877198895035e-01 1.187804158259860299e-01 4.651766827881620436e-01 1.149534969590604305e-02
6.228296446125763941e-01 8.398591308803715627e-02 8.352641571304111334e-01 6.491098329693508751e-01 6.982497670687735081e-01
6.091748800362772887e-01 4.161066171659999480e-02 3.933285166911906772e-01 7.504836345697871725e-01 9.200025992467999458e-01
8.711183137766239648e-01 7.290147127263774118e-01 4.941133254347573334e-01 1.260190669160132781e-01 6.683849727269262075e-01
8.018029932081522926e-01 5.403847641566297266e-01 8.689507717543095699e-01 5.413050099347843647e-01 9.846765268594026566e-01
5.549504420390523052e-01 9.257952865028110656e-01 8.563419692489896429e-01 7.247033361995671719e-01 8.126388948876410723e-01
7.922260959589688678e-01 7.019260975671308689e-01 3.540468126158379247e-01 1.583903014937770859e-01 6.698120664805173874e-02
4.385434821770972658e-01 4.972189450558290313e-01 2.021608870548434744e-01 9.746194176210711824e-01 1.505276442039757967e-01
4.923306210692641738e-01 4.634644640365515045e-02 4.920928083766119010e-01 3.280720586820334850e-02 7.046762094832956791e-01
7.040652420086221941e-01 9.505160377199215471e-01 9.793478946609526226e-01 1.614239378660964896e-01 9.589859766419976950e-01
8.179916454954845317e-01 9.215352824601146242e-01 6.923953486055340889e-01 6.858418761264030161e-01 1.107891018036752939e-01
3.726916995815856004e-01 1.142142770788382999e-01 4.317874707048210969e-01 4.380948367679074473e-01 9.098579739220440388e-01
7.044034043803637513e-01 3.237848253193620351e-01 4.204172677588924323e-02 9.741390424402228687e-01 2.104730422142893076e-01
1.435373383950566128e-01 9.577387671307127093e-01 4.271774012857287306e-01 1.122229141413632059e-01 8.203862619120627642e-01
8.609174921881401765e-01 8.815032763796993853e-01 4.008838290778558577e-01 8.853671046955237101e-01 8.914225408807396889e-01
4.732894194666464882e-02 8.888675291602721185e-02 5.755646051369130989e-01 7.906276961502073375e-02 4.051255504600703716e-01
4.059054827551319411e-01 1.186312475208262107e-01 9.634996651241034549e-01 8.567445009106169351e-01 8.472544853575527668e-01
2.902563694081711221e-01 1.302126939059095601e-01 8.396001999744571176e-01 4.893101051764239817e-01 6.117570993956178427e-01
2.875803469378883093e-01 6.692069432576577270e-01 4.562579175883536009e-01 3.664015616343961335e-01 1.507494272664189339e-02
6.267817648873509340e-01 3.296647959187454235e-01 4.429816510099598981e-02 1.370183601361175674e-01 9.037211900576949120e-01
3.654245023046807095e-01 1.296567570700540295e-01 8.636683811136098843e-01 2.489399152664869552e-01 6.926717015448957682e-01
1.690895736607737621e-01 8.736231299134895600e-01 5.840777704462728481e-01 1.034020775833430772e-01 3.503329367376863956e-01
2.257752831881515432e-01 4.263795191650360250e-01 5.013065218030691161e-01 7.972116486605528296e-01 3.358107940293848515e-01
4.459799786739622185e-01 6.534257291513873023e-01 1.842118873892267805e-01 4.773292954769037255e-01 3.582533455919474363e-01
7.709999664778006689e-01 9.789385812893495187e-01 5.381966239312868661e-01 4.474638798906496184e-01 6.093128728680312634e-01
5.734440695882817574e-01 3.855017342555612792e-01 5.905340921699380186e-01 2.266922096739430459e-01 2.032486542593687773e-01
5.179921768612043564e-01 5.105948083872346999e-01 9.058138954581353985e-01 4.032243054106066649e-01 5.727867714595049620e-01
1.190582563880310807e-01 1.908922745286997236e-01 3.201160340913694613e-02 3.277306826800389095e-01 9.449537587352097034e-02
3.853414679643196727e-02 7.894821700151057886e-01 9.409151884031048407e-01 7.361803401882683895e-01 8.011937085539102554e-01
5.359832554082072376e-01 9.809331383749513300e-01 5.456951100899046780e-01 2.117060451857351588e-01 9.773703273385763168e-01
7.074291731828757923e-02 1.139647736131732536e-03 5.996207683106158370e-03 4.712463521402934230e-01 1.342569626867771149e-01
5.352815296904261944e-02 3.640677556958071825e-02 1.422918497570307972e-02 6.337736574561314562e-02 1.595314266160130501e-02
3.161583464053347448e-01 7.694535030071292248e-01 7.154669721183255504e-01 5.577715670558131000e-01 8.172977576032280922e-01
3.378011278665076222e-01 5.623393044361307824e-01 4.342761690416982456e-01 7.124995255164753294e-01 1.702245494816452265e-01
1.943817844296186759e-01 2.681333321435064310e-01 6.031011539953377021e-01 6.741895810624107810e-01 5.154671263881027699e-02
9.757189656542196721e-01 9.761717413361445939e-01 5.297012989548536277e-01 8.781379787223592137e-01 9.649359576869755983e-01
7.547041633081285061e-01 1.930480450931863490e-01 2.907460513590386930e-01 5.343497573114768251e-01 1.872890938539057970e-01
1.975431635497650884e-01 4.268468491517530827e-01 6.624866726954347085e-01 9.184270744917979457e-01 3.231398232746869326e-01
6.956343434374566703e-01 3.636120553940583866e-01 5.683835378598983690e-01 7.003858743119700803e-01 7.442181487567722797e-01
2.917440131884289078e-01 6.822809757388026419e-03 6.668324487021519698e-01 3.636249369716204050e-01 5.841196828987449408e-01
7.892240298416748345e-01 7.744690280394445070e-01 7.410164889176302783e-01 9.699293586365881348e-01 7.056818506680428982e-01
5.648598703713682001e-01 8.089322330745325473e-01 9.758467274209216002e-01 9.793228786234261518e-01 9.567257585003972054e-01
6.699951801955583708e-01 6.409346447819715964e-01 5.713280608904858227e-01 9.423966512018762121e-01 8.555592712946236134e-01
2.753424885037253356e-02 1.225100115796027844e-01 4.020071826299298490e-02 3.603292429513739736e-01 4.272332848049700260e-01
4.021804439678634546e-01 9.737676379893394074e-01 9.185465443066161972e-01 1.810515743731325733e-01 8.678779429756104946e-01
7.245188958899931864e-01 4.495157455533873025e-01 1.602167624626493758e-02 4.877556571938377328e-01 3.465806397143751383e-01
6.781558516069645659e-01 5.423708522013401812e-01 7.163116437148924209e-01 4.352136980036034331e-01 3.494637454859912395e-01
4.245947613075752303e-01 8.998521003071295876e-01 5.383164819420682701e-02 5.936195161888060401e-01 3.580076319631189108e-01
9.363189180890183483e-01 6.056550162465733633e-01 3.658284131975135800e-01 9.328764408236409622e-01 1.742903471458703279e-01
6.161625173635054686e-03 7.317943172536791607e-01 6.489276477877283789e-01 7.911450385880985925e-02 3.618145151995122433e-01
7.865846431239871261e-01 8.084065263713082761e-01 1.712777337630963514e-01 3.156815644719102032e-01 6.874833670444786549e-01
1.298840939386171622e-01 3.495481283603246725e-01 5.628246026835961313e-01 3.366518698626783102e-01 7.022075320128351450e-01
5.633500149097943055e-01 4.413945727571081390e-01 5.373369982633782183e-01 4.078970264744328222e-01 3.736648713238537312e-01
9.533486164722257961e-01 1.897841980591350453e-01 2.069631553543677116e-01 9.449867466275363448e-01 7.109126455616205931e-01
7.633563934539530083e-01 4.629768967973493243e-01 6.782186648922711170e-01 3.173446979046972150e-01 6.043868632987141609e-01
8.919917272779467332e-01 8.011616324455246296e-01 8.958061733951342420e-01 8.546190689443049493e-01 6.931348780635744333e-01
2.996774246569566258e-01 2.218751844745261437e-01 1.727636163113751566e-01 1.256251043964609626e-01 1.136775447521358728e-01
6.278042902310106976e-01 6.000991932031241038e-02 8.476845809349499161e-01 8.726205943659531838e-01 8.393350171390920877e-01
1.013097955917369175e-02 7.557642331543878988e-01 8.156554586578745880e-02 1.839280547428348012e-01 1.634288327768445015e-01
3.638081179403168663e-02 6.007946628124732902e-02 5.024182827509772187e-01 4.610727329396053231e-01 3.789162836037576199e-01
1.986805222881199429e-02 4.029941059269907533e-01 1.433569070052415628e-01 8.547765909565216980e-01 7.527264326345175505e-01
7.451059474246224390e-01 5.392391453068677842e-01 2.802849942268625938e-02 9.506235215596189336e-01 7.067047366872429848e-01
9.531000451331369527e-01 4.722335322637643551e-01 3.168477121738982882e-01 4.953003702538121278e-01 6.959630330093204975e-01
1.871444579306702494e-02 7.353116524010883115e-03 3.186791925089594857e-01 8.151945946353267303e-01 7.302875260356813669e-01
3.132622731995327037e-02 5.787384216345299315e-01 6.467262597193170759e-01 1.949903164725398930e-01 6.957453342620283365e-01
5.645055395759180916e-01 9.535856483763021085e-01 5.359212762498281046e-01 5.976655498457925653e-01 1.337215579114854336e-01
1.155089470873549851e-01 1.140276314032344640e-01 5.867512364490512500e-02 3.753757992915918162e-02 4.805128322914242744e-03
9.561063012413770767e-01 8.424691378226820682e-01 6.927911195152893775e-01 4.011064147720714290e-01 1.475820878986269236e-01
2.342215587686830025e-02 5.395410960925289823e-02 8.790510881529323139e-02 1.944605217120909391e-02 1.090688207186758518e-01
6.591429428928929912e-03 1.533836240493793857e-01 7.931011929404210292e-01 3.022093713465682230e-01 1.647448723670095205e-01
9.955946164111260099e-01 3.596109285588710014e-01 6.175672068580636553e-01 7.389319131325425838e-01 5.985584603622555733e-01
5.573016138092174998e-01 4.865761350382552530e-01 2.085324901310769419e-01 5.490476827968443496e-02 4.693467449396848679e-01
6.687543615766353700e-01 9.168964516687159172e-01 4.045745865152693410e-01 9.722610709945411767e-01 8.787132664583623409e-01
6.829323961102256035e-01 6.066239925338567929e-01 3.529353260394963443e-01 3.137655633753716478e-01 7.729600439779460430e-02
2.376506517275873143e-01 3.258092294276566658e-01 6.177198396362038046e-02 7.414350061026683258e-01 5.059536369517445564e-01
4.699504441763638352e-01 3.755274551938716510e-01 1.467142712799165971e-01 6.162179278644674962e-01 4.869146284181624651e-01
5.872421157040701445e-01 3.033584657629422310e-01 5.851931439457735973e-01 7.161190019521692651e-01 4.016348086297512054e-01
7.232198266811585841e-01 9.792310888773336774e-02 1.566904336891221106e-01 5.453301397178631493e-01 4.721836501266807318e-01
7.315871939153244519e-01 4.496863058073072850e-01 3.952806728728151531e-01 9.176230732720411787e-01 8.724303941708058119e-01
8.147473106137513854e-01 5.210316314266639770e-01 7.554788159250499513e-01 7.123028674951942252e-01 4.452727399766445160e-01
9.247722318957902754e-01 7.238131485633159112e-01 8.454004807735628901e-01 4.744777362867040327e-01 9.673730649519711733e-01
3.776737307244484310e-01 7.096025142410994357e-01 5.846539708385495304e-01 3.758386735397037381e-01 9.009708445519208908e-01
7.460270736011543891e-01 3.377380997364619608e-01 1.099659571998704566e-01 7.377871159501799836e-01 3.155847946181893349e-01
2.321538714015430327e-01 8.588887832104066256e-01 5.371854543058514064e-01 6.256039953213092808e-01 8.749178785365074873e-01
5.456334108295135543e-02 1.668459168422460892e-01 1.032204436102305833e-01 4.835482535755779576e-01 1.433375901542603970e-01
4.673902174104677676e-01 6.799439831604165985e-01 8.201067241728338120e-02 6.003328598849888564e-01 3.596952196676284075e-01
1.870249125344049523e-01 6.641111522413420953e-01 2.705725492493308293e-01 7.887139318515844488e-01 3.782007752452045679e-01
2.130802481086713218e-03 3.136986371632594084e-01 2.091956333808159263e-02 2.637037948509379781e-01 2.538004585076123476e-01
8.903340461395752303e-01 7.966592691579759133e-01 3.311124378144276736e-01 6.860634967712186949e-01 7.450014385394752026e-01
4.604105452039039537e-01 1.449197852520293095e-01 3.520897226261038848e-01 6.152463200001986321e-01 4.473639118950814009e-01
6.393019418083121241e-01 4.679484873156591340e-01 3.416663573975411428e-01 3.380728506656603960e-01 8.631968384142965078e-01
3.202636438160439969e-01 1.383888260035424089e-01 3.542189831637909680e-02 5.792110730734412183e-01 4.467802408616989851e-01
1.943383282947756530e-01 3.236513929367397790e-01 2.845985940828910099e-03 5.548431151930848237e-01 8.370997337624430656e-02
1.095815073828279584e-01 1.608857972268857850e-01 1.051172328010975821e-01 7.290837185817631294e-01 8.936418469529598951e-01
7.309854055858768795e-01 6.505196904738428376e-01 2.845315653238300602e-01 5.681290910161903573e-01 2.315810471773147583e-01
1.261104975684809171e-01 7.147989239789681593e-02 1.264974816815934155e-01 5.900086805691040492e-02 1.922083841636776924e-01
1.818034505316981075e-01 4.372700004465662760e-02 4.630724820553258070e-01 1.566270738817363006e-01 1.652610022574663162e-02
7.775742605516836603e-01 6.316475823490025343e-01 8.520145402289445169e-01 6.321761827027283509e-02 2.733491924591362476e-01
8.741926209686337046e-01 6.433862430933926513e-01 7.324297079325550186e-01 8.709532822870857949e-01 9.857547949068248272e-01
4.850013610559086863e-01 5.771561808884034805e-01 2.832895088937337214e-02 7.821191391394005654e-02 8.687914472538977861e-01
4.056145221163428016e-01 2.420240770092452198e-01 1.174908977598754234e-01 2.375695160066163547e-01 1.487058533821254969e-01
7.306817549281636737e-01 2.059842738992204714e-01 2.563469204005958124e-01 2.850949532734773362e-01 1.105972852092236280e-01
1.443921661588432603e-01 5.672822725958780454e-01 2.290745505533067217e-01 8.753913000749057316e-01 7.264554027933627367e-01
4.017498196860010418e-01 1.156426261873712558e-01 6.420726313717239897e-01 3.684959236168382501e-01 3.986107062082737684e-01
3.974034148638698194e-01 3.805434773636424128e-01 4.955095608584808020e-01 1.680147857884653484e-01 2.443183204159140587e-01
6.374946842589835905e-01 5.025684495208732061e-02 4.536622062674791067e-01 7.800868559608118424e-01 7.660053735598921776e-01
4.038749191049800236e-01 5.710255855602780484e-01 8.665967624863846197e-01 6.241296003000630366e-01 5.859749030787497759e-01
9.950074031942536257e-01 9.427478347574922424e-01 5.261660943971924187e-01 9.131484309164712432e-01 6.796221437398344278e-01
5.789407350769565364e-01 2.423554227194000821e-01 9.861054912242352977e-01 9.471662134479832407e-01 7.359369043260812759e-01
4.731674201342181418e-01 7.599224933911399305e-01 5.696097135572195658e-01 5.436346914831776678e-01 6.164168904069811106e-01
9.445672582142472518e-01 1.287375823711284784e-01 2.181105012969349888e-01 5.164205305895875897e-01 1.323168580420315266e-01
1.041481111608318355e-01 5.233562298201654972e-01 1.972648316296823356e-01 4.231880576092501567e-01 5.993822112213820219e-01
5.966404900165731551e-01 6.243528098517119318e-01 3.339755019794835023e-01 1.687470497112310563e-01 5.561239374801516533e-01
4.704647875608679031e-01 8.232373102536520992e-01 2.360498634589999756e-01 4.945501930709657601e-01 5.326693917158991098e-01
5.701069129098770283e-01 9.965588044719914107e-02 3.254474303747627584e-01 2.874598515451710079e-01 2.557904981076717377e-01
9.806451651052331409e-01 2.605286600031503363e-01 4.882351557108829954e-01 6.455489451905553899e-01 4.135415703058242798e-01
4.960632222209619413e-01 7.437673497326436900e-01 9.410830110198080689e-01 2.933222140251255938e-01 2.170944607350975275e-01
2.898938517741890264e-01 6.231610636456474950e-01 2.336198803664363277e-01 6.294308760639077960e-01 1.004663922358304262e-01
3.551215174550840237e-01 3.988525193074636821e-01 4.464309008893492248e-01 1.281231063215069743e-01 5.774871616158634424e-01
9.599016657196721702e-01 8.431715908991004316e-01 9.834633258004943368e-01 8.792593753611051000e-01 9.584086642134934664e-01
7.774012121847559964e-01 9.656153072585711428e-01 7.691785581063059762e-01 1.851631011102407021e-01 6.415416859090328217e-01
5.705417899319349395e-01 7.266255924427489354e-01 9.207479207484198236e-02 4.766266424064551366e-01 7.808774630539119244e-01
4.100148823343769955e-01 1.735562563364768107e-01 2.261259207417944395e-01 4.441595750760522487e-01 2.762147393077611923e-01
6.845480594268193997e-01 1.769657383976331322e-01 5.131857674019356663e-01 1.348675943042829672e-01 5.367495003156363964e-01
8.499746730956854179e-01 9.042961162784481921e-01 2.063634203467167860e-01 2.536013850607236608e-01 2.771964941639453173e-01
1.470370103903941295e-01 6.556271886312414754e-03 9.429317544871648193e-01 5.346724963474366321e-01 5.620812159031629562e-01
4.393625914649849085e-01 2.470462484069342324e-01 2.224263385492016853e-01 4.287815132542810437e-01 7.839424319099634886e-01
3.969342235220472137e-01 4.621919668844701179e-01 5.728663793235097001e-01 5.703343920835830527e-01 6.973420316353440285e-01
8.003313602727353260e-01 9.338406575370250540e-01 7.123584803480458305e-01 7.578428594731958512e-01 9.639484195504337549e-01
7.895829145789474701e-01 3.362385396472363230e-01 8.251692932317300500e-01 4.141956762529681035e-01 1.280613781418651342e-01
9.312654712761574416e-01 5.183774335374936593e-01 9.728324392997214076e-01 9.931741235161239967e-01 4.444011510349810123e-01
9.691529870580528616e-01 7.856712444994036204e-01 4.717923701467766628e-01 3.971962784608701336e-02 2.100951347965747118e-01
8.399322940732949494e-01 8.687704799407121037e-01 1.600048035802195678e-01 3.436006264214428452e-01 5.469456175342202187e-02
4.663125616531175188e-01 1.629929237542186993e-01 7.019049128012316840e-01 4.256892688610127151e-01 5.084773520939052105e-01
7.729463562793950082e-01 9.056494573583273588e-02 6.793654644370139550e-02 3.119480256130984785e-01 1.177091174758970737e-02
2.427281963103135598e-01 2.142109230411542997e-02 5.386024314063286855e-01 2.963448064542356652e-01 5.171077698469161987e-02
2.814754385608008169e-01 3.297896804133295667e-01 5.919841852690819195e-01 8.347484465040405643e-02 1.945729278959333897e-01
1.449058531917066239e-01 3.132029363745164607e-02 6.145757492468786332e-01 2.746639891649685361e-01 4.964507189579308033e-01
3.997968589157376851e-01 3.610296349342294597e-01 3.317436329772839310e-01 3.435445997759406511e-02 1.715555181726813316e-02
5.304730305739764340e-01 6.621855402362237797e-01 2.768169290951816297e-01 4.985810191655334900e-01 4.768544875551015139e-01
9.527963717694787338e-02 3.959831768576962396e-01 7.070502033963891320e-01 9.616229456710861934e-02 8.294750258792191744e-01
6.942802839872859177e-01 1.676021248546586961e-01 8.026781988584513750e-02 1.711190423569161623e-01 6.043862178921699524e-02
2.430860855766618922e-01 7.322266467439972892e-01 5.340397609475530105e-01 1.503362197052890981e-01 1.060818845871835947e-01
7.958651787379071862e-01 8.366730725643199973e-01 3.132334594010648399e-01 5.584720785876085003e-01 9.672356797382235527e-01
6.416876223364809118e-01 8.042532992510177392e-01 7.271714201714070125e-01 3.978763506138381922e-01 3.461523288860917091e-01
6.102769302544488461e-01 6.455889673056196543e-01 4.112687495646408786e-01 5.381214790586752450e-01 5.886282462161034346e-01
7.544700333586473739e-01 4.832684886602428564e-02 1.191552453822805058e-01 1.085054404488514090e-01 5.103238602168858051e-02
4.182319273313234165e-01 5.092637909286923392e-01 5.840004483039255012e-01 6.344380982245868550e-01 2.791358693502843380e-01
4.596152819803644429e-01 7.705505811134587546e-01 5.704350472730477239e-01 9.411470049814394390e-01 5.972931287251412868e-01
4.549417992785156906e-01 5.353000202290656429e-01 2.557260166982706640e-01 7.615837489572468977e-01 5.519862947985529900e-01
9.327674581096019324e-01 8.646352364441773908e-01 8.560666294179278824e-01 5.972088910343309465e-02 2.895919231232255697e-01
7.789434641778414381e-02 4.836863489870492083e-01 4.553142239328739072e-02 6.423760449275794926e-01 4.482253864407539368e-01
7.411135804175861264e-01 3.838501333184095587e-01 9.376418837687658936e-01 8.419942082360092339e-01 2.264149121474474669e-01
3.680557719820505280e-01 7.617679848639042905e-01 4.121146269195198331e-01 7.121692645764082785e-02 3.803016901947557926e-01
3.971508528965096430e-01 1.826783444255191124e-01 5.348194491010235252e-01 2.498868763736506460e-01 6.396237895824015141e-01
9.198220131041809910e-01 6.830648407748922679e-01 3.917119392787679066e-01 9.372143224174703802e-01 9.937931250315159559e-01
2.888210435118122588e-01 7.565279794474603081e-01 1.429681575895145329e-01 4.313875621310440112e-01 1.185203171335160732e-01
2.779014369871040113e-01 7.434964084310800025e-01 3.407403223455582331e-01 4.925679723032777568e-01 9.533676819410175085e-01
9.665963274588362797e-01 6.303649937550243054e-02 5.444751529344095120e-01 2.980912392423650803e-01 6.976867495104670525e-01
1.353665887849477834e-01 7.372687147391856488e-01 9.368906652809581015e-01 6.868536680494840008e-01 1.762256701476871967e-01
2.479342845195947609e-01 2.255325116767831206e-01 7.225839079667275566e-01 5.464507319180200717e-01 3.999182169791311026e-01
5.596185527853156927e-01 9.221906202484062565e-01 8.703386504598473739e-01 6.385461150728539703e-01 7.689521941356360912e-01
4.825565818676293972e-01 3.961133117194396980e-01 1.310456334474315865e-01 6.970348402639228169e-01 9.816434183157980442e-01
7.622800819719307563e-01 5.051664710542002057e-01 4.666975517423879172e-01 3.637963430227248995e-01 8.244989113882184029e-01
1.012225942915928045e-01 5.783259718930293669e-01 8.976562427892142981e-01 2.180605932475536135e-01 9.372926461510360241e-01
5.164235911123941092e-01 7.118972879199081394e-01 9.335832574456910393e-01 7.092747638784340225e-01 6.057955955620855093e-01
9.121358916306147036e-01 6.936249371466414182e-01 3.162962267502230640e-01 9.828054409874694697e-01 8.278351060580462217e-01
6.259217405036232584e-01 8.184770543998243220e-02 4.365908150211355587e-01 6.314109377657022293e-01 1.874596986453980207e-01
8.296441343494005416e-01 9.829927499058346285e-01 8.837955642328179096e-01 3.876207485798765506e-01 6.713677539955824614e-01
1.013021019184237592e-01 2.796267744222599161e-01 3.354511797380427263e-02 8.973259691276513905e-02 4.985378591809421778e-01
5.440827361586878519e-01 4.688848265862392561e-01 3.367970568216371863e-01 6.554086083767479698e-01 6.118884268216788769e-01
4.089848317105078124e-01 6.993782685419709377e-01 1.144939424987033716e-01 3.473401432781736409e-02 3.946374130900949240e-01
4.283243766246565554e-01 2.490586437739044645e-01 4.905137429189968534e-01 6.310304138906870364e-01 8.407040846068412066e-01
1.110323130806991077e-01 9.595705247229389112e-01 9.640116282557833483e-01 3.157289506737954721e-01 9.287047695834189653e-01
1.296624221259146115e-01 6.128416465767645427e-01 2.388331921216124143e-01 5.949717978285083975e-01 9.422852657735347748e-02
1.962219407306576291e-01 6.366784826415257115e-01 1.369124478007279211e-01 8.271303891652316276e-01 9.279788462445139885e-01
7.487890415037352643e-01 4.944064934489051932e-01 9.024536923299348867e-01 3.845713912410932966e-01 6.250564241781830788e-01
2.484546754758814036e-01 3.127330054086122635e-01 1.583794218769551954e-01 2.516262163843414612e-01 8.530607360880821943e-01
5.459174368631787289e-01 2.962997637002657836e-01 6.660256451239942033e-01 2.243250822017900381e-01 2.193975585978478193e-01
9.191623504221376750e-01 4.333647800498805491e-01 4.358658792496758472e-01 1.181302217924926068e-01 1.729074337054044008e-01
4.227577783805512857e-01 7.610023348946153288e-01 2.585925494009678749e-01 5.297453908430153069e-01 4.888019126374274492e-01
3.576552622096483836e-01 8.226997538912359520e-01 3.198163952937793653e-02 2.108241508104924389e-01 2.658981734421104193e-01
7.521457277258464247e-02 5.157575691725426736e-01 3.802048219334608348e-04 6.042319067403317812e-02 4.160300714429467916e-01
2.371338252925145884e-01 7.874678555184420059e-01 3.880208728967415865e-02 1.875334581747780671e-01 7.044330893550068140e-01
2.010373224781459300e-01 7.152164142707878591e-02 5.173679690766225248e-01 1.330758044855773203e-01 7.208076494280248880e-01
9.104406407383380806e-01 4.319200343498073025e-01 8.196007962342943820e-01 9.474087094655399000e-01 5.235280203633010387e-01
1.918725118336995217e-01 3.968102417924745939e-02 2.551747238770676884e-01 8.401873930553042102e-01 1.560317077673971653e-01
1.244603711475540941e-01 3.532411747186897100e-01 7.010378960836907147e-01 4.477830876991067965e-01 9.411047296598553658e-01
2.076514991426972601e-01 2.420357954993379579e-01 3.268608699380060045e-02 1.200417518830371177e-01 4.647290972061455250e-01
3.372761750853415785e-01 9.812573048543973275e-01 7.265344582191370915e-01 7.755356689367347567e-01 5.482818041928112507e-01
3.850940895586122403e-01 7.812260554617284081e-02 1.432157920995932865e-01 3.713221432604225103e-01 9.903242776636034250e-01
9.222832364637096880e-01 3.664176406506801653e-01 1.921618505237320806e-01 4.497292385279109128e-01 6.983901001513004303e-01
2.904489290455398720e-01 8.348534377025222941e-01 7.484621729521001576e-01 4.042718985696213130e-01 8.284109043888747692e-01
4.816655731363500004e-01 9.929773241006611961e-01 1.715435449211157315e-01 7.910690773251533026e-01 4.568553999997675419e-01
1.410577886663488822e-01 2.165768796540203378e-01 1.944157319942232953e-01 1.632674350102223393e-01 7.857181869912892580e-01
5.564288505450135647e-01 1.094879794794945127e-01 6.209121628109016688e-01 6.652467652315183777e-01 6.257949557621032000e-01
5.579594840587447369e-01 2.136484817050234852e-01 3.067088488447372030e-01 3.076951848970030934e-01 5.999508528038859367e-01
9.820668185880661039e-01 8.099646277916319193e-01 5.218250919947614586e-01 1.198410140762870002e-01 9.676141198724508286e-02
1.142584003789126612e-02 7.037965149003592158e-01 1.162876026488275927e-01 1.503098450728261315e-01 3.563243127427995205e-01
1.706847492276810097e-01 7.306184615387153469e-01 2.724176037764453051e-01 6.659681339079969176e-01 8.639349143486469984e-01
5.673218800752344304e-01 1.822737371473602264e-01 5.652186977201643092e-01 3.786860173152682973e-01 5.035479848738759756e-01
6.639493980157145092e-01 8.215373801243599505e-01 2.792786547415891940e-01 8.865541477351480681e-01 3.913392741233110428e-01
3.967606550596411985e-01 1.963341854074177606e-01 3.186154552061117862e-01 7.851693746937360441e-01 4.113413400482386351e-01
2.957307267393861627e-01 6.857269512838537473e-01 5.175501243576439148e-01 8.663310280368357041e-01 3.760697452817112207e-01
7.694249215017294752e-01 8.263402840865429200e-01 4.114179245548358343e-01 7.289504833347770774e-01 1.587220178917050362e-01
2.672792824962663127e-01 1.510285005079087250e-02 8.993318827663004944e-02 2.927947779296307118e-01 4.465264077298343182e-01
3.469968778364450612e-01 1.375903854777327795e-01 6.746696150733536568e-01 6.727789938015423798e-01 9.871048447676002979e-01
5.581993292577480670e-01 1.993888079523218337e-01 6.445649176170276107e-01 5.011066470705209941e-01 1.021029180847108364e-01
7.837667651456687867e-01 3.188937377967097087e-01 3.504616025974657267e-01 7.285660971972311994e-01 4.162299344316124916e-01
4.863814786481794883e-01 3.167945811800314537e-01 8.099224937792792733e-02 2.536591345052663926e-01 1.784186647273600101e-02
4.383312595111753529e-01 5.815531830112067313e-01 1.441998969751315252e-01 5.135962168676506678e-01 1.028202117886394262e-01
8.764490045077206748e-01 2.539235745252731991e-01 4.908765278383941388e-01 1.812189166494082015e-01 3.351315639447420835e-01
8.685067716386929426e-01 5.105209154079878298e-01 9.840116838859531700e-01 5.101030498539976810e-01 2.222808629740029573e-01
8.891772324956039864e-01 3.746189741324443823e-01 8.562370344738714500e-01 3.842073409305043485e-01 7.217330730054527521e-01
3.168793954496804677e-01 6.194296086789465861e-01 2.209560269367603080e-01 5.753895568754437972e-01 9.834362911060452461e-01
1.027383591018835030e-01 3.030204244657586088e-01 9.564635166936287236e-01 8.278213816037347517e-01 3.577095204964280128e-01
7.818915873872702704e-01 1.366892574963201601e-01 6.474613897723058287e-02 7.317226062376609441e-01 6.254890428390353918e-01
2.684305236482891210e-01 5.092982037770815706e-01 3.539497730075720217e-01 4.810914577031865091e-01 5.287525646854192019e-01
2.583433633417219211e-01 5.634359916586915151e-01 5.913846338684187742e-01 9.150403778566219559e-01 6.861200744751840830e-01
5.852634954083677510e-01 3.585403348599174311e-01 9.029311298535689367e-01 1.163881756581800486e-01 3.132079404313117266e-01
2.160995278815915355e-01 1.898290310736412967e-01 4.821965082256074453e-03 2.312744386467153190e-01 1.163703512866050005e-01
5.460431469108132374e-01 8.186963887016913688e-01 4.270364565828592696e-01 5.585491045345152283e-01 3.831289249937981367e-01
1.967393847380196625e-01 2.776253606392415918e-01 1.382542262564540603e-01 2.235750671665674982e-01 4.946803825441747904e-01
7.406655292006439906e-01 3.388723290365177609e-01 3.146360060347086485e-02 7.528081638283410371e-01 4.125229560304433107e-01
2.760065211560083220e-01 2.746327291953353233e-01 8.482621923347126724e-01 6.048062173825595744e-01 1.445479199755936861e-01
6.012797952820440051e-01 7.047361756467096505e-01 8.818659735378377995e-01 9.809972804588760198e-01 8.463229148183017969e-01
8.597234474642501123e-03 3.634660859758809259e-02 2.009998117160095576e-01 2.333372233216773894e-02 8.716345694847404957e-02
8.989164065738297626e-01 5.584784801761822903e-01 6.838602441496012263e-01 6.094874361142711416e-01 9.082207269966602325e-01
5.427432600154341591e-02 3.038529153684885742e-01 1.126508968705682290e-01 1.671172799660217700e-01 1.325684369076043367e-01
5.657367079664066267e-01 9.010037776382601171e-01 8.568048689996958789e-01 3.476626230611529200e-01 2.342921525705605745e-01
7.098562138213990735e-01 1.251118822238718731e-01 7.299263859626696771e-01 5.428442406639487627e-01 7.178232748992741108e-01
5.674823573063052518e-01 5.827223692170715452e-01 8.833934660194997512e-01 8.067504147317272611e-01 3.123283707536756992e-01
7.936390666484249845e-01 9.436700619392081046e-01 4.422608304774189314e-01 9.212515028627379365e-01 3.976420215331017971e-01
7.009429968018687784e-01 4.115280367902676151e-01 2.457059577063362421e-01 4.864515044551041556e-01 4.605998985935002565e-01
8.911013687708457809e-01 5.393328692619322462e-01 6.220236093667242949e-01 5.780736866017506248e-01 9.008532990701496601e-01
6.229935769524205247e-01 7.509739402122784790e-01 8.347791061477853880e-01 7.593611310021093352e-01 4.683008785359561443e-01
4.410302822422518254e-02 4.099755049270303875e-02 1.091203690431137852e-01 1.950878760566749914e-01 8.981612045317888260e-03
1.341785958174880888e-01 5.117893744936624634e-02 4.424110360548588750e-02 6.135944790113678771e-01 4.973183779511600733e-01
3.201580794672378438e-01 7.719295146949621822e-01 9.264147627389224260e-02 5.593002747834152633e-01 4.219035913702100515e-01
7.974179726408219260e-01 8.680406912310237866e-01 7.359558568575227389e-01 6.264226618962730475e-01 4.208658789284527302e-01
7.400467843262984458e-01 5.316159595635362445e-01 1.108530674750459188e-01 2.813949683960695891e-01 3.677202491089701653e-01
8.619010840145004959e-01 9.497971660286620432e-01 5.705753566861589965e-01 9.272289396073574164e-01 7.061333958990871906e-01
1.073998971742117781e-01 3.687640669032918872e-01 4.288444022819021262e-01 4.680005083371648333e-01 3.229248148854821920e-01
1.227668199136495719e-01 7.881184171900474933e-01 4.949048430809671606e-02 8.660666981757871863e-01 8.227530636359006166e-01
4.280739189081645413e-01 3.679332412417307685e-01 7.554445797627140635e-02 1.498590549857853338e-02 1.377679172437638044e-01
9.232931249590821121e-01 9.268793515583990672e-01 7.465941899385846181e-01 8.320578691396827153e-01 7.920486598741263151e-01
6.032665229495706161e-01 6.950043396491372150e-01 7.358394993224682823e-01 2.489778705345005450e-01 5.464968096930533648e-01
3.967846130933683213e-01 7.000781525826987872e-01 9.922542186316173352e-01 8.232090390011197467e-01 9.102818449027836323e-01
2.907569782376511203e-01 2.059634011559758338e-01 1.270380436476906683e-01 2.161688686191176600e-01 4.488068399950861931e-02
9.515649134422666799e-01 8.446358583509463447e-01 5.276974604851987216e-01 8.997433882544871864e-01 3.101098041515797377e-01
6.315555946696899126e-02 2.477558203837625928e-01 2.436698324834412621e-01 3.437214522745270506e-01 8.342840459663420916e-01
4.350640191237586385e-01 4.066726150123533001e-01 6.491565887249962641e-01 7.086688032608129406e-01 7.348307145293802023e-01
6.071593158890329356e-01 5.691402001423292445e-01 6.724788051112406961e-01 8.204547849452941133e-01 8.915780959650874138e-01
3.693521265987453894e-01 9.376286925451573495e-01 9.910267991172744262e-01 9.107790974899674374e-01 9.455095969606190920e-01
9.424532515729828752e-01 8.065426883067152719e-01 9.769728908965158443e-01 4.921264029569201170e-01 8.452646208461374044e-01
5.995288071146366304e-01 2.697950368086213246e-01 2.458619339426722505e-01 5.365867146873156690e-01 1.885821372270584106e-01
2.487953791195716691e-01 7.808887382183595793e-01 9.419164827816857155e-01 3.868805716129248840e-01 9.200055510737001896e-01
8.697191847310812296e-01 6.650612854939808027e-01 9.228106619598347438e-01 5.459387134032113176e-01 9.489019389729946852e-01
9.503854764789668730e-01 5.413701171387631517e-01 9.837522533811342562e-01 6.010678297941038917e-01 3.553808422293514013e-01
9.683951165182449472e-01 3.949224994991762383e-01 1.120777945001329434e-01 4.501598551909820611e-01 1.702457014471292496e-01
3.078476095175074478e-01 6.546847886619697743e-01 2.145860720439954905e-01 4.865643020997535428e-01 2.059706342406570911e-01
7.207265140321255092e-01 6.895982375661182662e-01 9.624174725002647701e-01 3.122232828040011343e-01 5.782308375928550959e-01
2.634776557832230193e-02 2.159005343415452693e-01 6.054209341095211361e-01 3.955813326982866585e-01 8.275389217305928469e-01
8.958850400344673393e-01 1.422704385618198675e-01 9.038958110097099485e-01 3.735084236763306365e-01 9.846861923579126596e-01
3.285342657289366253e-01 1.132952719878943526e-01 7.803564083760428094e-02 5.663785648083102808e-01 8.439064293634146452e-01
3.017496790189324596e-01 6.236722414902360345e-01 4.141674692394677337e-01 3.971702863610050427e-01 7.581428715493530035e-01
3.613091776135973210e-01 5.327928228368075114e-01 3.870978820331605341e-02 2.699307227474856408e-03 5.139835334848612547e-01
4.290875600891347341e-01 6.399784766318288298e-01 2.113905277325131005e-01 6.883154718730160049e-01 1.394685704726725817e-01
3.893655150769137485e-02 7.717719885028673232e-01 2.659637131413663536e-01 4.685955291534005251e-02 7.185539992060512304e-01
5.440787522463496062e-01 5.421815207742153309e-03 7.758525922361059202e-01 4.631627318167602092e-01 2.372584291733801365e-01
7.451367123695367134e-01 6.430563472946941861e-01 9.312616706528573651e-01 8.027823008325102316e-01 2.241406117100268602e-01
6.375438313977934701e-01 8.424768326478642155e-01 3.665212076371598959e-01 3.167176439182595171e-01 7.591888648457825184e-01
6.583710434259736344e-01 7.909058289842305633e-01 8.395299967798475205e-01 1.066937076902819692e-01 9.152739946730434895e-01
2.052688509615372414e-01 3.994847700984041072e-01 4.280253603725588385e-01 1.328823134840462772e-01 4.346046296413987875e-01
1.163663119695904635e-01 3.141895299949775677e-01 5.106616724772954363e-01 4.959349616636786195e-01 1.201138906180858612e-01
2.463283004475392279e-01 3.086632492220985347e-01 1.534733386014903722e-01 5.742834766671145452e-03 2.218753874767571688e-01
8.852324151251984574e-01 1.892720441639488271e-01 5.482858841969632246e-01 4.404095367092606961e-01 1.843779969494789839e-01
9.686543030536789445e-01 7.759984738804770465e-01 7.608644308372258802e-01 9.880564130602660367e-01 9.522832010407000780e-01
4.010634576824799180e-01 5.871379207547112733e-01 4.637608264864757079e-01 7.264461899571361680e-02 5.606907194014638662e-01
4.886092330351505253e-01 2.818985469482088724e-01 5.158200630722930002e-01 3.529861183740298780e-01 8.665789817459881306e-01
2.735849471715842141e-01 9.951569727003054533e-01 8.689941328254531250e-01 1.799700194530670649e-01 9.170722558628767729e-01
6.795039629529660008e-01 9.832534759882015640e-01 4.130093405077444046e-01 1.920470616108769235e-01 1.794773917645215988e-01
2.896103551804259935e-01 7.395061086866505651e-01 6.508030095241528201e-01 3.370752803610400639e-01 7.256155516952276230e-01
1.900365395982598904e-01 8.312111622072131389e-01 6.644630901857361271e-01 9.624028815910286028e-01 9.861332450527697802e-01
7.365196049639650688e-01 6.873230967813196424e-01 8.533618695433689005e-01 9.440358005198312696e-01 3.083197388332337141e-01
6.350887785905736660e-01 5.515212691202437956e-01 6.584089208039692886e-01 5.035261638151367070e-01 8.514982867054641247e-01
8.594904230359288189e-01 1.755544229305360249e-01 5.646942306315846372e-01 7.154321429183353453e-01 5.788979728240519762e-01
1.863727950420636104e-01 3.189106142072560823e-01 1.176612322861936288e-01 1.317361626982078704e-01 6.548415427096188068e-01
3.472756309047206891e-01 4.497594648581126897e-02 7.568965979341811812e-01 1.139135049218535922e-01 1.716414268594235182e-01
1.307661800683918019e-01 4.845879190933228831e-01 8.976469155317401416e-01 9.209797973084510314e-01 7.425329631660133600e-01
4.122514675239632442e-01 8.886915316691920141e-01 8.485369043313278903e-01 9.618221529834061201e-01 9.363122289068996906e-01
9.393714727466220271e-01 7.271586551675200960e-01 5.605246329395381366e-01 7.357734009938394770e-01 3.734527861233800650e-01
3.279731652357984473e-01 6.966055793849154076e-01 7.853147930237817098e-01 8.549623966085023730e-01 6.216561221517622471e-01
9.209698306450424532e-01 2.422697062078023600e-01 1.635961477502629879e-01 9.354828565681272412e-01 3.647349877282977104e-01
6.850693685038655723e-01 8.578389867851106132e-01 1.589626783986973768e-01 9.899036123180322555e-01 9.420990336220711470e-01
6.794342804438731065e-01 5.942909064881967129e-01 6.225512324377463491e-01 8.055164975155436613e-01 8.570442295167595148e-01
4.616808453699210446e-01 8.648027023936291080e-01 3.012100111946486303e-01 7.395440725074513555e-01 9.627124464605003595e-01
2.731263695496322086e-02 9.441244217771213032e-01 1.479096708982978736e-01 1.844580966382953768e-01 5.963884447701275349e-01
5.040016161389075933e-01 3.112793655768407719e-01 3.911998872918615033e-01 4.062263790453147783e-01 5.259721118491142988e-01
9.854876550438762539e-01 2.751564993303801110e-01 6.910004616475458050e-01 5.137133708404819643e-01 4.837091614026576281e-01
7.857572674962014503e-01 6.876360088402545534e-01 5.528090800944455152e-01 7.962030048007597838e-01 5.403638042043894529e-01
7.863815061523535821e-01 8.329665365746368177e-01 3.731857792899379023e-01 3.423756580604996325e-01 8.551469582598656416e-01
9.615968354495461057e-01 1.857216641014819425e-01 7.775885682295549106e-01 7.566776535060751874e-01 5.722482560668140650e-01
2.069443446899627004e-02 7.687202967307305013e-01 6.912680791845504658e-01 8.664196156398583648e-01 7.573839928954839706e-02
2.847669025746175642e-01 4.143192422876485481e-01 1.455096892369922568e-02 4.353649504177001806e-01 4.166630625259131193e-01
6.342034032242562791e-01 3.358664120399722508e-01 2.718855455660573184e-01 1.394955735498264460e-01 8.514673181343823671e-01
9.327308356037504744e-01 5.958187343024430316e-01 4.590429001074559645e-01 3.285042213253773213e-01 8.724493158515542746e-01
7.650049758565957703e-01 8.292192949627869014e-01 3.412283586368584087e-01 9.411062200703897984e-01 8.738089504186064005e-01
9.576847056751431886e-01 5.642492274123438456e-01 3.830603011196387353e-01 7.379218568095435860e-01 9.684588576201349497e-01
2.554258071692323551e-01 5.738851853696935734e-01 4.871094353223166529e-01 3.439976271796987284e-01 3.013602178543806076e-01
9.558038185865360692e-01 6.505638098212989107e-01 6.693626190254928776e-01 3.819820500255355356e-01 7.385542702395468950e-01
9.624009067312639942e-01 8.902881952001954202e-01 8.870119663775226648e-01 6.748894960806772758e-01 9.576351335272192955e-01
1.249385742265896049e-02 7.013837940558992345e-02 1.595430439076153117e-01 1.673876892603545219e-01 7.832469898276031017e-01
8.268950684080387248e-01 3.003749589968773837e-01 8.507476296546635508e-01 1.329911355163139186e-01 3.097522275056689978e-01
2.930221488177587874e-01 2.664992700916919421e-01 3.465970166565791599e-01 2.205768067954888001e-01 4.611348628532141447e-01
8.572789124595644461e-01 5.017271275545227560e-01 3.888899392400362309e-01 4.795117739275143731e-01 6.923931555356830359e-01
8.933161721357849583e-01 6.184335428793437117e-01 1.645707686688399618e-01 5.429600828893654807e-01 4.520602158736437559e-01
2.389756463501768735e-01 2.022744761825229776e-01 4.845044873274521047e-01 6.431565764345023029e-01 2.300612232647836208e-01
8.776733868737924826e-01 7.830422578015956425e-01 1.786819416122595872e-01 9.385182641446717655e-01 7.693804460577666759e-01
2.179089728634778234e-01 1.517403585220544748e-01 7.405981225107732824e-01 6.724841235024190400e-01 6.522522671148180962e-01
6.560797489169231111e-01 9.090557307360580541e-02 7.199613217888434225e-02 6.306154090491660202e-01 1.937190224416553974e-01
3.808475247349054627e-01 5.663287261245192328e-01 8.873184694953156759e-01 7.069213695392557728e-01 7.633327418006956577e-01
7.895921872182010137e-01 2.025061733147104359e-01 6.831298277826152177e-01 4.481404926627098328e-01 9.567667355295270681e-01
3.113454973774796297e-01 9.287216378622059620e-02 6.796360910655357968e-02 8.137999480888568060e-01 7.613278306089341640e-01
1.792821284468685272e-01 2.383179647953498903e-01 8.780653919679234365e-01 1.025337524790476129e-01 2.145086794625967741e-01
3.368820303887822831e-01 7.481489164377295165e-01 1.988294621398212225e-01 9.243209182918024069e-01 4.711906947195529938e-01
4.020610494065088858e-01 3.452682718330432055e-01 9.280169911955262751e-01 7.677723758325658565e-01 4.957152311690151691e-01
6.600924527861236069e-01 9.310129069334182050e-01 9.697295233696108241e-01 7.989525952641083340e-01 1.289573800750076771e-01
2.542679156310870270e-01 7.856282127985841912e-02 4.656388003648894713e-01 3.330925792674016561e-01 9.820194097701460123e-01
6.642079461880234792e-01 2.997627648353030638e-01 5.575819437878912765e-01 9.031888237732197400e-01 4.326749732717871666e-01
1.946980453822729773e-01 1.786238886913027457e-02 8.505027114850127745e-03 2.677789610117689012e-01 3.677863022312521935e-01
9.397609780368640919e-01 3.470579073653811131e-01 4.286701335957030512e-01 2.321082592548758261e-01 8.010643152520060539e-01
3.375734821224924409e-01 4.471290030590249764e-01 4.986717609956895503e-01 5.716082343444612857e-01 5.948035698384046555e-01
7.664480142143788033e-01 3.937356664726349154e-01 1.051301946906000873e-01 6.920902472463613675e-01 7.332083890214562416e-01
6.620127458188290737e-02 2.413745876330559703e-01 6.871665410892024983e-02 6.902123657030906356e-02 7.333640572614967823e-01
1.259913816013600307e-01 3.657601117796976942e-01 7.815030545833763220e-01 7.158358627087499926e-01 5.502205267548561096e-01
4.690280698936192816e-01 3.865161777326210357e-01 6.410926652441294449e-01 5.529968213427517432e-01 3.312402078881859779e-02
7.841533280802597261e-01 9.539833591007595981e-02 7.378660434090277276e-01 7.220156507315415029e-01 8.190681110136210918e-01
7.479419313206775444e-01 9.746321854043454858e-01 9.187328734651519779e-01 8.370622883923544144e-01 9.299566776026040316e-01
7.735510611467650843e-01 9.716836286080718921e-01 6.920340335432835221e-01 6.671246602447309382e-01 7.360485433600842953e-01
2.552845010682400773e-01 5.681532322015092618e-02 4.701194634104172154e-01 3.238427130332131032e-01 1.648865945171564817e-01
5.417797935292993916e-01 7.982552409643410840e-01 4.675566827003979631e-01 4.736770796834557373e-01 3.744096530135720968e-01
5.058115435150839501e-02 3.024218551743754757e-01 6.673566321100281584e-01 7.605115312185126708e-01 8.152732667513191700e-01
7.061841540557738384e-01 7.090956603879000619e-01 9.149141835715053350e-01 7.559405889708239457e-01 8.534335065633058548e-01
5.618702552175071085e-01 5.251509541964267669e-01 9.927113855201518122e-01 3.955495223825887807e-01 8.226066073402762413e-01
4.673622051687680301e-01 4.869743209039986143e-01 8.978905198028576118e-01 8.641910886928628743e-01 9.939549744594842196e-01
7.077472671442746055e-01 4.821545844128427571e-02 4.769544874685352487e-01 7.376840880673052325e-01 1.815713474061340094e-01
8.136941153586074726e-01 3.523377987449765603e-01 7.153712346423979351e-01 8.143950888116574527e-01 8.023230487015098333e-01
7.381199748945945771e-01 8.939655359252007827e-01 6.933382361011830586e-01 9.828235932989513035e-01 9.731593306642025709e-01
4.424508505692503757e-02 1.982017888304024034e-01 6.919897325030636148e-01 6.008060759157169972e-01 4.198612365871667862e-02
3.129552618858190138e-01 7.087568008036698730e-02 2.230085468039553764e-01 1.492365813942431174e-01 1.887033835519105196e-01
4.326190697847192013e-01 1.026600662907121708e-01 5.684336308171333840e-02 1.085891142797776876e-01 6.197308399714529514e-02
6.935571263895962124e-01 2.306891446587969741e-01 7.440412600039002511e-01 8.555494818273083890e-01 5.480443292763084173e-01
2.584000054361937915e-01 1.353103386522052087e-01 1.377327139821287738e-01 2.498092660735886650e-01 4.103955847676843405e-01
9.763866646182487452e-01 2.729607239863069967e-01 3.313778978960826849e-01 5.156031959950932997e-01 3.312673112377524376e-01
5.594887583988039648e-01 1.476308583272147312e-01 7.073220955603917171e-01 5.067037601021729953e-01 5.842040844727307558e-01
4.720411854732970980e-01 6.829653996123449256e-01 9.225104180068482984e-01 5.731990647229689984e-01 7.400387679226696491e-01
4.629881404253630706e-01 1.350816660711966488e-01 4.928087626324358927e-01 5.729775444367779524e-01 5.465223130304366350e-01
2.215613213569653239e-01 4.439261487106760939e-01 3.237973481041979129e-01 5.232647563135932600e-01 1.419450219254940748e-01
8.792937798083548806e-01 8.226009113524449523e-01 7.068062382162506596e-01 8.061207206688658644e-01 9.019203712232410908e-01
8.700670740526738056e-01 9.168636539061789659e-01 4.920168330059969675e-01 7.209901930146030979e-01 9.984777802601456642e-01
3.975611038730930691e-02 2.758385474345484978e-01 4.144140570170429250e-03 2.985118015064227581e-01 1.568723074160516262e-01
4.449304020859150000e-01 3.505000186336603152e-01 2.049608409205139758e-01 8.391680598482533782e-01 4.130692228209227324e-01
9.703419950060229171e-01 7.246614283768875175e-01 2.522071182660773347e-01 4.134856314952359280e-01 1.428078901953995228e-01
4.890031716024763053e-01 1.565863888986527841e-01 5.938590256591195216e-01 6.753680174382695744e-01 4.864980468992143869e-01
7.374729458273570071e-01 6.443755129985341279e-01 6.297492194672160704e-02 4.877353187893103126e-01 6.081377225928008556e-01
2.153401969726740361e-01 9.949072022112537272e-01 7.009447394902748041e-01 6.264872417789772996e-01 9.416521457023918629e-01
9.989737707805577127e-01 2.552423873994539294e-01 5.111262542907868411e-01 9.936748330590832179e-01 8.656543069519102573e-01
2.777795273697778455e-01 7.505203960185530265e-02 7.158586563362292488e-01 8.356453865990640661e-01 8.407742099370807409e-01
3.323801863730567185e-01 8.296961287639856852e-01 8.522711883242870545e-01 3.385210569179021300e-01 8.689275509677827358e-01
5.395487135406209500e-01 7.162235009618264092e-01 3.935134999417316259e-01 8.036267143772373167e-01 7.861134638078510761e-01
4.321787883234424754e-01 3.446094656748748264e-01 8.243444961100033774e-01 6.885256285247761676e-01 5.967002590186893940e-01
8.239433485097826804e-01 6.717994386739180035e-01 1.941080711385320123e-01 7.621699767904337453e-01 3.455941597931087017e-01
8.759920376389100927e-01 4.986091886557943997e-01 7.131499503525045025e-01 2.574925055649693872e-01 6.258789007551968098e-01
6.707907658195457756e-01 9.104992990779330331e-01 8.835034054395581871e-01 5.391733002043790357e-01 1.921544829383492470e-02
2.794462218540419984e-01 5.676724094836609336e-01 1.778367733579675480e-01 8.361413743916340513e-02 7.019856346305459738e-01
