6.398255634838372341e-01 6.059366795273578576e-01 4.651974692616132057e-01 4.739911990403403164e-01 4.497362705878913403e-01
6.484854204214510753e-01 5.329306349605702486e-01 3.558953428404110775e-01 3.220335891073990986e-01 3.398994491435587406e-01
7.894067805698573581e-02 8.011026499917810184e-02 8.409048770222833646e-02 9.143783815462389053e-02 8.507440588437020779e-02
7.580009682366330992e-01 8.433828713612437911e-01 8.155232141791486367e-01 9.310553866160909964e-01 9.734069681726396084e-01
4.410593653253363500e-01 4.751948770141047329e-01 4.273987284393130914e-01 3.909723865645824969e-01 4.855645881034433842e-01
3.620065604801209758e-01 4.711066941470714031e-01 2.808929339624229859e-01 3.075485125929149910e-01 3.384891690220683813e-01
8.009335306248192843e-02 5.491403586040841805e-02 6.923123361403843434e-02 6.522754923936083249e-02 4.919479740783572197e-02
6.466749202020015408e-02 6.933607373056085987e-02 8.665963965551724824e-02 1.017212598033829934e-01 1.695096404291689396e-01
7.249316664636598073e-01 8.555788016247629635e-01 7.708369578947946721e-01 9.869348073645449748e-01 9.511538089718669653e-01
8.966259741205033773e-01 8.817005479773466492e-01 7.468681404070176555e-01 6.888101214555817364e-01 7.166344693396240473e-01
3.520432451042126987e-01 3.215497814883019889e-01 9.546030501091882225e-01 9.825598665677830468e-01 5.088819027878344059e-01
2.270982392013316531e-01 1.807846456604724206e-01 1.445528831867418096e-01 1.533635078833676391e-01 1.330035750288516283e-01
3.702557899589752344e-01 2.719672077004808841e-01 3.157421172102230500e-01 2.398112344441829802e-01 2.450810212176293135e-01
5.509981848330194332e-01 5.811804817522275846e-01 5.149427463921538717e-01 5.214909268105061280e-01 5.529585699550807476e-01
7.976368410639341766e-01 7.891941824508811321e-01 6.429326982272915991e-01 6.546597980298890507e-01 6.298988519702106714e-01
8.153210789096683175e-01 7.596849134588800068e-01 8.295623612810787417e-01 7.475963821968530931e-01 8.367656890768557787e-01
3.763624812604550174e-01 4.349518973029390390e-01 3.273303310138063194e-01 3.611395356237025456e-01 4.003617286216467619e-01
1.531091272762467592e-01 1.133093428692613508e-01 1.219579142137810074e-01 9.809788118702543469e-02 9.246774832718074322e-02
3.861667235334843573e-01 4.547062185446540394e-01 3.642541740586458521e-01 3.663255528538457706e-01 5.558508513495326042e-01
8.701292940672467058e-01 8.285820558943598479e-01 7.101138859817277549e-01 6.586418946612050407e-01 7.165592534001916647e-01
5.650885781208362380e-01 6.257265674659319155e-01 4.851165023360543560e-01 4.841792343042525815e-01 5.994753716513514519e-01
8.837080784878562634e-01 7.784840105173733704e-01 8.798212534555591713e-01 7.864057031554736454e-01 7.687456251587718725e-01
4.094207645071771817e-01 4.852924370444666180e-01 4.111445278718553475e-01 4.320362892018818068e-01 8.331087522674351931e-01
4.970884953457561884e-04 5.414401839103959386e-04 4.560721289500594181e-04 5.346572239315012859e-04 5.122211296111345291e-04
6.287414090736098693e-02 5.782528527011081970e-02 9.934773002468459679e-02 1.104010552311792681e-01 7.478124881163239479e-02
3.529763482706370081e-01 4.457698799977666271e-01 4.351334485513601580e-01 8.442311402414791610e-01 9.479805240407586098e-01
7.149341933348193345e-01 7.900336284008354637e-01 6.050050817638369383e-01 5.745895636285801578e-01 6.469591686036437750e-01
3.756397225389497829e-01 4.620315463586431304e-01 2.929741248180729452e-01 3.192299321967986825e-01 3.410941236652433872e-01
1.630599813820259314e-01 2.840223881994942134e-01 1.543187059537631800e-01 2.057560448685094578e-01 4.075017985887825489e-01
1.506755932203567294e-01 1.580832510076731479e-01 1.922654134684056992e-01 2.873864188339027570e-01 2.131352555006742477e-01
5.181149519170241691e-01 5.494979463778310036e-01 3.192892057892202651e-01 3.418075067940127276e-01 3.320857593789696693e-01
4.253147649008743314e-01 4.344420207696481073e-01 7.235906921310645279e-01 7.621703237582648782e-01 6.761848751921206713e-01
8.015042198483545155e-01 8.462971120697114769e-01 8.246624264497354195e-01 8.483266306475147900e-01 8.889198210090398788e-01
4.848835125416967040e-01 5.164514229466402595e-01 4.828608734721134277e-01 5.217793405174045995e-01 5.319244572892785072e-01
1.743137485895443484e-01 1.734875021715264476e-01 1.669801977660318459e-01 1.661316057236318366e-01 1.675295105669647455e-01
5.363311288077590167e-01 5.295645505424179111e-01 8.681119037392193150e-01 7.444747649366607600e-01 7.041450641117990017e-01
1.613458637572749155e-01 1.420265698526061160e-01 1.253118281728504702e-01 1.170417981189489781e-01 1.160871831234544516e-01
9.585428683036357755e-01 7.705977847038166795e-01 5.841320537148685377e-01 4.795890019275075855e-01 4.892992293462157249e-01
3.745221540196272403e-01 4.368072128450891656e-01 3.277486898671815863e-01 4.109473813593226832e-01 3.623359631747007370e-01
7.384804633231139004e-01 5.296548465620991575e-01 5.713984912190192000e-01 5.576469144821341040e-01 4.436800740659236908e-01
4.391717147887072570e-01 3.251713081049309451e-01 2.818962114823284071e-01 1.786906762143696259e-01 1.898454204201698303e-01
5.480048031752731141e-01 4.387043072523615361e-01 7.207327154741357544e-01 5.064941117569748963e-01 4.295402104035019875e-01
8.310983961950695331e-01 6.330757159618058960e-01 9.470333331922964337e-01 7.230015979543635840e-01 6.275088072288781404e-01
8.228673019672013700e-01 5.695700692394672915e-01 3.669711960605582801e-01 3.248626505743079651e-01 3.470513122156262398e-01
3.591023166893805851e-01 4.361421412039120926e-01 4.189423984797521205e-01 5.755761646356776229e-01 9.623250162694603205e-01
4.849410617276068147e-01 3.685452081301135996e-01 4.154745889620443111e-01 3.682046239920153119e-01 3.163466525729745626e-01
4.939595670140418671e-01 4.538358703641394154e-01 5.461768321857004560e-01 4.849890828590481817e-01 4.626825600862503052e-01
8.869397679637760490e-01 8.633346862503226138e-01 8.831143111350927555e-01 9.138559612705027257e-01 8.946776967495679855e-01
2.847885520379352386e-01 1.374647057944690109e-01 3.148728434573482282e-01 1.962981070136547435e-01 1.292075293604284525e-01
1.700668558277397546e-01 1.850057041937604452e-01 1.162681839960740260e-01 1.131628653696270248e-01 1.293271163012832403e-01
5.472710589272790083e-01 4.917777125115616044e-01 7.244057678336013328e-01 8.992644307119003200e-01 5.995567089412361383e-01
5.737080210453355811e-01 4.884707834753518330e-01 9.936638225593584783e-01 9.267347845818934005e-01 6.078520263545215130e-01
2.093101185558202959e-01 2.117202726725122552e-01 2.451957320367484094e-01 3.871172489251730742e-01 2.624259262811392546e-01
1.423225063875889762e-01 3.713754354946564584e-01 1.056157485224746145e-01 1.142856102717716010e-01 1.619520375970751047e-01
6.158844667585272603e-01 8.752518754964161429e-01 5.795732410657522538e-01 7.907909395053784873e-01 8.237291986588388681e-01
3.586867499967024697e-01 3.389822033305733839e-01 6.366390405189834567e-01 6.250963820136565818e-01 4.774423360358923674e-01
5.043584150958279055e-01 8.027118242465426379e-01 5.192275663361071159e-01 8.323909139798167933e-01 9.730760995298624039e-01
7.563502855052104401e-01 9.119945678576802939e-01 6.582385408590195608e-01 7.038356984631480850e-01 8.933043486904352903e-01
9.087786337647092427e-01 9.677921714699697642e-01 6.980388342931045376e-01 6.298683770217086142e-01 8.009264003485441208e-01
7.193419387884193439e-01 8.412883049879895658e-01 7.153443187914230172e-01 8.191929681746105141e-01 9.583109398372471333e-01
9.048754157682559196e-01 8.927182258401492598e-01 8.707877903548771892e-01 8.067942309777911269e-01 8.952982013579457998e-01
2.477079177030506452e-01 2.494059221850277452e-01 3.643241519498207071e-01 4.902637376151918192e-01 3.935427176766097546e-01
7.845036132933739248e-01 5.967203126726609019e-01 6.135489709598433983e-01 5.035184349138392967e-01 5.377988500986248255e-01
4.449174841606417519e-01 4.173421269409888223e-01 9.226531927580262638e-01 7.833778672435709467e-01 6.506360047496855259e-01
9.322279667908769385e-01 7.400037033541515541e-01 8.274341253381762851e-01 7.378441853804527106e-01 6.521709032822400331e-01
6.690908430472348734e-01 7.494153459325409994e-01 6.046310322973013074e-01 6.579427594393741918e-01 7.056075118016451597e-01
7.133315533274275921e-01 5.635833756392288896e-01 9.288483385708726781e-01 9.473887758401410286e-01 6.236022475641220808e-01
5.224746484668141289e-01 7.563609518711638113e-01 4.579707568178436050e-01 5.234092574694124700e-01 8.693995471112430096e-01
5.197034644338627274e-01 4.661434265180434133e-01 4.896052567977247083e-01 5.388771426007040732e-01 4.357651325408369303e-01
7.800728028448182805e-01 9.290472625050596456e-01 7.814197570040187779e-01 9.928330976423548337e-01 9.338054521940648556e-01
8.266186235773443913e-01 7.321401444104251865e-01 8.668473901042309526e-01 6.437047160266154977e-01 9.225674390327185392e-01
1.730917242620318430e-01 1.776847159846171309e-01 2.108525895989764865e-01 2.992447591678830676e-01 2.315553575754165649e-01
9.672431870254575292e-01 9.861500653717614195e-01 9.201635894847913777e-01 9.745530898803806963e-01 9.422822247724980116e-01
5.820212338611239350e-02 7.614020292237273779e-02 6.337856582885907641e-02 1.097809656927212635e-01 1.415246562100946903e-01
6.524786734430033930e-02 8.442044106389313962e-02 4.496546235164854133e-02 4.396027148873898893e-02 5.497183464467525482e-02
9.417138960243699453e-01 8.924125811544706410e-01 6.848594069662294892e-01 5.740941665913298353e-01 7.194446669891476631e-01
1.430512444831092134e-01 1.592296218370682637e-01 1.166901425526579578e-01 1.345217295622690712e-01 1.265197035390883684e-01
7.200385177527542091e-02 6.116538436375701382e-02 1.717867585953622434e-01 1.379075182450694437e-01 7.675330503843724728e-02
9.996265248262995451e-01 9.248185667192104775e-01 8.512989501580866536e-01 8.547642090030402873e-01 8.093168679624795914e-01
3.123221254864493313e-01 2.785759323681917810e-01 5.173063000901676478e-01 3.050575048951117418e-01 2.933752317912876606e-01
4.968787532267461837e-01 6.499816459257510282e-01 5.642298110440213676e-01 9.027625337774066727e-01 9.541380719747394323e-01
7.362579048827455619e-01 6.304964768918048801e-01 9.720220800376796477e-01 8.958241380945967114e-01 7.154837087728083134e-01
2.316835233132029659e-01 1.875931812116615194e-01 1.512581126575426593e-01 1.482548145372878656e-01 1.381554354447871447e-01
7.264858525275774692e-01 8.032115122935663543e-01 7.355034268842063350e-01 8.508946077627549398e-01 8.887617951259016991e-01
7.385256949042424690e-01 8.630323041953438246e-01 7.195417505492719412e-01 7.480381992094458088e-01 8.760368542280048132e-01
7.602603416698848759e-01 8.800547692044797810e-01 7.014149081688602072e-01 6.426428487124247191e-01 7.472148798406124115e-01
4.756918985484546725e-01 6.062519542350430779e-01 3.839582609170900662e-01 3.024928905857758310e-01 3.499438546132296324e-01
9.473000170152876542e-01 9.139041309598010532e-01 8.757989021601745305e-01 7.996018521789167721e-01 8.917497356887906790e-01
4.400942620728606203e-01 5.969120901979857452e-01 4.678120151502441759e-01 6.701443331651961710e-01 9.474260495044291019e-01
9.760764137095951920e-01 9.345184595765833047e-01 8.182124566922871489e-01 8.059505116341854070e-01 7.889691796153783798e-01
9.994964855170400397e-02 1.424715263898485296e-01 9.567129055549941641e-02 1.093077905417809692e-01 3.137998303864151239e-01
6.777171579762586440e-01 7.736314585186347959e-01 6.981295880257535336e-01 7.839259392345373501e-01 8.551456413697451353e-01
6.418829986132759124e-01 8.687828019161235593e-01 4.063346752159085473e-01 4.277413852262041405e-01 4.436664027161896229e-01
6.615810847702057185e-01 6.718347568878899612e-01 8.859682426494520646e-01 8.426772261866164460e-01 9.661164423450827599e-01
7.300331004627565179e-02 8.476530782914364071e-02 6.339516440077737347e-02 7.369417860832265521e-02 7.577392365783452988e-02
8.857262153189086051e-01 9.182641197819525480e-01 8.885501723493898218e-01 9.165758262608985074e-01 9.501717779785394669e-01
3.740640827152469927e-01 3.844300694013054742e-01 2.793226896762022737e-01 3.056821429096420184e-01 2.885044652502983809e-01
9.315789565455909194e-02 9.450711335680601899e-02 8.393405446482994636e-02 8.672042542802713139e-02 8.475378691218793392e-02
8.508419662633666392e-02 7.944026374725447759e-02 9.082550106126133227e-02 9.551498079900222482e-02 8.154330379329621792e-02
6.092461992323626729e-01 8.685879716783159177e-01 5.301829811973017836e-01 5.360890165927428841e-01 7.817487155552953482e-01
