2.600536722091919550e-01 2.375823260170327744e-01 2.673563395661326392e-01 3.480800363377533624e-01 2.396429630462080240e-01
9.042142268742513894e-03 2.024846577672962181e-02 7.613127891499489597e-03 1.058942371673207011e-02 1.100500952452421188e-02
8.950407902042976094e-01 9.386351364134642994e-01 6.912179497395225525e-01 6.001496088579726385e-01 7.055701499339193106e-01
7.395708227762799458e-01 5.763510107515499303e-01 7.156184214638897645e-01 5.861094244318700852e-01 5.380382449366152287e-01
2.864817116558825497e-02 3.018358356953398589e-02 3.605699164605739165e-02 4.023987399652292907e-02 4.301253217272460461e-02
9.396432057777959201e-01 8.242698046778939025e-01 9.657260516601086087e-01 7.664560493712325728e-01 7.435029433108866215e-01
9.578238709341764245e-01 9.632019186623833606e-01 9.671914459191801594e-01 9.782056882518764818e-01 9.959917480591684580e-01
5.896363890730498269e-01 5.644970279444153638e-01 6.172090204415460191e-01 7.836360349304724027e-01 5.849786449689418077e-01
2.429807047565386569e-01 2.505644063448796421e-01 1.963960042495536407e-01 2.043054693459568638e-01 1.959808673709630966e-01
1.461812215848402596e-01 1.565401599557607604e-01 2.218353965905369984e-01 2.533386037541235924e-01 3.149088770151138306e-01
8.452794163068761968e-01 8.086561781355260381e-01 8.017508159539439294e-01 7.622927591120878255e-01 7.451323792338371277e-01
7.109940199520918824e-01 6.038202763543093488e-01 8.549839242246161097e-01 7.665353726531713985e-01 6.482717285398393869e-01
5.247009003930853677e-01 6.431883009659574713e-01 5.485000330988716311e-01 6.111874968380569539e-01 8.928755770903080702e-01
4.371217520702974091e-01 4.576107965669044542e-01 3.470426765521605339e-01 3.652361105015972109e-01 3.516272343695163727e-01
9.906135582355730662e-01 8.804491687355259222e-01 9.001916980467694618e-01 8.081416157997018956e-01 8.056438842322677374e-01
5.455812758088547376e-01 5.871711882142516270e-01 5.918695840893707372e-01 6.933443096226488134e-01 6.992563863750547171e-01
8.155483585157946580e-01 3.335922345210050044e-01 2.662913754570604419e-01 2.388760200660721700e-01 2.177542268764227629e-01
1.995196260857090287e-01 2.133141772568742378e-01 3.777978573143713215e-01 5.729745779693987684e-01 4.255985163617879152e-01
2.189890912315953231e-01 2.173311503044386417e-01 4.254553143207734922e-01 4.317558539768873160e-01 3.577093426138162613e-01
8.700377920301146650e-01 6.584260719195799139e-01 7.773917123980931265e-01 6.016533182497313392e-01 5.740937332157045603e-01
7.409561426591173561e-01 7.056680717531715885e-01 9.113119338220035948e-01 8.324210104476522654e-01 8.120788123924285173e-01
6.771904139926873123e-01 5.727582683167531385e-01 7.873348556178819679e-01 5.657481974156767235e-01 5.243439299520105124e-01
9.904957410804253737e-01 8.698752616564564555e-01 9.028822236232494358e-01 8.302564275737867039e-01 7.618788690306246281e-01
1.204811103638834396e-01 1.062087000435423950e-01 3.887902667496119236e-01 1.776210601876608841e-01 1.306580146774649620e-01
1.443316037934687102e-01 1.294186189463112924e-01 3.069920907847743519e-01 5.905172003763874411e-01 1.800602260045707226e-01
3.042203086883157881e-01 3.602549784284416190e-01 3.137335225400376126e-01 4.185833798075542789e-01 4.194017557892948389e-01
5.441797115085934555e-01 5.690888247231538077e-01 3.933728440960708728e-01 3.500429657305783038e-01 3.936560675501823425e-01
1.546306744106414333e-01 1.776158902389330385e-01 1.823024155629259513e-01 1.947258273241845306e-01 2.360746271442621946e-01
9.385327006124029037e-01 8.215756085830798749e-01 8.970994412274329033e-01 7.750483067000821791e-01 7.692041110713034868e-01
2.097542406387297997e-01 2.329195836707076139e-01 2.137615776859373984e-01 2.262791683795011000e-01 3.090222578030079603e-01
1.460269488380065706e-01 1.446643446150706891e-01 2.127540835232935301e-01 1.969091323132282634e-01 1.992007878143340349e-01
9.717140854740018430e-01 9.212767213518494591e-01 7.607916267810342914e-01 6.458821658204741967e-01 7.313441808801144361e-01
7.724733522628566273e-01 5.389174718762884675e-01 5.286874269194762332e-01 4.468116625435509803e-01 4.107596459798514843e-01
7.290116038418859024e-01 5.302438489921003084e-01 6.204451331408280534e-01 5.113918475190835089e-01 4.446367800701409578e-01
2.885947275730906258e-01 3.434711242017313704e-01 2.947499131662542626e-01 3.591607468750049881e-01 4.208786699455231428e-01
4.727063642498841034e-01 3.529621341959741643e-01 6.910382117569568994e-01 6.055572934619838366e-01 3.879940335173159838e-01
2.034977658101978781e-01 2.302214768267129008e-01 1.834003623062832877e-01 2.082714269520118122e-01 2.210956297349184752e-01
4.804724678984691466e-01 4.345609769906053077e-01 5.897722197870666205e-01 5.065305038142617899e-01 4.510906366631388664e-01
4.662685472537434483e-01 4.740512892493122798e-01 7.057114972739644276e-01 6.567514995604448735e-01 8.088370265904814005e-01
2.298680143395079034e-01 1.774496258082743916e-01 1.685735079053959917e-01 1.540048453623378832e-01 1.442475665826350451e-01
5.243002295525451828e-01 4.621721778718802520e-01 6.678821250843949286e-01 5.733562497839995720e-01 4.897729291114956141e-01
5.248048847284056961e-01 4.788702879171520821e-01 9.602385562659235818e-01 9.644497917155017142e-01 6.948011713102459908e-01
6.378029023181177593e-01 8.906801349664250633e-01 5.837904690140980346e-01 6.595821878361616264e-01 8.614152255468070507e-01
2.929585048001541181e-01 3.102310773751116302e-01 3.693833617458101015e-01 3.852627686504710436e-01 4.317203203681856394e-01
7.273503999214665783e-02 6.212633303293482040e-02 3.253320145294907872e-02 2.976545674694354437e-02 3.216167632490396500e-02
8.856644019233584908e-01 9.933183303771155881e-01 8.036558188937135139e-01 8.445305053177217802e-01 9.135835042688995600e-01
1.579734161313739726e-01 1.707822323456842928e-01 2.104351673808562695e-01 2.483798704602425134e-01 4.207105087116360664e-01
9.615536074490218521e-01 8.622280473716235072e-01 7.513483271408071262e-01 6.858905102375590923e-01 6.778487437404692173e-01
6.617912087092749779e-03 6.617897606757183748e-03 7.112571744636374087e-03 7.012874080185837675e-03 6.941809318959712982e-03
1.072723502388656242e-01 9.106800912527876490e-02 1.467832777409015244e-01 9.825246413849678118e-02 8.825894701294600964e-02
8.374225798122282294e-01 5.751578802118145761e-01 7.874921009696752572e-01 4.740528335602003929e-01 4.475598437711596489e-01
6.015447495833975422e-02 5.467783317522485753e-02 4.668796187165152878e-02 4.196712438180922461e-02 4.160001757554709911e-02
9.797428882641058268e-01 9.744886528121989855e-01 9.422032981870291923e-01 9.906919890373242499e-01 9.380883402191102505e-01
9.897094770607128833e-01 9.474324009560628479e-01 9.542302290992107361e-01 9.003525279659568836e-01 9.135602961760014296e-01
6.137763062077377096e-01 5.349719971055156842e-01 7.128867612983698088e-01 6.152949254979801497e-01 5.491809954401105642e-01
6.175901099882677991e-01 6.182861859979045249e-01 7.767249142261253292e-01 8.327531086854664810e-01 8.981917048804461956e-01
7.723912862578363736e-01 8.609354442923342621e-01 8.704615836403682971e-01 9.275443640247789112e-01 9.535654797218739986e-01
2.950932907508931578e-03 4.128168050215022013e-03 1.747089491730318203e-03 1.801563364695301251e-03 1.982308691367506981e-03
3.299668886994621686e-01 3.578538436395831135e-01 3.664389505505507572e-01 5.317755689579102274e-01 4.279688445385545492e-01
3.438623529648212052e-01 4.689861195146029504e-01 2.294370641924368126e-01 2.392792423137958813e-01 2.618932845070958138e-01
4.515724404928875835e-01 4.776600522397058124e-01 4.513881868823496069e-01 5.389665968598462698e-01 4.819215387105941772e-01
3.175601087022856817e-01 2.808642363474003756e-01 4.384401146581333730e-01 3.673705547029501028e-01 3.332019022200256586e-01
7.660652480237598386e-03 6.064798877321774841e-03 6.822452062367486726e-03 6.222371570928332367e-03 5.260592792183160782e-03
4.052373981756436927e-01 2.852868928013242433e-01 1.953715870647874941e-01 1.867435740137887434e-01 1.772245636675506830e-01
6.884239355728851706e-01 6.578194871024299895e-01 7.646374366993324845e-01 7.469376877668340020e-01 6.978056423831731081e-01
5.424291349524767991e-01 4.695419802116923003e-01 5.264421784625615830e-01 5.893307161668377425e-01 4.416380964685231447e-01
6.675108113684100064e-02 7.367284210832075741e-02 7.290333767364108597e-02 7.216720450998553860e-02 8.121629967354238033e-02
9.366319854234987918e-01 9.084105562175618376e-01 8.615472099060390576e-01 8.517566842180680498e-01 8.417054414749145508e-01
1.414572504880297898e-01 1.420914193715308860e-01 1.779064507954225549e-01 1.833186383197416003e-01 1.768208374269306660e-01
5.352211151818958568e-01 6.892184596113251072e-01 5.101662175729794191e-01 6.034116507504239113e-01 7.922701302450150251e-01
7.990967369793711139e-01 9.318852876413638020e-01 3.855555096046375252e-01 3.560748578385783958e-01 4.355536689981818199e-01
8.900411006078023934e-01 7.005475574187159937e-01 8.539310438630902667e-01 8.241063139258579806e-01 6.605906898621469736e-01
5.643235676276766588e-01 5.441946378674320517e-01 9.791575343798074593e-01 8.355716293511225023e-01 7.547987271100282669e-01
3.516435480370419531e-01 3.404556758373761260e-01 7.098963558406634622e-01 5.438059209146414164e-01 4.778698540758341551e-01
5.136546341321820419e-01 4.947223366653563104e-01 7.807413995312766364e-01 9.186030344307186679e-01 6.848625626880675554e-01
6.633030739763019490e-01 6.938398148119624409e-01 6.686939600400156891e-01 7.338137725615788698e-01 7.120635986793786287e-01
4.480025307227336606e-02 8.905299002370521688e-02 3.105489032079958300e-02 3.296018266940783925e-02 3.986359364353120327e-02
3.418198329362834298e-01 2.779857175842316841e-01 3.691299046587455668e-01 2.871350977638836288e-01 2.561236552428454161e-01
3.648659034593932371e-01 4.213860472198572293e-01 4.711382653203980420e-01 7.135344794000052504e-01 8.210163270123302937e-01
3.100756011161377723e-02 3.231554319970499772e-02 5.095580802749317961e-02 7.062518014929565491e-02 5.605549202300608158e-02
1.531499868847858714e-01 1.591020891694037154e-01 2.229332436786289895e-01 2.946114091774192922e-01 3.287788322195410728e-01
8.141305218187884218e-01 8.860583918467754838e-01 8.217808604462631950e-01 8.079479608751793940e-01 8.746414023917168379e-01
6.735967303643144444e-01 5.424610236407022557e-01 3.598880769710314231e-01 3.227018250123245835e-01 3.388865487650036812e-01
1.645121295001918671e-01 1.457215259996703927e-01 5.176174444930105034e-01 3.724235410817934855e-01 2.319238700438290834e-01
4.901491931531056223e-01 3.867868552962480111e-01 8.490364876374320025e-01 5.388901445233639231e-01 4.109732687938958406e-01
6.816569595000373516e-01 6.116286934897720018e-01 5.145674514684631662e-01 5.570458490654536243e-01 4.802051470614969730e-01
4.909036714094300313e-01 3.787697905434625478e-01 4.765882217232282336e-01 5.097458768169874643e-01 3.593997478019446135e-01
1.340705280213145001e-01 1.118234781761059810e-01 4.001653395327580132e-01 3.664893288578154329e-01 1.552819672506302595e-01
8.009509674120912637e-01 8.754260422652714313e-01 7.239947640341317658e-01 6.841604952620352620e-01 7.763322433456778526e-01
2.726368313269724175e-01 2.973479634317000020e-01 3.470026271454195732e-01 4.075698374639195598e-01 4.674619943834841251e-01
7.337922367515060662e-01 6.407047691710960891e-01 7.825422908832714297e-01 7.809725831924654305e-01 6.543456423096358776e-01
3.251905819601171727e-02 3.145043881396727969e-02 3.824955978313165222e-02 3.511923362340024779e-02 3.622832475230097771e-02
1.233022833705466614e-01 1.604814212431895371e-01 1.381018144009396598e-01 2.205061023205569237e-01 2.692229042295366526e-01
7.664736120351069160e-02 1.093027540440864448e-01 7.255584699920103464e-02 9.524190779967635356e-02 1.230747946538031101e-01
9.480806017496754556e-01 8.219591881088073038e-01 9.956954973650743446e-01 9.129760402182092172e-01 8.484898041933774948e-01
8.088228004105004754e-01 9.396007134364531277e-01 7.178445082963491597e-01 7.761372233826894229e-01 8.536336568649858236e-01
6.365695488314518924e-01 6.252170123585867323e-01 8.129190286359228024e-01 8.423930659945927379e-01 7.437887855339795351e-01
6.563179887825695280e-01 7.832658063614883481e-01 6.455494112870093781e-01 7.948971771904285166e-01 8.183160831686109304e-01
5.340903194767117057e-01 5.223608293802425306e-01 5.334121331481582740e-01 6.766627197005400385e-01 5.227045852225273848e-01
5.316481192729337613e-01 4.640651522704757892e-01 4.729865214882994495e-01 3.860127005682576495e-01 3.800446314271539450e-01
5.025294039978250860e-01 7.040391968416315205e-01 3.689677717745290519e-01 3.921709875490305142e-01 4.372824493329972029e-01
5.647586304178009442e-01 6.987488980570778496e-01 4.511217221559810642e-01 5.024677608191776557e-01 5.463114790618419647e-01
9.393624845838151050e-01 9.106436644205273545e-01 8.645926023023456919e-01 9.501260833157101349e-01 8.377277560066431761e-01
9.861900164465287055e-01 9.231408303081525268e-01 9.485291059778480083e-01 9.216084419193985022e-01 8.853254045825451612e-01
7.496412747545369015e-01 7.440680527753773532e-01 7.970634920537009727e-01 7.470682224654380255e-01 8.112227781675755978e-01
8.062626174804624624e-01 6.918175515061448788e-01 9.542156140819036958e-01 7.159136583267990961e-01 8.031257421243935823e-01
3.946687849244556734e-01 4.177031485260779275e-01 4.485881233067736673e-01 4.375351511709321128e-01 4.938938568811863661e-01
9.119559232115455050e-01 9.421101128795801305e-01 9.510333182722247036e-01 9.895365699195836084e-01 9.739308315329253674e-01
7.388326656420227123e-02 6.606314784286745900e-02 9.678729990126512528e-02 1.086020150827937264e-01 7.699496624991297722e-02
8.319773662756565491e-01 8.446543258937587728e-01 7.637873537903697718e-01 7.346825548169609865e-01 7.650107829831540585e-01
5.837062978784642864e-01 5.970370433990090930e-01 6.677149067407822658e-01 7.328355260875540900e-01 6.813700022175908089e-01
1.213404420809203466e-01 2.307843613107845304e-01 8.478620971095686409e-02 8.612398302483209589e-02 1.462698080576956272e-01
6.516098977819846372e-01 5.868590844477667989e-01 4.279831840571376445e-01 3.965788276470847973e-01 3.979108107741922140e-01
6.541499966229123997e-01 4.134692393620771345e-01 1.841304093347713444e-01 1.877955575562345047e-01 1.798316354397684336e-01
2.192984369792163324e-01 2.161026359257010865e-01 3.354641352903695029e-01 3.480503872312947222e-01 3.313019541092216969e-01
4.866356576534317524e-01 2.096217473290088729e-01 1.555455283524300736e-01 1.103888071611213301e-01 1.690253822598606348e-01
2.874188697169517415e-01 2.753578817470098694e-01 4.152230763416672743e-01 5.196029098581856909e-01 3.732078694738447666e-01
9.651150727919001193e-01 8.237561781744542344e-01 9.708033193465009925e-01 9.777985757269206379e-01 8.337138465140014887e-01
7.339492660802834356e-01 7.639970149496564389e-01 7.423207535720028893e-01 7.397507702147967379e-01 7.502712628338485956e-01
4.951656991614974967e-01 6.146979092618336526e-01 5.653939524620639201e-01 8.611560421981592217e-01 9.429709804244339466e-01
4.235404800362845279e-01 4.398342058041607161e-01 4.229813331986053138e-01 4.072819167197991863e-01 5.052921713795512915e-01
4.396563017335721746e-01 5.891350167001754290e-01 4.464255073677568797e-01 6.613677392287009571e-01 9.529835649300366640e-01
6.108749207104856582e-01 5.753979333362088111e-01 8.186375273074036896e-01 9.451575138295573719e-01 7.115471281576901674e-01
6.886713151085763762e-01 6.404026792247567990e-01 9.558609495181653593e-01 8.825852054590095364e-01 8.189544973429292440e-01
7.916819974607859356e-01 5.175964592789341623e-01 8.287014180366134575e-01 6.251812100399830596e-01 4.985577315092086792e-01
9.786090454244570358e-01 9.225063560315771571e-01 9.962600874510445514e-01 9.818439917194956568e-01 9.918879230972379446e-01
2.741466568503310719e-01 3.633034929081183084e-01 2.110736510612515049e-01 2.333077804373195341e-01 2.522736790124326944e-01
3.545556751461565459e-01 3.058570593842957486e-01 4.524137259864995375e-01 4.600092349565170213e-01 3.373692557215690613e-01
4.060186360026137309e-01 4.414648086073091893e-01 5.429667609836651421e-01 9.281395522316141511e-01 7.389366892166435719e-01
4.725677479910225104e-02 5.273107913350268128e-02 3.548877397431290937e-02 3.474787967834168378e-02 4.432193259708583355e-02
5.056138646801896508e-01 6.284224575361030407e-01 4.706416513652824096e-01 5.198216557373888103e-01 6.259746884461492300e-01
5.288998482856688277e-01 3.371884295218858796e-01 4.193841305498399175e-01 3.520882946302002492e-01 2.907286854460835457e-01
7.445449410193941686e-01 7.029975246255624199e-01 8.651144439102641526e-01 7.829725512969002432e-01 8.501516652759164572e-01
6.907205422458996269e-01 8.314454780921674004e-01 6.472387596535549292e-01 6.850213375315574726e-01 8.597540874034166336e-01
9.361388017852323440e-01 8.169224025990464710e-01 9.295998351692974504e-01 7.459496993775059925e-01 7.389189563691616058e-01
7.691543344353632961e-01 7.624599594129684021e-01 4.921113707257381842e-01 4.342478280805154855e-01 4.933060954790562391e-01
3.579934384320695995e-02 3.918127225302089900e-02 2.767616799740744982e-02 2.951568613716372413e-02 3.035570145584642887e-02
5.364316708875324080e-01 5.926518861099764335e-01 5.681195089929040876e-01 6.827871693188859448e-01 6.845491980202496052e-01
2.110183478005095425e-01 1.665485806132108726e-01 2.730264300777540676e-01 2.225077641754478752e-01 1.697595838923007250e-01
3.483157330226142601e-01 3.442937400951690541e-01 5.572004598562835254e-01 8.182806733160763457e-01 5.196363546419888735e-01
8.304251418286255904e-01 8.285558941853975456e-01 9.406750094550960783e-01 9.004446736556043218e-01 9.756174145732074976e-01
4.232269077322323159e-01 4.390932424451322591e-01 2.746026152827121813e-01 2.754846911409501442e-01 2.820203478913754225e-01
9.457033721475180954e-01 9.335369471260186458e-01 8.840041804383217405e-01 9.279149444647017964e-01 8.857313948683440685e-01
3.294333560084298784e-01 3.147224674362141816e-01 2.882540528306702932e-01 2.484725387484623960e-01 2.713522445410490036e-01
6.910695912541907626e-01 8.458664752978907186e-01 7.458987892140159781e-01 9.030262958681654073e-01 9.932091056834906340e-01
1.571451730702617400e-01 1.672966590394907305e-01 1.447014003371743240e-01 1.517843344092371372e-01 1.554736024700105190e-01
4.293163926486280868e-01 2.725216301593910706e-01 4.019769030441216473e-01 2.836506120372399020e-01 2.342721328604966402e-01
1.215196037616904021e-02 1.113374830151756326e-02 8.858283313064123018e-03 9.625939864864950513e-03 8.367280708625912666e-03
1.358656654822901211e-01 1.118314412388352747e-01 5.789410069605762654e-01 3.791539417229325415e-01 1.509618503041565418e-01
5.918216507779336388e-02 2.509942680006682636e-02 1.493359569417618792e-02 1.260684830652627347e-02 1.408102433197200298e-02
5.097685678423291566e-01 4.860180613693811935e-01 4.614086086778488305e-01 4.327675493395582995e-01 4.785256248433142900e-01
9.385300483555942819e-01 9.428702690102657158e-01 8.536732074945463378e-01 8.663581018851329585e-01 8.677943996153771877e-01
2.112413155605581960e-01 1.719322274972236997e-01 2.922260051734079656e-01 4.991949937182687536e-01 1.957194940187036991e-01
3.161253309138022938e-01 4.024598262366372858e-01 3.702839573650098526e-01 6.697544276263133201e-01 9.052576853428035975e-01
9.227249224590422516e-01 9.619088720778049550e-01 7.039978592732717422e-01 6.950947055931748775e-01 7.317511497531086206e-01
1.534069124390679828e-01 1.754718374745459775e-01 2.196066488805271666e-01 4.940181786763451210e-01 7.513575011398643255e-01
2.010556392510623458e-01 2.351826131866508185e-01 1.898966287011056575e-01 2.406510045169159284e-01 2.237756566610187292e-01
8.758227254229770942e-02 7.651643124842397170e-02 3.367762706372527948e-01 1.374697591292957932e-01 1.013431292958557606e-01
4.458906155338804855e-01 5.607488798408106767e-01 4.532032087211184668e-01 4.972073649992352351e-01 7.510964490938931704e-01
1.217390503419347736e-01 1.376812902610546341e-01 1.496151382765438242e-01 1.720080026256272376e-01 2.733405630569905043e-01
5.476646164473099043e-01 6.768346656586149424e-01 4.438391904126600118e-01 4.657332276984595953e-01 8.175590634346008301e-01
9.143608767147193284e-01 9.973156684010610062e-01 8.320257001451818457e-01 8.287273275623460167e-01 9.239158444106578827e-01
5.101859529625756284e-01 4.538935515398917486e-01 4.975678482842175177e-01 4.557855301810520010e-01 4.424802933353930712e-01
8.488511587420588533e-02 1.160045364784506733e-01 6.973551602526377458e-02 7.974989288938418019e-02 8.517529605887830257e-02
8.094238203006318688e-01 7.683638354705721873e-01 9.614102542151575781e-01 9.427500757064199988e-01 8.994211854878813028e-01
8.892637484556641381e-01 9.345846957873836791e-01 7.457185024473490520e-01 7.961618221494144443e-01 8.127259775064885616e-01
3.305661142216204662e-01 3.402864486171149894e-01 2.181868994472239975e-01 2.267098993490824499e-01 2.256356570869684219e-01
8.782906949169588806e-01 8.667622950721360908e-01 8.660415333365107937e-01 8.512558107410020947e-01 9.141111366916447878e-01
7.363756310635632962e-01 7.412116463858555715e-01 6.081557156495132066e-01 6.712857017546881577e-01 6.012466498650610447e-01
5.139909536454192462e-01 7.983086838688050468e-01 4.872888203391214645e-01 7.756201182244167880e-01 7.271767321508377790e-01
8.483134464752314363e-01 9.531203979682537630e-01 7.944597133576971615e-01 8.672168453522693943e-01 9.209634819999337196e-01
3.265922368336474646e-01 3.339577873042109402e-01 4.502632305655896450e-01 5.677101904132006993e-01 4.881501533091068268e-01
7.988566477597556226e-01 7.725278354714737450e-01 8.325367633953628665e-01 9.266970279316472103e-01 8.031919500790536404e-01
8.008004316694689040e-01 7.913237745168613113e-01 8.952545635270232616e-01 9.019206155998495955e-01 9.496062302496284246e-01
9.143929148026851139e-02 8.857179045433133391e-02 1.591116117609273350e-01 2.390270788814317093e-01 1.460547470487654209e-01
5.862996213618035801e-01 5.440527946158747463e-01 6.331422846156948836e-01 4.599684155971984767e-01 4.556742107961326838e-01
7.850468310296741803e-02 9.961877757904308295e-02 7.750847381350400855e-02 9.762007209997744517e-02 1.199043868109583855e-01
8.212117941402723442e-01 6.848058493650621692e-01 7.546833578344027682e-01 7.300760637255377938e-01 6.216574253048747778e-01
5.636182932313249516e-01 7.210089006050530713e-01 5.882272450510914741e-01 8.315914898721963322e-01 9.072864179033786058e-01
9.751733549142276303e-01 9.982481273871316452e-01 9.762970657250412687e-01 9.886466710764475474e-01 9.874215268064290285e-01
2.598707638125224983e-01 2.608299133935818026e-01 2.267637613795283891e-01 2.185977751617793063e-01 2.184912709053605795e-01
3.117160729270381236e-01 2.755514002229682013e-01 3.127529301027285324e-01 3.303730673698638265e-01 2.710698028095066547e-01
1.684809310205650779e-01 8.685863309359383166e-02 1.472440746559842140e-01 1.140369700196945113e-01 7.880457304418087006e-02
5.697716637307181919e-01 5.213449404329627557e-01 9.484996528006187644e-01 7.384321059471198323e-01 8.326170970685780048e-01
2.533412771499619076e-01 2.288944354783828405e-01 1.286545093587109501e-01 1.093349599097792890e-01 1.285234594251960516e-01
9.573608050936156522e-01 9.747744816094083831e-01 8.392846640839884964e-01 8.171957791403917648e-01 8.776817400939762592e-01
5.109709066732105558e-03 3.321999295199260828e-03 1.184567330657346033e-02 4.491409625105783135e-03 3.278819145634770393e-03
4.798892756774537083e-01 4.435100392174386452e-01 5.189411303454040114e-01 5.283477426068982075e-01 4.571961921174079180e-01
1.173876629106565261e-01 1.207441420028672746e-01 1.578549891774161107e-01 1.459927337886386400e-01 1.440428644418716431e-01
1.181046027508250440e-01 1.219810423126018728e-01 2.045769426166414162e-01 4.685537792029360049e-01 3.529026827309280634e-01
8.558026349160101631e-01 7.987370411078122956e-01 9.012651152157749035e-01 9.784566594741029855e-01 8.385959526058286428e-01
5.224532590773846019e-01 5.180518253299096765e-01 2.502149326724397160e-01 2.290086694908437803e-01 2.474438745994120836e-01
4.379171709332866924e-01 3.847041036680374781e-01 8.511430042738489243e-01 6.814349010684338515e-01 5.026213210076093674e-01
2.629305995052920800e-02 2.426228266188683660e-02 4.742255340333793867e-02 6.490042122956232729e-02 3.921598615124821663e-02
7.400817028190516123e-01 5.436923863414102609e-01 9.793321996094247472e-01 6.973461915937567701e-01 5.655392562039196491e-01
1.993878622926131827e-01 9.468835200076360092e-02 1.858684553772981807e-01 1.331225313668751020e-01 8.758639404550194740e-02
5.331575805639937604e-01 5.032561448962614703e-01 5.549942475897868821e-01 4.318872501837713873e-01 4.895532778464257717e-01
1.047625162554748773e-01 1.438152508073082536e-01 8.124041367042195150e-02 8.755679043365517666e-02 1.092866270337253809e-01
6.690308179389590215e-01 6.683089681712442998e-01 8.334016182384869076e-01 8.944272463783463634e-01 7.819382415618747473e-01
7.789574108025880683e-01 7.519960548685985513e-01 6.809409661947893877e-01 5.702017960780745298e-01 6.109372903592884541e-01
1.694181233385317342e-01 1.547265936653264562e-01 1.506451820900899519e-01 1.387913654961767662e-01 1.341536887921392918e-01
3.467223421628756186e-01 4.091300975149029240e-01 3.531850745478647968e-01 4.721392218872099700e-01 4.629746936261653900e-01
1.800121569089389584e-01 1.821111100604357880e-01 1.587570746488395079e-01 1.278558003168712709e-01 1.745397450868040323e-01
9.633447113759032732e-01 8.799928822087320635e-01 8.448316006646274801e-01 7.542978231426021862e-01 7.635877081193029881e-01
5.984646925854598676e-01 3.959838448346208462e-01 6.181728232565049108e-01 3.747610365566290125e-01 3.272402340080589056e-01
4.511544300707859279e-01 3.043981669038637872e-01 3.165674672220369912e-01 2.930903152417496105e-01 2.448293676134198904e-01
6.252456926461502640e-02 5.318820378737422472e-02 5.960825488366161551e-02 5.168413600835868038e-02 4.596876376308500767e-02
5.921184791802555081e-01 9.454971054636984729e-01 5.108572948011177450e-01 6.188492836529759789e-01 7.633545252028852701e-01
1.188710117252471943e-01 1.325603206211793395e-01 1.613494429355733506e-01 1.884029922340688945e-01 3.301045703701674938e-01
8.442017573514180029e-01 8.493002685081831871e-01 9.128712132680734115e-01 9.017093031571982165e-01 9.453252903185784817e-01
9.384570641103832100e-01 8.710935069163165956e-01 9.289272272394686336e-01 8.104808588499018418e-01 7.913988968357443810e-01
1.733660656453146487e-01 2.187973091297797379e-01 1.871678203290307596e-01 2.227982371914567772e-01 3.280189477372914553e-01
6.610167122243116866e-01 6.570181889487604066e-01 9.614714466477546351e-01 7.922941185978067402e-01 7.943550494965165854e-01
3.208952065679200605e-02 2.906639267870724311e-02 3.289938512975440488e-02 3.163402864267834264e-02 2.924561081454157829e-02
6.435271789744559379e-02 4.170062189578242762e-02 5.166319026362134470e-02 4.120322520660618659e-02 3.524128487333655357e-02
3.329884851605022789e-01 3.346106251950953792e-01 4.207184709251945431e-01 4.751973849260933136e-01 4.156726747751235962e-01
3.218991019427416278e-01 3.043282621081263017e-01 5.167068564292861543e-01 4.668884170617344509e-01 4.292408328037708998e-01
3.202040628602846606e-02 3.639075247948016234e-02 2.975485082041090870e-02 3.127024503924178550e-02 3.414229396730661392e-02
3.507826585846799960e-01 3.073543859245891352e-01 3.415160311464672249e-01 3.522747984891713702e-01 2.862122815568000078e-01
5.087663950456340345e-01 6.159376732559967982e-01 2.925352093555210198e-01 2.653040293377617598e-01 3.392624966800212860e-01
3.064154202750337119e-01 3.806284430967606935e-01 3.351360038667783314e-01 6.174808448456782228e-01 4.970228290185332298e-01
6.844578285186497801e-02 8.657902606725660644e-02 7.289444869537328731e-02 8.519575319455872930e-02 1.969411820173263550e-01
1.094310648778496625e-01 1.019823587699881934e-01 2.708844818620449457e-01 1.496142202700770918e-01 1.357605291996151209e-01
9.039203696165768465e-01 9.370265787597504836e-01 9.138745539419770303e-01 8.854178271532817668e-01 9.390637916512787342e-01
7.402677825349933682e-01 6.434880525170574295e-01 9.387894301728914037e-01 7.647898800814635356e-01 6.879726413171738386e-01
5.221171309357329759e-01 4.177781718257975174e-01 7.224726425903296168e-01 6.552305343927127268e-01 4.618782044854015112e-01
9.323868266162660401e-02 1.027022764236299596e-01 1.198870396935228372e-01 3.860360547586774715e-01 1.592211725655943155e-01
8.982323725932136460e-01 7.701242925912230586e-01 8.490870156186751672e-01 8.854739583783450829e-01 7.314312711823731661e-01
5.898914304198558112e-01 5.731641476632680643e-01 9.280282667138476382e-01 8.071118186410265460e-01 7.362943599000573158e-01
1.528979694348206186e-01 1.763104617154866716e-01 2.132043968946057133e-01 7.881961989714368899e-01 3.927041578572243452e-01
9.124750483983788962e-01 8.088894297873077122e-01 9.614723868390472328e-01 8.964316470691706673e-01 8.170960643328726292e-01
6.195461839468594523e-01 6.549386647707361453e-01 9.069466633196862082e-01 9.645672496355089942e-01 9.798517627641558647e-01
6.402568067241585226e-01 5.704576284265906461e-01 8.458911659436828545e-01 9.387215714010854750e-01 6.478626462630927563e-01
5.128399463780894951e-01 5.535806934592221173e-01 4.882720905346416007e-01 4.985433687420328663e-01 5.581681637559086084e-01
9.893204350153942395e-01 7.854663223357021273e-01 9.959715181092740899e-01 8.401148037838502836e-01 7.359121066983789206e-01
9.500597697627991556e-01 9.058526478910268187e-01 9.795942779078988805e-01 9.827749276990944693e-01 9.292455308604985476e-01
4.951145128192446093e-02 4.585392885981123823e-02 4.903323137489519479e-02 3.661725387833016793e-02 3.723685815930366516e-02
1.418508840909660507e-01 1.553917780345144273e-01 1.861186782443292886e-01 1.986444075664509090e-01 2.151311056222766638e-01
8.682523380941065128e-01 7.446822020918222318e-01 5.321582479729281001e-01 5.456205731718934970e-01 5.047607913147658110e-01
5.157800581717945088e-01 4.352171410898095227e-01 4.124230706230805343e-01 3.190458284150471946e-01 3.760837819427251816e-01
6.904772903884337509e-01 9.998461647626799564e-01 5.820662604639865734e-01 6.839229718411681258e-01 8.036446366459131241e-01
8.043463299678997869e-01 7.049850481926198675e-01 9.240510620713902057e-01 6.970166761036369341e-01 6.594288500491529703e-01
8.162612037747933869e-01 8.546795933871919049e-01 7.881858264398972080e-01 7.369744440020146170e-01 8.252669621724635363e-01
2.834439472840954988e-01 2.751158386152980917e-01 6.736435715728678053e-01 5.177352151059041452e-01 4.415787297766655684e-01
9.370343189468091638e-02 8.454733376577730497e-02 6.889170366957093894e-02 6.323457361386501663e-02 6.433303700760006905e-02
2.154848569322296570e-01 2.130135283369511690e-01 2.416763469542357046e-01 2.734940327196681009e-01 2.437317394651472569e-01
9.961087345240392243e-02 9.752589006896257573e-02 8.532852204007683461e-02 7.960931186505386392e-02 7.890812424011528492e-02
6.431090957032606359e-02 7.042929248680940280e-02 4.833966025316264320e-02 5.295649750306704456e-02 5.143280257470905781e-02
7.843923167669769603e-01 7.248487937160227323e-01 7.632773630248245178e-01 6.296736428725288048e-01 7.306720302440226078e-01
7.342125240447984202e-01 6.761707616572499857e-01 4.488045231354284015e-01 4.733698468010653082e-01 4.320893541444092989e-01
5.913746924990407328e-01 5.059064087822205957e-01 4.248320044738693180e-01 4.280298434162743693e-01 3.852432898711413145e-01
3.078445749287264666e-01 3.058558263777197972e-01 2.882264376010166829e-01 2.909259437268732484e-01 2.828948325477540493e-01
6.128864398715748729e-01 5.252043366552459069e-01 9.194423386998277214e-01 7.162855636384246605e-01 6.004004499409347773e-01
1.715882438755450545e-01 1.510619126126507006e-01 1.218577426601098607e-01 1.264437437413975518e-01 1.184543659910559654e-01
3.229919198348369935e-01 3.502959837605066351e-01 2.305210146515582204e-01 2.340794469582052340e-01 2.376246531493961811e-01
7.156057540768119285e-01 9.873686427515300235e-01 5.425967626718384285e-01 4.968400512452649243e-01 6.817783010192215443e-01
6.096166563873104405e-01 6.003834445515243701e-01 7.517037397409304100e-01 8.147164087913935093e-01 7.414186291862279177e-01
7.627386458872162933e-01 8.601689436551400725e-01 7.293319079342343025e-01 7.548663747800432589e-01 9.045080665964633226e-01
6.242889557292073954e-01 7.655168671995844498e-01 3.799074249960273653e-01 3.625900994754298057e-01 3.935154592618346214e-01
2.090919304141560242e-01 1.947641828482970794e-01 3.246074374947728325e-01 2.419302534859648079e-01 2.258271181490272284e-01
1.757216662844567068e-02 1.580583198554623078e-02 2.349470693905410246e-02 2.925664944829294012e-02 1.848137099295854568e-02
7.204676872663834386e-01 6.794594571492282853e-01 8.926516070166470307e-01 9.129837532394471378e-01 8.278901604935526848e-01
7.611879661784159978e-01 6.899361152498731942e-01 8.449690253742757617e-01 8.540696452307936504e-01 7.368904615286737680e-01
8.411598932100798898e-01 4.620207115291204425e-01 5.424950794556776534e-01 4.396949099256827198e-01 3.728925301693379879e-01
6.462382170720423202e-01 6.107849815302462959e-01 8.139493490953653154e-01 7.000680383809051444e-01 8.122351015917956829e-01
4.106848239635048081e-01 4.215408046515002893e-01 3.643980561727542811e-01 3.712053608734345866e-01 4.230955368839204311e-01
4.436724300722526548e-01 4.767205787418729024e-01 4.183526529611374389e-01 4.403993937595422348e-01 4.722551086451858282e-01
2.797519836217039757e-02 2.583378291409551761e-02 3.435898847935454914e-02 3.712306077979875274e-02 2.884189086034893990e-02
8.826903204913484347e-01 7.791624741095127815e-01 4.571807888821850518e-01 3.578742881351255067e-01 4.747203069273382425e-01
9.139207151925201611e-01 8.307598915536573703e-01 9.159103323579691480e-01 8.744718288176334120e-01 8.333147540688514709e-01
1.411397820508724088e-01 1.344273357657836399e-01 1.148198445347055896e-01 1.183625448944480574e-01 1.100289365276694298e-01
7.800725851154912682e-01 8.041463230306646892e-01 6.690065845175018344e-01 6.214242572743129411e-01 9.015184561721980572e-01
3.115374146474405269e-03 3.416262811553395437e-03 3.231290333829817899e-03 3.457295704811913679e-03 4.730657208710908890e-03
5.810471691057662591e-01 8.545903107350915073e-01 4.492649140439335387e-01 5.118952790422889310e-01 5.498201681766659021e-01
6.243430051050700147e-01 8.833573327540279463e-01 6.211954682375455672e-01 9.471810278585127696e-01 8.880924191325902939e-01
2.955342883762624995e-01 2.943334224666145360e-01 3.592972956169909748e-01 4.271003449053213386e-01 3.704003398306667805e-01
9.794079105359625170e-02 1.005087014022613967e-01 1.151976455248761994e-01 1.365078589646295526e-01 1.274848852772265673e-01
6.292802653461041507e-01 7.928226344439859297e-01 4.153616329950359787e-01 4.237595913209401544e-01 4.817445268854498863e-01
9.073050285201346155e-01 8.361814944702218311e-01 9.755265301687785495e-01 8.872101767559515961e-01 8.817524225451052189e-01
9.127034249968734025e-01 8.354756142679509168e-01 7.376038891606021553e-01 7.227390038043932652e-01 6.822740891948342323e-01
9.946331145736574397e-01 9.731095839660165447e-01 7.526199208865154144e-01 6.445695889490001829e-01 7.812804006971418858e-01
9.056210597454882327e-01 9.804086217407732562e-01 7.343300269192936103e-01 7.370124610406667554e-01 8.432768303900957108e-01
3.137889463852374106e-01 3.716789316872753934e-01 2.111739666827414930e-01 2.106763970604447755e-01 2.325193360447883606e-01
8.552779273958081019e-01 9.936987062215431044e-01 7.959836691314233770e-01 8.114734233176968958e-01 9.513979728799313307e-01
2.017212461930963929e-01 2.203536462016512099e-01 1.536178417836721322e-01 1.562502998382903352e-01 1.696447012946009636e-01
5.858832966702963718e-01 4.227504241183922540e-01 6.708803938960871127e-01 7.792639361282472921e-01 4.372815138194710016e-01
3.814661111307781627e-01 3.885271672722114267e-01 5.733032977171487188e-01 5.987688910646301599e-01 5.663700152654200792e-01
6.638617521210036232e-01 6.781309959776495866e-01 7.415491649318441958e-01 7.621541117311810831e-01 7.449898028280586004e-01
5.738527766674023090e-01 6.440509978335041685e-01 6.642227881959441582e-01 8.263827165929615859e-01 9.390417623799294233e-01
1.587310276158519495e-01 1.478829691487998643e-01 2.598240164675718611e-01 2.706769341172614030e-01 1.963426810689270496e-01
5.217987051427619427e-01 3.794233445696149620e-01 4.216797419407570247e-01 4.301645572274747642e-01 3.346552455332130194e-01
3.784819695449915256e-01 3.389032313478818059e-01 3.488089846602955846e-01 2.867302857802949134e-01 2.739854713436216116e-01
5.618395809251317541e-01 4.022440973316188662e-01 2.676556093138651726e-01 2.820341572401176555e-01 2.482544025406241417e-01
8.385708242191011186e-01 8.299651615561272067e-01 8.605774468270744881e-01 8.489054877346582373e-01 8.521579841617494822e-01
3.937545942135717847e-01 4.080812876788965093e-01 4.667091869086276157e-01 5.574193367916818742e-01 5.015398713294416666e-01
5.801982225850763619e-01 5.543560036031504046e-01 8.153641036969859757e-01 8.578465206470482496e-01 8.163852193392813206e-01
8.670667462042465079e-01 8.925290190255515954e-01 7.023488254617660242e-01 6.958739215236264819e-01 7.223463868722319603e-01
1.937572804963641482e-02 2.893160579815846553e-02 1.816369319125677242e-02 2.670997732751564588e-02 2.849321113899350166e-02
6.441314496488563801e-01 8.714100308852269494e-01 3.786228313061618111e-01 4.111328667735766884e-01 4.223658761475235224e-01
3.091381346259702845e-01 2.940931615731850468e-01 4.517399553356424291e-01 4.156195351602905985e-01 3.449729010462760925e-01
2.043732689827879034e-01 1.259077788366395334e-01 5.567968683959906295e-02 5.385304544651806080e-02 5.406999704428017139e-02
2.485985847895783862e-01 2.261585512842362589e-01 5.753043334712923951e-01 4.105227026595517081e-01 2.910354093182832003e-01
1.717474542990307107e-01 1.750245317823981295e-01 1.899619799439922208e-01 2.035478382010137977e-01 2.083905211184173822e-01
2.744334406509507662e-01 2.397608743780811069e-01 7.838449827549821558e-01 3.776518585955794816e-01 3.470776441972702742e-01
6.782892363894611476e-01 9.280261979492492319e-01 5.292787965425357344e-01 5.214521731175326691e-01 7.161523308604955673e-01
4.920422245847820286e-01 5.046558337165882868e-01 6.961981298144311880e-01 9.652260780362611481e-01 7.329152785241603851e-01
9.276634012912970961e-01 8.798988947049050102e-01 6.740361015507385645e-01 6.251503452512593428e-01 6.589800512883812189e-01
3.449844196710434487e-03 5.128853823034341258e-03 2.931191504678290569e-03 3.983566021403125816e-03 3.770021488890051842e-03
5.055419662514738510e-01 5.185548307866224560e-01 6.299333836869914771e-01 6.071776242635964493e-01 6.580695088487118483e-01
8.408317291858673492e-01 7.614479592524814322e-01 6.831339232021600427e-01 5.928768523615973729e-01 6.827752024400979280e-01
5.576413188385641595e-01 6.077822289815011381e-01 6.467154132900789776e-01 7.118163015036170771e-01 9.814768191426992416e-01
8.001667266711155468e-01 8.105864464770691225e-01 8.669630134264224575e-01 9.276824530217525622e-01 8.682783634867519140e-01
5.289026194978655587e-02 7.700264832230836742e-02 3.995558550977116458e-02 4.582261224038606390e-02 5.192136042751371861e-02
9.046736865687391438e-01 9.936913096857833416e-01 9.230955081107855564e-01 8.524981721685275238e-01 9.876865516416728497e-01
3.671853584175518992e-02 1.332389086950789281e-01 3.194070239716566978e-02 3.806436399399375226e-02 1.839937390759587288e-01
2.524680360609043439e-01 1.916285128212947553e-01 4.004303579721808504e-01 2.353421286329299700e-01 2.043304194230586290e-01
6.580992622593395680e-01 7.393146261366563277e-01 6.062834399283820730e-01 6.276701817816189299e-01 7.211416531354188919e-01
4.855800815695058281e-01 2.766816025070903406e-01 6.001330782554862298e-01 3.121980766773760907e-01 2.580824906472116709e-01
3.960926042504339661e-01 4.057462539240517252e-01 5.603189123363482294e-01 5.963352402035713151e-01 6.800039506051689386e-01
5.873994319938804498e-01 6.021345934350494922e-01 3.850451278472687422e-01 3.961704425864385759e-01 3.917054308112710714e-01
9.820429179285862509e-02 1.225366736303088178e-01 1.098345420543620082e-01 1.290207428475089457e-01 2.326356673147529364e-01
1.511002081004983455e-01 2.041828344000037598e-01 1.753628931846198946e-01 5.593429392518037835e-01 4.702252880670130253e-01
7.169531332176821703e-01 4.079649637638182447e-01 6.419296632757505172e-01 5.303827875499965705e-01 3.742245638277381659e-01
8.737210903895422653e-01 8.433464972870602372e-01 9.879255209855720699e-01 6.825306563601031273e-01 8.503471578005701303e-01
9.587381085288622373e-02 1.327225094413766182e-01 9.535188906295008482e-02 1.322659389798150897e-01 1.462834705598652363e-01
7.943545345277490677e-01 7.254841874960170633e-01 9.331716107680945171e-01 8.841796029369035637e-01 7.820738994050770998e-01
7.516082985532298588e-01 5.441581281172545026e-01 6.693195504594243728e-01 4.977569860910167066e-01 4.546933900564908981e-01
7.483883716696015931e-01 6.944601316976725114e-01 5.257082742184815416e-01 4.811173971377198377e-01 4.860697223339229822e-01
9.999687485078962990e-01 9.834248482423647575e-01 9.702053777865966566e-01 9.086751398781376388e-01 9.305299171246588230e-01
3.008522547889121990e-01 2.997339453817487454e-01 3.613107671840335988e-01 3.451613894792787685e-01 4.802291390951722860e-01
8.553050223456843959e-01 9.917882149970441708e-01 7.231620769723837716e-01 7.386285564475032484e-01 8.544321719091385603e-01
9.073289483821751489e-01 6.909733034648107841e-01 6.447452383938883091e-01 4.684654845129154199e-01 4.910593675449490547e-01
8.742278383737756009e-01 9.429478044324761665e-01 8.445872658743805994e-01 9.040772832136282355e-01 9.080005800351500511e-01
1.641996740310442959e-01 1.285702531516829117e-01 2.288847796401823897e-01 1.508572046753080542e-01 1.267329396214336157e-01
8.907244287598409249e-01 9.868280689497064273e-01 8.427014478034313694e-01 9.338731094964458634e-01 9.288247807417064905e-01
4.958205347414452735e-01 4.236999590168967766e-01 2.593556355173816663e-01 2.544942425458986968e-01 2.436053724959492683e-01
3.432999980283611974e-01 3.554458453210726510e-01 3.956400312595033109e-01 4.083948832367407245e-01 4.270087433978915215e-01
1.905832409582679798e-01 2.376796395115997607e-01 2.311032028443576747e-01 4.898055877400903091e-01 4.508230111096054316e-01
1.743055296186007963e-02 2.939251775664237717e-02 8.906901513419726926e-03 1.030645801297692780e-02 9.274770040065050125e-03
6.884347807703631306e-01 4.184081959541431917e-01 5.302402671825227065e-01 4.129898776884019518e-01 3.394074202515184879e-01
8.144668895212646698e-01 7.612387943656679923e-01 9.217464269217821027e-01 9.228355848722324950e-01 8.067630454897880554e-01
6.629642485360632831e-01 5.942677641398126376e-01 7.085315346501097622e-01 6.688452915109611707e-01 6.105872814077883959e-01
3.019376992957893413e-01 2.792892457381580540e-01 4.796531571319570530e-01 6.592854515104208390e-01 3.599608959630131721e-01
2.651784801201635955e-01 2.549236078898990954e-01 4.142253391093064785e-01 5.018564657406664464e-01 3.557554888539016247e-01
9.371586569967036567e-03 8.714768945871373754e-03 1.487791488166782805e-02 1.720210787126229615e-02 1.118836854584515095e-02
8.836592958727207403e-01 9.713202271512813013e-01 9.832070057218228465e-01 8.516687201096401205e-01 9.917725166305899620e-01
5.031939870314539043e-01 5.110786872275777659e-01 5.571492489405808213e-01 7.692703665784534905e-01 5.761645594611763954e-01
9.853211494238898194e-01 8.451047867907240940e-01 9.209660528314531636e-01 8.078207635549591314e-01 7.784789795987308025e-01
9.868706990179381133e-01 9.988681956619845925e-01 9.731601522042212515e-01 9.838128747121323014e-01 9.836299023590981960e-01
2.733535353033624687e-02 2.755689295340124981e-02 3.521477461981676466e-02 4.503002848568450622e-02 3.330137231387197971e-02
5.695524514843880448e-01 2.570522190066209522e-01 2.749187273220337069e-01 2.146635796820026698e-01 1.912623387761414051e-01
2.748370747844376405e-01 2.639521665501500247e-01 4.817151087269327392e-01 3.851719387707499553e-01 4.968947791494429111e-01
9.020987945508233616e-03 8.860504982179582406e-03 1.364887594668966718e-02 1.912140258901942266e-02 1.434927852824330330e-02
3.096888212441783472e-01 2.521157886042026397e-01 4.333430311297961079e-01 2.960608784357261491e-01 2.745574973523616791e-01
6.437526977608548640e-01 6.379314215714415592e-01 7.707685425766743759e-01 8.403031896168584591e-01 7.748034873511642218e-01
8.795880767020934909e-01 8.652064810979601672e-01 9.152860941371845360e-01 9.113996874782474000e-01 9.833717183209955692e-01
3.775771423747442124e-01 3.192367816698380989e-01 9.978060646089365049e-01 7.399102404656376919e-01 4.566280895378440619e-01
4.663667400948186548e-01 4.344143368109399383e-01 8.043593051542831107e-01 4.443304988052442783e-01 5.144193326123058796e-01
8.475320295672337245e-01 5.619205665521834758e-01 7.005850851132686685e-01 5.584454434024562763e-01 4.819085870403796434e-01
2.190619250424542808e-01 2.625298192637633421e-01 2.910993735755161294e-01 4.237846613685750108e-01 5.258864930365234613e-01
8.830314746949146087e-01 4.575840973556584701e-01 6.998028382703826988e-01 4.575876574378920369e-01 3.817063600290566683e-01
3.693981978791038845e-01 3.884394026244458731e-01 4.766185511983952461e-01 7.868129441624212017e-01 5.593779955524951220e-01
1.811792539141408032e-01 1.646703731750713551e-01 3.393182126935523346e-01 2.677211301155253964e-01 2.162336062174290419e-01
4.062416641495406600e-01 4.453203037547883714e-01 5.633277552277060618e-01 7.554617464460270382e-01 8.398221896495670080e-01
5.228103325769823950e-01 5.518088366113285126e-01 5.476357926463488734e-01 5.850733273248127642e-01 6.179945473559200764e-01
4.943561826093617606e-01 8.579843480715522164e-01 2.583756975401323985e-01 2.185116170365874189e-01 2.477583256550133228e-01
3.102508716449609016e-01 2.936676492415918882e-01 3.395247822764909107e-01 2.969833996035080026e-01 2.833533440716564655e-01
8.985788103104610514e-01 6.930053582942288237e-01 7.056528722994325209e-01 6.360908031072811664e-01 5.663606913294643164e-01
9.102948928375353965e-02 8.153277909025080650e-02 1.186433745865908135e-01 1.475554809986643068e-01 9.170017368160188198e-02
3.294194963269521659e-01 2.027726339968780600e-01 1.484469974745492582e-01 1.257798206106320593e-01 1.268838322721421719e-01
8.083110411796596839e-01 7.478454309720237170e-01 7.075959793209956050e-01 6.780463362856127274e-01 6.331917741335928440e-01
8.069969866876386400e-01 6.115355405683725598e-01 6.006617157326572531e-01 5.701170243543927096e-01 4.981617338489741087e-01
1.934047227475721095e-02 2.166645230523383744e-02 1.687370865510643206e-02 1.738590569571224834e-02 2.014686097390949726e-02
2.156088415143305181e-01 2.045323660220368378e-01 3.314298339991619824e-01 4.085679053901631330e-01 2.687006013002246618e-01
5.269381982253270591e-01 5.371211273312422874e-01 6.359053440137920621e-01 6.025737034482995247e-01 8.911142910365015268e-01
3.717797391235121984e-01 3.688482155611964575e-01 3.192974026588057956e-01 2.864176120743073262e-01 3.131172286812216043e-01
5.245896879491296350e-01 4.660323318261839765e-01 4.894158003470616691e-01 4.700414144148137296e-01 4.369245574343949556e-01
2.744467769022083253e-02 2.866388162924175115e-02 3.340255343177730984e-02 3.335073623542202104e-02 3.869888558983802795e-02
5.672863964635235234e-01 4.826468525693751177e-01 5.211154257496722897e-01 6.566794414973858851e-01 4.504011550452560186e-01
4.528680422870248745e-02 4.373803791279337605e-02 3.121785838496049514e-02 2.963834217275195318e-02 3.530200943350791931e-02
2.292451983961795448e-01 2.336891640417700922e-01 3.445696009612729815e-01 8.422907416372932277e-01 3.869792975019663572e-01
2.244693925626826680e-01 2.122961907919518887e-01 1.417026484908164574e-01 1.215227019838920064e-01 1.306653483770787716e-01
3.416660031363791261e-02 2.915871117052489317e-02 2.903447833510867937e-02 2.807139204424472650e-02 2.381229097954928875e-02
1.705582151649408795e-01 1.322169687211317002e-01 3.118043259180747762e-01 1.794431264861798270e-01 1.547241278458386660e-01
9.417346562284888423e-01 9.894914726495963597e-01 8.589698221192196836e-01 9.201332670569789540e-01 8.922919414471834898e-01
9.550702130671536727e-01 8.419614390366761958e-01 9.512811047398004316e-01 9.872911121742908858e-01 8.492134348489344120e-01
6.925553090063841788e-01 6.879331368437712202e-01 8.028992992782933991e-01 9.497511692158069341e-01 8.103352859616279602e-01
9.058507373017914421e-01 8.522809190397926393e-01 8.185387524343618049e-01 7.124358656734623985e-01 7.148862357717007399e-01
1.551034408527995033e-02 1.763515799322305788e-02 1.779965167810083557e-02 2.278493393295101879e-02 8.341841120272874832e-02
4.706187268483152386e-01 4.198121625683799429e-01 6.552405682155598710e-01 7.111406620987251737e-01 4.816294407937675714e-01
6.513787295818649348e-01 4.783700118738430374e-01 6.659465572432161640e-01 6.068916455858605064e-01 4.584899502806365490e-01
2.705551715811593261e-01 1.889856046155933555e-01 3.798352781860234728e-01 2.425367763047436565e-01 1.902637875173240900e-01
8.065680334073282998e-01 7.723820316507770123e-01 5.237440892834483996e-01 4.981729601090769122e-01 5.355643569491803646e-01
3.879974289709616775e-01 3.331772463834856701e-01 6.547279949388151721e-01 3.792260003823282877e-01 4.741847370751202106e-01
7.015968332333937241e-01 9.331236901886372781e-01 6.559948064695159120e-01 7.923653534872980853e-01 8.657347548287361860e-01
5.283069931225802263e-01 4.761272913657552674e-01 7.107445891323183051e-01 8.102777020259350760e-01 5.476571421604603529e-01
9.027045745856882020e-01 9.689582704074243269e-01 7.532037624289733557e-01 7.958549945328213804e-01 8.178429976105690002e-01
7.708301053179890394e-02 6.066801415565225425e-02 5.426552361458499701e-02 4.453467276811257786e-02 4.495256906375288963e-02
9.259397240799107642e-01 8.812477505329625593e-01 9.053233495188975910e-01 9.526186963945616482e-01 8.488026582635939121e-01
4.748707557019739567e-01 4.948099830961928403e-01 2.522470804238023390e-01 2.530945732304941131e-01 2.489135095383971930e-01
6.424444793786892038e-01 4.882178859580962871e-01 7.471290775100618564e-01 5.859518512679628977e-01 4.739051824435591698e-01
3.463346720507328169e-01 3.681281370345088066e-01 4.975492436170960708e-01 5.699476316205155380e-01 7.528866212815046310e-01
5.073349974885709157e-01 5.176536453086818534e-01 5.844424688703883097e-01 4.853323671085140179e-01 5.222224229946732521e-01
3.372872306636733319e-01 2.998417432999918031e-01 2.813682364899307564e-01 2.965702469155238052e-01 2.559168613515794277e-01
2.431913714396836124e-01 2.047153740492490548e-01 1.766778780187671927e-01 1.598659259411163713e-01 1.599791902117431164e-01
5.264120945233577986e-01 6.545638780999659678e-01 4.875036269867183414e-01 4.481639438193660840e-01 9.480757305864244699e-01
7.503062336923647102e-01 6.711102481096071770e-01 7.531402684112825652e-01 7.700149592207521376e-01 6.437130789272487164e-01
3.633876284270971535e-01 5.156123778379547717e-01 3.404096377488215475e-01 2.850227803658036962e-01 3.785020031500607729e-01
6.071883867645357924e-01 6.689015022652763376e-01 6.510744264096238743e-01 6.890483945164408430e-01 8.271969128400087357e-01
9.737869471587663472e-01 9.822030477358880685e-01 4.562003100959389212e-01 4.761050353830619253e-01 4.529274364467710257e-01
2.169530455169447342e-02 1.784311591901619962e-02 1.318219179092487703e-02 1.291172976752143556e-02 1.202871231362223625e-02
8.993563784985190157e-01 7.886404784536401591e-01 5.173749537303006241e-01 3.914257136684527461e-01 4.380716460291296244e-01
5.028889888102296979e-01 5.676876512024169319e-01 5.309557444900947498e-01 7.573101103328047090e-01 6.390761476941406727e-01
7.756180772682659263e-01 5.715765254496443237e-01 4.805267598645907579e-01 3.956786624528343399e-01 4.024064440745860338e-01
3.286632127569266149e-01 2.722004986749381183e-01 8.112181415655559391e-01 7.588944862267463787e-01 3.526454393286257982e-01
2.380413948242130762e-01 2.479249025371174364e-01 2.706055520488447330e-01 2.959897951148330875e-01 6.159351968672126532e-01
8.198775054599231060e-01 7.789316865193538497e-01 8.284971019173569262e-01 7.446238287355199104e-01 7.589583981316536665e-01
1.027791969086717383e-01 1.239582130014319078e-01 9.232954875089076363e-02 1.042153853734253816e-01 1.197939997073262930e-01
9.370982918616569401e-01 9.777408584614898368e-01 6.499378014613578225e-01 6.087719506410048664e-01 6.630922020412981510e-01
7.622355564600139521e-01 7.444784344446978563e-01 8.794022002092442003e-01 9.972535521175729389e-01 8.512535810004919767e-01
4.222495704997067389e-01 4.986235847679355015e-01 4.895626824959463108e-01 7.189656898090787118e-01 7.638340203557163477e-01
1.107555371897966934e-01 1.490364607894652249e-01 1.080432402249626306e-01 1.385131588527944713e-01 2.126573261339217424e-01
4.605817628136181785e-01 5.007489771793536271e-01 4.823262294393529381e-01 5.788989716044878886e-01 5.713248997926712036e-01
3.040473482847292908e-01 3.376460099912033108e-01 3.271725756196010026e-01 3.431619444824962617e-01 4.102131612598896027e-01
5.884148012795286098e-01 5.466201479873631364e-01 6.915713268033359951e-01 6.183562453282056559e-01 5.626864952500909567e-01
2.521967475349854992e-01 2.219871572300659568e-01 4.258671075003734319e-01 5.917490520923621711e-01 2.863442874513566494e-01
7.240447455572899260e-01 8.135506087099263484e-01 1.966694362199168378e-01 1.966826553218692930e-01 1.962592517957091331e-01
2.624215796133559930e-01 2.317078759041230340e-01 2.536376811673830556e-01 2.305062958762675862e-01 2.154301174450665712e-01
6.912086506059976765e-01 6.621546331857725010e-01 6.628030402382216746e-01 4.133571798605465974e-01 4.573035456705838442e-01
6.183606835143259373e-01 5.580552694742610953e-01 7.024554468399902829e-01 5.673740645442058028e-01 5.432578672189265490e-01
1.376816599550964026e-01 6.767421833761612382e-02 5.000479708234951276e-02 5.125706831709974515e-02 4.402329679578542709e-02
1.513054761998202102e-01 1.202417425565764364e-01 2.265033118410709756e-01 1.375926871835011223e-01 1.122771536465734243e-01
6.715415922570954210e-01 5.609798844911288995e-01 2.967728468094557592e-01 2.769936094262406279e-01 3.029351015575230122e-01
2.438528583590903187e-01 2.777097442162640983e-01 1.737259156381554259e-01 1.743559692737407518e-01 1.976279988884925842e-01
1.682571169639570929e-01 1.459829992568612012e-01 1.594171895143056961e-01 1.250634974634260432e-01 1.299807254690676928e-01
2.520225515827022589e-01 2.778864749602852346e-01 1.673379108337751942e-01 1.657621714211823249e-01 1.670460815075784922e-01
9.736877266171893586e-02 1.014594405403197730e-01 1.311498840215629125e-01 1.210152141362878936e-01 1.464425616431981325e-01
8.323313177857473433e-02 3.879816063062422327e-01 6.644778707538857854e-02 8.046375839850740397e-02 9.589989390224218369e-02
5.467910829541855477e-01 5.528409307285127028e-01 5.381288939291538620e-01 5.758825876510226260e-01 5.304666128940880299e-01
4.622918905794560218e-01 5.115202786152843739e-01 3.618171145610584727e-01 3.435989006764589848e-01 4.004978116136044264e-01
5.966814851434638911e-02 6.178593688544047752e-02 6.744946004623414426e-02 7.495244998869042552e-02 1.192936627194285393e-01
8.948014567065389890e-01 9.616659679345328504e-01 6.432247369624336519e-01 6.366411366058095656e-01 6.790933453012257814e-01
2.640213999018971025e-01 2.999326239651732284e-01 1.410122194724372779e-01 1.106954087019838828e-01 1.343709069769829512e-01
7.368163559650841021e-01 9.341337357565793198e-01 6.336353299851240628e-01 6.842352901793167241e-01 8.273105369880795479e-01
9.996945198918211206e-01 9.936284777598867191e-01 9.864590218363376017e-01 9.644700518364710540e-01 9.825432889629155397e-01
5.376305984213219924e-01 6.986452215577533265e-01 5.814137186101148158e-01 7.355899004416696085e-01 8.646631017327308655e-01
6.173007905265673889e-01 7.265459518776953285e-01 6.706593213516791607e-01 6.843467253003097106e-01 9.273254666477441788e-01
2.168550132002397546e-01 1.708517874176362639e-01 1.064290605539655737e-01 8.553233643488419857e-02 1.001027084421366453e-01
5.188113171138083457e-01 4.200523789126175411e-01 6.275399815837522377e-01 5.151191204230977094e-01 4.101232555694878101e-01
5.638011131264364373e-02 5.265590929036419870e-02 1.626139038432411754e-01 1.214304581865333771e-01 9.052809886634349823e-02
6.066371680958130286e-01 6.129434626253248419e-01 7.184457827080872327e-01 7.339018474365777145e-01 9.006900892127305269e-01
2.603138658595453500e-02 2.405467617664510879e-02 3.156967983177862841e-02 2.682706895760704480e-02 3.574843658134341240e-02
5.818963058250291587e-01 6.332650309871827865e-01 6.887944547397197859e-01 7.815828772621878917e-01 8.776519317179918289e-01
4.324124458309100416e-01 3.034905631787289670e-01 4.803623514680216977e-01 3.615924942375978723e-01 2.819857606664299965e-01
2.950904331748016030e-01 3.208645914113960607e-01 3.890594799084018951e-01 5.142768908550559015e-01 4.920998548623174429e-01
3.152186654335709659e-01 3.574387030502246265e-01 3.524019633130948681e-01 4.266852068664821473e-01 5.169860087335109711e-01
4.628844531720625183e-02 2.642734475862522359e-02 6.279489474537484905e-02 3.943003953963745978e-02 2.579846745356917381e-02
9.920339820379421303e-01 7.400848189938712407e-01 9.284613071050037414e-01 6.700492956544877865e-01 6.266548419371247292e-01
7.756351270291799160e-01 8.082719378001456123e-01 6.628234103209286188e-01 6.801659385906094757e-01 6.756975788157433271e-01
6.868380287091198078e-01 6.764059086129998732e-01 6.299013057565757689e-01 5.888265721934077268e-01 6.131594744510948658e-01
3.565933110381580562e-01 2.847511326124027575e-01 9.258450041613963677e-01 6.902000545028240674e-01 3.423408865928649902e-01
9.672303391448975329e-01 9.420755834650601512e-01 9.881579085172079724e-01 9.524097674240565858e-01 9.800047494936734438e-01
2.845618209739176896e-01 2.239107477663574708e-01 1.814701601089457605e-01 1.798618947345000108e-01 1.619071229360997677e-01
3.816094033699118926e-01 3.957637477259389192e-01 4.034813892284215830e-01 3.779421394460181216e-01 4.574230117723345757e-01
1.444197021632617761e-01 1.479499406286804986e-01 1.414754364515535545e-01 1.515472364892058443e-01 1.393486137967556715e-01
4.823488837204890634e-01 5.256234315720501593e-01 5.564855087214681806e-01 8.107202749769339967e-01 7.014611365739256144e-01
4.705502722622068035e-01 7.327223265536230157e-01 4.504577334394614385e-01 6.179465066989711097e-01 7.646742290817201138e-01
4.567910258624771624e-02 5.084775840781906309e-02 6.174500980963159441e-02 1.319405941886636069e-01 9.875550353899598122e-02
6.756590905513973899e-01 5.173355076922896423e-01 9.854889496254094494e-01 9.765479011672563159e-01 6.148161452729254961e-01
9.315385615713402956e-01 8.657997191813205928e-01 9.951819818584353161e-01 8.532779185019294665e-01 8.507492460776120424e-01
3.229782568461184722e-01 3.394767633980299570e-01 4.514844838995580312e-01 4.572865679853349019e-01 5.442876338493078947e-01
2.942169993967635455e-01 3.022739327301876555e-01 3.387573283923467349e-01 3.639243281646731831e-01 3.496541676577180624e-01
4.413877509861203752e-01 6.236476289869825607e-01 4.052389641083947169e-01 4.765333786956523210e-01 7.721461623441427946e-01
3.648458230783434009e-01 3.540410636281834389e-01 7.201056358349157138e-01 6.667387945656185755e-01 5.141714341007173061e-01
6.266596639694017590e-01 6.440782727592286871e-01 6.813268250322006558e-01 6.600520562871149410e-01 7.464486511889845133e-01
9.047802797874673342e-01 7.567114295998585982e-01 9.285683277004327385e-01 7.798361752333612396e-01 7.216520342044532299e-01
7.096617549640527045e-02 6.992301670329219287e-02 9.413232843564149632e-02 5.713225401025569250e-02 6.603785068728029728e-02
1.729551743196900693e-01 1.856340937491028353e-01 1.792592247330835054e-01 1.995635803316199997e-01 1.940312162041664124e-01
9.957520015908235544e-01 8.744371773700703177e-01 6.769267022899101427e-01 6.449584854442851345e-01 6.277232496067881584e-01
5.715766982709222788e-01 6.004315544657544690e-01 5.204900171916435614e-01 5.426956378110950885e-01 5.805596343707293272e-01
2.672935721611948562e-02 2.797129547137426619e-02 1.581703430994660028e-02 1.735347350116738310e-02 1.597034977748990059e-02
3.674986145058489195e-01 4.130832452566668422e-01 3.060964480814829525e-01 3.407501931903111347e-01 3.369504814036190510e-01
6.852768768279262623e-01 6.156565387737639172e-01 8.686974379713283678e-01 8.200747622141686399e-01 7.563455451745539904e-01
3.583766042801320162e-01 2.901958078429609511e-01 4.255245118196702148e-01 3.151981567079396029e-01 2.906026027631014585e-01
3.656912381384997413e-01 3.869227694141338936e-01 5.205646036270756838e-01 6.516512527447859693e-01 8.714092718437314034e-01
8.443751875364274850e-01 8.201356483222271843e-01 7.888890743456619115e-01 7.684104712211005106e-01 7.985404066275805235e-01
9.573358807344307664e-01 9.313530740767692606e-01 9.557730461643457742e-01 9.055831888059723278e-01 9.123502417933195829e-01
5.049241987286563482e-01 4.966793112126575149e-01 7.480671945389607558e-01 7.118592349912796768e-01 7.164447873365134001e-01
2.295649405022637812e-01 4.043677194654805573e-01 1.567305383817480247e-01 1.679513570869769767e-01 1.877592650707811117e-01
5.866748412640867549e-01 6.620657883375180575e-01 7.360244950423375787e-01 9.789986299740054410e-01 9.864523133728653193e-01
8.093470426651007132e-01 8.885434552963734633e-01 8.679559022773325472e-01 9.507356354531526499e-01 9.794644953217357397e-01
6.151760322227615152e-01 6.445655105586547418e-01 7.469252126636335420e-01 8.975113660500035895e-01 8.187940951902419329e-01
3.844741758338234283e-01 5.349990294199186147e-01 3.867787920539706437e-01 5.817495425535315068e-01 6.237729531712830067e-01
9.309239451720574543e-01 9.260643204064701317e-01 7.338574756198371629e-01 6.819181107801578490e-01 8.165713467169553041e-01
5.368245086842539371e-02 7.255206471278267955e-02 5.388962144048387026e-02 7.823800605679800957e-02 8.614734327420592308e-02
4.346571277243446718e-01 4.276415366968966958e-01 6.154467051274530309e-01 8.562526573734848823e-01 5.933577560354024172e-01
8.220351118362838605e-01 4.714884517740616787e-01 8.201617561738236972e-01 4.485127712298161984e-01 4.163986665662378073e-01
6.932723859699524427e-01 6.270279120408028817e-01 6.725590024056765648e-01 6.127244849699778895e-01 5.828535661567002535e-01
9.418807636437235287e-01 9.972165002307090687e-01 9.331966167760270547e-01 9.834754643425378529e-01 9.854970572050660849e-01
3.318747979231839174e-01 4.802860302632845357e-01 3.015648209382795764e-01 3.817126877265739071e-01 4.441075788345187902e-01
