2.822632045769095654e-01 4.262318845164326242e-01 1.445439874609436848e-01 4.216670643338888413e-01 1.760808185208588839e-01 4.955236345300392808e-01 4.474166812624183476e-01
6.510368946233054954e-01 3.967135689567790613e-01 2.882875996417236242e-01 5.835871282641329483e-01 4.406229248270392418e-01 6.004672703560002267e-01 6.869460601231210939e-01
5.468202071221399674e-01 8.680381774614239765e-01 6.927879450570576525e-01 8.087893465621235345e-01 6.482357399072498083e-01 6.271957309278918258e-01 8.048454041864491204e-01
6.321340510346122876e-01 2.064272036895204443e-01 5.642346667223221424e-01 3.002018851138076316e-01 4.167930621188133955e-01 4.910622830267625805e-01 2.562113891733941440e-01
9.669926727178879133e-01 8.934724891368455157e-01 8.846544542231498109e-01 9.513249003115868963e-01 9.265122506767511368e-01 9.316706806293265641e-01 9.641635249507409799e-01
4.443022960116795317e-01 1.709925052322918138e-01 6.128862605005067632e-01 5.099009108934678819e-02 5.579300865065306425e-01 3.373343262167036172e-01 3.202283132192632054e-01
4.957339854840376869e-01 2.970641866968448674e-01 6.967985003969481284e-01 2.490291458493987253e-01 6.791081633418798447e-01 1.803145406340854739e-01 2.508660114057371104e-01
8.680755895461303995e-01 8.619745711386189724e-01 8.495902221429829648e-01 8.974780601888479037e-01 8.366615008562803268e-01 8.096050154479790262e-01 8.552787883491618226e-01
5.663701204970564840e-01 5.093965690132223889e-01 5.354762477460672798e-01 3.758039443830356041e-01 2.390641444362699986e-01 5.636133878363642769e-01 4.110477543732958816e-01
3.274729954482176186e-01 3.176318252385463281e-01 4.660300066343381342e-01 1.856466158076106043e-01 2.426706550177186728e-01 3.388394022900801383e-01 1.713261470445661128e-01
6.045402822342850480e-02 2.058758495925131216e-01 3.080306992978071312e-01 4.483081998721596961e-02 1.007271516136825085e-01 2.189290307787954692e-01 3.048310704261510823e-02
5.263423605204564648e-01 6.699819867870816514e-01 5.284137144347424986e-01 6.544445017367801487e-01 5.612741785589605570e-01 6.619875300644729732e-01 5.790903646275029626e-01
6.063376757625401625e-01 4.655479163855141822e-01 3.985482132070766181e-01 4.665735471298709247e-01 2.532636134419590235e-01 6.341361611326401526e-01 5.196710056415348999e-01
8.105255090600179679e-01 7.400639352619368116e-01 6.657886717580182578e-01 9.423515566890315887e-01 9.404807423707097769e-01 7.820323717539527930e-01 9.479869038567837469e-01
3.277205143767477624e-01 2.529887778011637514e-03 1.345229522307292945e-02 2.116789577947126022e-01 7.271281047724187374e-02 3.909910596620301548e-02 1.458680502132773116e-01
8.106886954367095166e-01 4.541179135966096903e-01 4.231884269861535541e-01 5.034569117382611259e-01 4.926056517288088799e-01 7.735883636773515093e-01 8.293294376263701251e-01
3.398310737095806555e-01 3.354154869294263541e-01 1.599942516018978411e-01 3.629496522122799274e-01 5.075482646934688091e-01 4.941676609971539791e-01 6.565830681011155523e-01
2.391536856363078445e-01 2.987047357279999649e-02 1.832406187209339454e-01 3.247799556952618572e-02 2.256674366071820259e-02 4.067874048291312272e-01 2.716573095817570449e-02
6.575250168809290141e-01 2.297112728916841651e-01 4.788301051110445683e-01 6.547068374614524178e-01 7.191285160370171070e-01 2.440464374964472216e-01 5.069021738611575456e-01
8.725497035580724869e-01 7.160245342747640906e-01 9.660354453471016178e-01 9.085325648025456280e-01 9.810011554509401321e-01 3.683675249838439525e-01 8.183989829168728525e-01
9.162710298254361785e-02 8.159704651002493980e-01 5.344309698220085503e-01 8.396240641869815446e-01 3.603009534999728203e-01 4.311761163250479312e-01 3.232525048069291307e-01
7.465219651836729059e-03 2.563150860950798582e-01 1.053189213173914285e-01 1.313172437063907794e-01 5.903772520832717419e-02 9.533147526946946643e-03 3.085233013088737805e-02
3.477457201541042098e-01 9.404749514313102132e-01 9.629240623146236855e-01 2.403299433534016316e-01 8.694075222592800856e-01 9.362514372021814024e-01 7.517443969265168446e-01
1.903765614531789108e-01 2.466705187939654265e-01 1.466888458246484728e-01 3.545565419482403779e-01 2.431065647397190332e-01 3.406154669227828835e-02 1.667762416362873201e-01
8.054926441333798426e-01 2.896412506821881561e-01 7.213930576202985945e-01 7.440828313723172327e-01 8.374040797352790833e-01 3.175204482382653071e-01 6.598040010535251021e-01
4.874666468617602222e-01 4.418023117134561306e-01 3.569236153757869290e-01 4.496091009377862213e-01 4.147283930797129869e-01 1.493493633905380868e-01 5.595231063693237861e-01
3.930040833141922874e-01 7.802245408843782037e-01 5.058063811387515374e-01 6.196144987537471893e-01 2.725538918748497963e-01 6.597772948511805291e-01 6.643783528324355148e-01
5.742120997923951808e-01 2.750597840170980121e-03 3.659225715462063877e-01 1.375187947535528032e-01 4.801249695010483265e-01 2.511676025823511016e-01 2.592244470849943694e-01
4.814648178268114975e-01 1.049243981356996619e-01 4.506283311292402782e-02 4.639678579078143628e-01 1.515845737885683775e-01 9.945935197461257260e-02 2.739236323936714568e-01
6.222910279944691148e-01 5.512132215430095572e-01 6.980654966062276312e-01 5.316326202137960921e-01 5.582305265124887228e-01 6.508044670816538479e-01 2.119336549062460495e-01
1.921277391416184588e-01 5.021760710907945402e-01 5.877477807925710618e-01 7.294591760491350718e-02 4.964644853025674820e-01 5.212316904873957046e-01 5.162341320247512133e-01
9.219410055774154289e-01 9.114751094549434773e-01 8.999994235808381760e-01 8.402508609601548883e-01 8.396172043867409229e-01 9.428432096460402922e-01 9.240156995686277241e-01
1.458837680036221274e-01 8.645685509910067124e-02 7.769792275800140036e-02 3.374158804358845520e-01 2.431072283070534468e-01 9.150951187808727127e-02 6.122261528703543121e-02
2.355879020936398061e-02 2.102828390688186444e-01 1.645840147669406228e-01 4.245794484466580004e-02 2.711589541286230087e-02 4.575385675230077970e-02 6.389175133621191605e-02
2.741324944170919764e-01 3.833586023621907146e-01 4.330714364653200921e-01 2.752781904402865076e-01 2.949585539754480124e-01 1.532805349835563158e-01 1.472563792904546254e-01
2.338709212231945833e-01 3.199486791206559433e-01 3.573175437429906287e-01 2.678174757287344332e-01 1.375449572224169970e-01 3.842081790989061718e-02 4.927587942426716466e-02
5.572697035888468653e-01 7.258220339763946649e-01 7.375779109634174047e-01 6.236719695771826277e-01 3.537417312618345022e-01 5.517109793099348458e-01 2.393435750440134624e-01
6.026725108757384763e-01 9.141772606729930972e-01 8.806512461955909865e-01 9.106773393867906297e-01 8.817671143915504217e-01 7.572666899553204267e-01 7.038116567617558328e-01
9.421535864715261388e-01 5.489036570983363283e-01 9.225273941458579374e-01 8.923810467211696906e-01 9.567002700641751289e-01 8.337310761239640211e-01 8.513829397818385436e-01
2.727573379006449916e-01 1.765381718657209331e-01 3.537314326014163735e-01 2.515601700066107949e-01 4.026747087482362986e-01 1.644137563555191084e-01 1.745097145916572889e-01
8.774058060325883313e-01 6.029154500153744989e-01 6.083973956802581906e-01 9.003403059850891843e-01 7.903093416243791580e-01 3.485849773408024599e-01 6.280844227307177396e-01
7.418917174798115299e-01 6.008698129226409668e-01 4.038124726373842344e-01 7.965501926653248965e-01 4.921936690807342529e-01 5.358303996647406642e-01 4.893829386207244059e-01
9.011889276472345722e-01 9.692009484952277543e-01 9.720215470221723608e-01 8.129561621033692953e-01 7.967228947672992945e-01 9.640548730743385697e-01 7.755382707471623061e-01
9.940651554952687485e-01 9.934274266908529327e-01 9.485405006375401404e-01 9.984379047267630813e-01 9.974832639563828707e-01 9.758324755947198614e-01 9.961422219287461299e-01
7.134395680394950423e-02 9.411665175476875422e-01 8.901875532011983561e-01 7.830309910300841114e-01 3.778532645665109158e-01 7.691261292839934871e-01 3.906944583208514787e-01
5.914791131012393510e-01 7.945155984626636192e-01 3.333622086500170334e-01 8.275057832626284693e-01 6.485393149778246880e-01 6.325764346500403201e-01 8.217409049370738572e-01
8.915365439284695936e-01 7.963655057793704861e-01 8.763404900992597391e-01 9.422513232535905114e-01 9.675731279421597719e-01 8.993546521635668034e-01 9.466311637335665941e-01
6.573493728443697837e-01 7.963037085525025427e-01 7.517334102273187657e-01 7.456834657726734150e-01 6.583744087256491184e-01 7.258376710344461857e-01 6.915734033071723186e-01
6.641165683220583427e-01 7.092119973198336425e-01 6.771309547126526107e-01 7.614899132252611613e-01 7.732255563605576754e-01 3.297635451056813993e-01 6.587908540592644080e-01
7.800373189957311437e-01 9.387324062163138194e-01 5.512835164290762480e-01 9.471906220873937965e-01 4.504550462588667870e-01 4.449239805670389125e-01 7.487505661606732588e-01
6.710082873886891175e-02 3.127010452836627707e-01 2.357781651288305136e-01 1.142199527446350338e-01 2.690424358006566763e-01 1.243532752094714949e-01 3.167688734857134203e-01
1.612246013784919552e-01 3.152629431254190817e-01 7.904008333573910028e-02 4.307239340981816045e-01 3.322164453566074371e-01 2.028042216669009856e-02 2.511205296688621136e-01
1.964869334598011164e-01 9.390723437832537712e-03 2.468620105495372696e-01 1.224379571188805305e-01 3.145551164634525776e-01 6.828517939026492733e-01 4.422258637265362724e-01
6.255337258027571234e-01 9.074741827468014721e-01 8.620324476730696350e-01 5.087772476578708014e-01 2.590751997195184231e-01 9.441514624927873633e-01 8.151708365020059466e-01
3.569433388179262256e-01 1.956528395690672884e-01 6.821279886640880044e-03 4.403418267544800258e-01 9.253404778428375721e-02 1.272021158958837328e-01 4.272317660481403379e-01
6.981185020278729558e-01 2.705792327215462145e-01 2.117108902087298100e-02 7.115081114359268488e-01 3.691320999059826136e-01 4.534704727968353333e-01 6.866279911945367687e-01
4.650213854207135289e-01 5.770136578982079101e-01 6.113075214296279647e-01 2.458365726932820183e-01 1.737899405416101217e-01 7.292249200094397255e-01 2.327847018673692703e-01
5.317970680557988494e-01 5.874910436050584384e-01 3.988846343886348067e-01 5.282622921402890803e-01 1.218139845877885818e-01 5.879475851899799155e-01 3.423990144049496309e-01
8.132765443893077428e-01 4.774656955044550566e-01 6.709727173694557401e-01 8.849991987935371673e-01 9.034998847637325525e-01 3.089683436014035722e-01 7.720774560707451828e-01
4.958367435577556992e-01 7.998276720185673594e-02 5.906771206311141331e-02 4.295836148775287744e-01 5.228709594812244177e-01 2.620034188092988936e-01 5.746085546230018659e-01
1.095665282393998644e-02 7.574491211671188218e-01 4.218117748314285098e-01 6.795308176370955522e-01 3.282889088150113821e-01 3.520534036760961105e-01 5.164589588519041818e-01
2.826434417337419028e-02 1.962769146904851658e-01 1.393575514813934213e-01 7.658297328820300176e-02 1.937081734649837017e-02 9.343682869693120674e-02 1.190267450830244725e-02
8.307329357154681279e-03 1.527724451784314985e-01 1.308531403869797605e-01 7.502822720804290524e-02 1.146272497717291117e-01 3.712850480233358813e-02 7.069483585164293427e-02
6.774441379736934055e-01 4.410126956719603863e-01 5.972701230223047553e-01 7.451521262480219343e-02 1.394129833206534386e-01 8.002450723417651179e-01 1.808557004574594396e-01
6.564714917977971798e-01 2.830515492200806893e-01 2.945965592915784081e-01 5.621552397824690628e-01 3.396097025834023952e-01 4.314035571563831217e-01 3.181277308795433245e-01
7.367484524896569242e-01 9.304084641852874427e-01 8.522827076446755079e-01 8.790250141128083117e-01 7.211845349520444870e-01 8.208051199563904943e-01 8.694894617589056240e-01
7.117992227114604553e-01 9.325446293385527552e-01 3.175178455748803308e-01 8.879550215273492864e-01 1.823247440624982119e-01 8.606986695779371699e-01 9.325315619531647782e-01
5.072718587331073170e-01 6.001007763276388074e-01 5.363714968060914190e-01 5.020221561569822022e-01 3.530099722556769848e-01 4.801155603114495851e-01 5.086013386390139113e-01
9.148897508872325668e-01 4.324380296429200521e-01 8.099571701501354637e-01 7.903334087050851720e-01 9.138460680842399597e-01 7.753264213823566342e-01 9.043493177067817301e-01
8.612731491845654341e-01 5.291042823632787773e-01 3.269820036238852423e-01 6.774978680813102949e-01 7.245263115037232637e-01 8.173102665542344436e-01 9.022049878744902163e-01
3.123654106916486373e-01 4.390042484512966525e-01 4.818198898647773620e-01 4.788575335453861825e-01 5.976926309522241354e-01 3.110005136210994836e-01 4.846047222788771314e-01
8.744259052834385537e-02 3.961777205216200914e-01 1.761889764387890855e-01 3.269595171740911077e-01 2.720112237147986889e-01 8.452675635224123074e-02 3.612581046979767563e-01
5.254287390960612480e-01 2.103721763989694835e-02 3.817035300632124484e-01 2.592381096686356412e-01 3.001679205335676670e-01 4.102492629320440565e-01 1.763184481851652000e-03
4.431477293845696719e-02 6.548917140782602175e-02 5.783155495495859860e-02 5.909025809593245609e-02 1.452647638507187366e-01 1.595718482169529440e-01 7.640416998403577742e-02
4.338323584819535061e-01 6.854971464480196230e-01 7.026469439698163066e-01 6.161047703079224336e-01 5.943572891410440207e-01 5.431410112413606051e-01 3.968073499906110135e-01
4.268509534237592828e-01 7.041259427352211109e-01 7.367354413037490168e-01 7.054101153266896240e-01 7.311517102643847466e-01 4.804011125280860384e-01 4.675259599818729628e-01
1.426062520917358543e-02 1.836190659463397268e-01 2.078791524847470665e-02 2.074468339540646300e-01 1.269038859754800797e-01 9.227003975057502735e-03 9.935825785253898923e-02
9.435337079113617076e-01 9.466982901300700082e-01 6.208915216723303043e-01 9.542932650374840176e-01 7.652762269135564566e-01 9.219403664558862843e-01 9.679957933000795656e-01
1.048618471646022288e-01 3.574910911358853416e-01 4.114974672982345608e-03 4.501343974783950652e-01 2.221119287423789501e-01 4.150253346900664025e-02 4.597986517188549227e-01
7.633484736462426978e-01 7.675409937207170463e-01 8.821567854381314744e-01 4.250472825464078896e-01 7.659638340119272470e-01 8.163660710588511726e-01 6.630728095079104767e-01
7.000124720954805646e-01 1.747191042420567497e-01 6.560958888735245464e-01 3.398946102220758991e-01 7.076237816363573074e-01 6.764331739900973917e-01 5.509036604425455730e-01
9.823946375200839354e-01 5.531228209849802235e-01 9.593386368098458794e-01 9.833767868243068477e-01 9.857074900064617395e-01 5.258998023596752613e-01 7.305164463108493322e-01
9.716915342736723860e-01 9.698501007655423445e-01 9.510949788018461248e-01 9.566461400296447648e-01 8.399557666853070259e-01 9.750244811048053295e-01 9.464812370615017789e-01
1.070780321208438940e-01 5.784263464979669256e-02 1.592421240766846713e-01 5.409807239954442237e-02 9.492784203030169010e-02 1.403719677941749344e-01 2.940919686107239944e-02
4.839914905185497829e-01 1.062932595884193143e-01 3.055355555840267856e-01 2.952348787342104486e-01 3.458738978952169418e-01 1.739157096764908650e-01 3.043649061526824684e-01
7.835095188527442245e-01 3.435983732505177302e-01 7.488262262588495366e-01 5.181085361889667951e-01 6.702111032791435719e-01 6.195953650986086858e-01 1.757649211293458857e-01
5.045228444503052634e-01 3.177354675998273481e-01 5.930732255810067244e-01 1.555164492933834852e-01 2.831183508969843388e-01 6.042655272708931102e-01 3.395989910146433172e-02
2.976587156422060843e-01 2.934107934098358905e-01 6.922016813415905745e-02 5.583167443761019033e-01 3.293901402503252029e-01 1.377541849609820734e-01 1.827389730258301148e-01
8.190585769506791847e-01 9.442856719033709822e-01 8.312494902683126297e-01 9.743619305609815262e-01 9.632432588841766119e-01 4.580033922114348788e-01 9.405585998689520721e-01
1.457010969329129157e-01 4.205430043999675571e-01 4.563690193899386238e-01 2.022636063232296222e-01 2.269113168586045504e-01 1.628150062659290964e-01 1.554148113810846221e-01
8.547191876695491297e-01 8.481979456500590153e-01 7.353304759935084256e-01 8.592373602584880699e-01 7.699401311110705137e-01 7.472224399383720073e-01 8.655380437072747180e-01
4.628404794975371495e-02 2.946334418581921799e-01 5.158301497233092059e-01 2.806944675540087170e-02 3.546788038220256567e-01 5.178552666810271043e-01 2.287343425656973295e-01
7.058305589889406484e-01 2.224860946394092154e-01 3.902722185334839278e-01 7.881866514647214439e-01 7.927800349425524473e-01 1.079650940958720579e-01 2.888114120756064551e-01
8.196754194041463437e-01 7.869035527828213139e-01 8.716675065952960155e-01 6.987385576703114554e-01 8.585178127977997065e-01 8.886327179790663999e-01 8.593763870899541191e-01
9.761850515418205587e-01 9.034435870356898324e-01 9.729446368279590640e-01 9.623191617295265843e-01 9.762421569321304560e-01 8.988963202365745087e-01 8.692139574297336191e-01
8.530199066456832513e-02 4.496095137201120973e-01 1.485039927130994974e-01 4.349387691118455357e-01 3.245312480721622705e-01 2.702012725939272886e-01 4.398314074909736582e-01
5.302289337135178693e-01 9.772099313329460912e-01 6.604469959015947245e-01 9.635785800847219695e-01 6.132739863824099302e-01 9.160082564081749590e-01 9.701234823467589363e-01
8.163367110423450645e-01 9.148880135241523881e-01 5.799380646587873889e-01 8.810409157049399198e-01 7.304195987526327372e-01 9.434298933431773948e-01 9.218442986333543754e-01
5.445192217260275136e-01 4.587393179214482308e-01 5.234761593641538147e-01 4.853205190036510297e-01 5.361363464035093784e-01 6.152798577966425153e-01 5.089243663503323356e-01
8.946164901222053434e-01 8.150374706310796746e-01 8.216232039683085686e-01 8.627967006762249369e-01 9.317194425966590643e-01 8.910713014168393231e-01 9.472223318468038222e-01
