7.897974912051169971e-01 9.754089919512014539e-01 8.352772681238915808e-01 9.941239964865797862e-01 9.038540446199476719e-01 7.899256112456473078e-01 8.527966346166684364e-01
7.905725119348528951e-01 7.665778065442676592e-01 7.620428249361829165e-01 6.863243129620055782e-01 6.942452064249664545e-01 9.277584656305895017e-01 9.222124087053208408e-01
1.909039958202010667e-01 3.837184233533337263e-01 1.936650987486764064e-01 3.275908590798839448e-01 2.141057678963989019e-01 2.342702295012525360e-01 3.317375630885514015e-01
6.099960345112032112e-01 8.504564534993503955e-01 5.618655510953193266e-01 9.067610931412048991e-01 6.080761852208524942e-01 7.583356953063855599e-01 9.679559913391874160e-01
2.171925370060267813e-01 2.666884730493710998e-01 2.306417011841047360e-01 5.337591226700545421e-01 3.365171321202069521e-01 1.943616102749890218e-01 2.337867806139842242e-01
9.972184582734668901e-01 9.443041135842635825e-01 8.607536043771041312e-01 9.180704650128411748e-01 8.380898425821214914e-01 9.965723374561882286e-01 9.735739493533218658e-01
7.928152315936095595e-01 9.679662561806396948e-01 9.076700075533267187e-01 8.734680493521613798e-01 8.716286167036741972e-01 8.871741093483892504e-01 8.525313140623180796e-01
8.736119421521285622e-01 5.887564921637107318e-01 7.908888053805092078e-01 5.779966602384448704e-01 7.269316234160214663e-01 8.413084003612497641e-01 6.717969270470222076e-01
8.451161729492203678e-01 8.668044305916555725e-01 8.517410407927081817e-01 9.686099018617312373e-01 9.397253082133829594e-01 7.825872047496922335e-01 8.313323097317092403e-01
2.760838030004522659e-01 6.994796924719486331e-01 4.365161600486609506e-01 2.626014351010562131e-01 2.441893150098621845e-01 9.520658162882152942e-01 2.689927462774710509e-01
4.487376426494288917e-01 4.592455666130101921e-01 6.652194678815728235e-01 4.665976850248567676e-01 5.414919012691825628e-01 4.461667050806030765e-01 3.828275609258620649e-01
9.626019682214146389e-01 9.866055592273523800e-01 9.127919001560304002e-01 9.861137597587336101e-01 9.056351741310209036e-01 9.673291120311756641e-01 9.589298814178974784e-01
5.872683589216680655e-01 8.428325259165343475e-01 6.277451417364249275e-01 5.447458347707626602e-01 4.988407727796584368e-01 8.627202949640627727e-01 7.114272847054780025e-01
4.130285044219009216e-01 4.903260610301813927e-01 6.547553414978120045e-01 3.894881148473678389e-01 4.241692740470170975e-01 5.269449966144513775e-01 3.784580931074202348e-01
1.613112484039642414e-01 4.314383360367645137e-01 1.956322257445596569e-01 1.764862242854212393e-01 1.503795164171606302e-01 3.112327429926345923e-01 1.890845971639889822e-01
7.944174159061132556e-01 7.648749139348763881e-01 8.939729924759559632e-01 8.984816313483536820e-01 9.796559079550206661e-01 6.973454736587673120e-01 7.313123041340887642e-01
4.524517032076385004e-01 3.501187386394336576e-01 3.848339286420605632e-01 3.854002556996009576e-01 4.061271932441741228e-01 3.587548448864351092e-01 3.546144114843566841e-01
2.040598780746138707e-01 1.721116837860901250e-01 1.952870323859903778e-01 2.016506357931157345e-01 2.172262235544621944e-01 1.714422265871691775e-01 1.702525991424634622e-01
6.330557643061519579e-01 5.454339991826716583e-01 5.818254211364982664e-01 5.976549479986958957e-01 6.411662909667938948e-01 5.719679842361962141e-01 6.394764042356455569e-01
9.338644813467386063e-01 9.810458037243615648e-01 9.899702772199698853e-01 9.529329781706517011e-01 9.869221278931945562e-01 9.580710576499595899e-01 9.913484075118728089e-01
7.571231010021145513e-01 9.638806769190041424e-01 9.255326799266540005e-01 8.627717401830913291e-01 8.674376774579286575e-01 8.306122432819761370e-01 7.908624759506168722e-01
2.865266390468831914e-01 1.091725339874072276e-01 3.378920942652106629e-01 1.092059238157396944e-01 1.535861894953995943e-01 1.497421379801224250e-01 1.027862982205345194e-01
9.552262737314003438e-01 7.163900787836106065e-01 7.665794037961448648e-01 7.801703072257925031e-01 8.409581421874463558e-01 8.521978231874135501e-01 9.299751261921546108e-01
9.161611042544708094e-02 5.493908183699257597e-01 2.172887626933146521e-01 1.196562994081456222e-01 1.219522249884903431e-01 1.167322921518244849e-01 9.368660135431480795e-02
5.611371200726907871e-01 4.837066645549633614e-01 5.678140291480991975e-01 5.164235862719038783e-01 5.595965418033301830e-01 4.880884621977037430e-01 4.618941660768223212e-01
3.685802300746022220e-01 5.182909368430298480e-01 2.928809224680983814e-01 3.645503271924886435e-01 2.669095748569816351e-01 5.482687179353649132e-01 4.460797477912122333e-01
5.806713044672836554e-01 5.601801642704042905e-01 4.927891432133920113e-01 6.867542135152677751e-01 6.123882236424833536e-01 5.458316050022411492e-01 9.883770707117301990e-01
4.931567908614023499e-01 1.728592045227598240e-01 2.195709644806978222e-01 2.312444514937020135e-01 4.402829988393932581e-01 2.019683359727323102e-01 2.495118350028898702e-01
2.233791972874369924e-01 2.873566514804666849e-01 2.101683707509190702e-01 3.040047324068774204e-01 2.330931841861456633e-01 2.456610283369715375e-01 3.275701229902659439e-01
3.499606344802949076e-01 3.724321202476876813e-01 3.098634317581803188e-01 6.575490737875536729e-01 4.870868893340229988e-01 3.082981294958634932e-01 5.350404881886792197e-01
2.901795396346403266e-01 8.675715524177323168e-01 3.857039685636065585e-01 3.445027939362489966e-01 3.148129850160330534e-01 4.568407601385584549e-01 3.800376584961229764e-01
8.053174647797916030e-01 8.614010994385545850e-01 7.768809771867249969e-01 7.535730289797770709e-01 7.108339897822588682e-01 9.406143129994964935e-01 9.433834899531923224e-01
3.385340531182405299e-01 5.256140840175517193e-01 3.655809505806603688e-01 6.239722950743983310e-01 5.446104942820966244e-01 3.435082827113632442e-01 4.528702220599193362e-01
8.312611449126289243e-01 9.048554181719586920e-01 9.979983385056614420e-01 7.443772280324486568e-01 7.853960415814071894e-01 9.921782394935744209e-01 7.973224211396593430e-01
4.478478305429906547e-01 3.426262482275440613e-01 4.711956612058076921e-01 3.503476652152024418e-01 4.440682679414749146e-01 4.039510200217432678e-01 4.110585312050701323e-01
6.271215093070405810e-01 7.075381387850039339e-01 9.269574504482874788e-01 5.455420962802706164e-01 6.107089165598154068e-01 8.963418977530294152e-01 6.489332603783162234e-01
8.602793720917136788e-01 9.657191899850284811e-01 9.946357841672819333e-01 8.951997442828221185e-01 9.546996057033538818e-01 9.201877821965150916e-01 8.806989280357938599e-01
8.871361223278534380e-01 8.907865136244098592e-01 8.887175722285592938e-01 8.225544705982972271e-01 8.238765271380543709e-01 9.422396470158017623e-01 9.042371950427172678e-01
8.512445351035213825e-01 9.376768086553280979e-01 8.694091156351222427e-01 8.753444222972096567e-01 8.379966428037732840e-01 9.286370188865884501e-01 9.275098604226813537e-01
6.273998494023185213e-01 4.761547292982662438e-01 5.664748084839622555e-01 6.812438151053087365e-01 9.445640896447002888e-01 4.629228178094275670e-01 5.610277561186389761e-01
8.926667677085251551e-01 6.718841716478431980e-01 6.694230347497339695e-01 9.723646833151401436e-01 9.488339489325881004e-01 6.614851040606140042e-01 8.535832146052416691e-01
6.500286063717788387e-01 4.303088471913021351e-01 7.996657423565363132e-01 4.173019773297926283e-01 5.747528392821550369e-01 5.954359627005986200e-01 4.331900491260630703e-01
7.064298175573300309e-01 7.695103463803821819e-01 8.636165526210031196e-01 7.006232450994336336e-01 6.981646509375423193e-01 7.569484138302474685e-01 6.239916439349698640e-01
2.208808720510571089e-01 3.029356849549464936e-01 2.506081496842325063e-01 2.544198532398233015e-01 2.426287219859659672e-01 2.703824579808143946e-01 2.862994607115382784e-01
5.009383039589833109e-01 8.753009997638254713e-01 5.031068447479026817e-01 6.642068499267582693e-01 4.912650045007467270e-01 6.216980876031878989e-01 6.443928327220973529e-01
2.061110824644067294e-02 2.698422677202571424e-02 2.247305880276451173e-02 1.941744460665522157e-02 1.838135556317865849e-02 3.244567667864145522e-02 3.157472680936137394e-02
5.323349465013085258e-01 4.604670743501285135e-01 6.719520302677826074e-01 3.911753114042947344e-01 4.454815278295427561e-01 6.000623011750343405e-01 4.301327942803321314e-01
4.196583364766324764e-01 2.419752795010103874e-01 3.441134543136818991e-01 2.592054464217048437e-01 3.671222494449466467e-01 3.162774319758982489e-01 3.087296952718384668e-01
2.011916142801391250e-01 1.703467342826264497e-01 2.142300737903136687e-01 1.640010600007883734e-01 1.791036645881831646e-01 1.901347894199308386e-01 1.549206729665878191e-01
8.915759357196858526e-01 8.778124077543230097e-01 8.369745729800501799e-01 8.795327852414079883e-01 8.326682704500854015e-01 8.682405410702411785e-01 8.577576150315437964e-01
2.073670561023459313e-01 4.487799029557960617e-01 2.480981976939369282e-01 2.721254021152145763e-01 2.361357784830033779e-01 2.761833415079717469e-01 2.852645844082310478e-01
4.651803279403352032e-01 5.123917282585218613e-01 5.834745600154668255e-01 4.229076742761421204e-01 4.430936665739864111e-01 5.551664113700366388e-01 4.477485790325604342e-01
3.894275608301812214e-02 7.313969549904039691e-02 4.208788351441805631e-02 7.192988057384519518e-02 5.783821735531091690e-02 4.195847493414670698e-02 5.971692672622886527e-02
3.355811025471874265e-01 5.535057716980469333e-01 3.447027755506471003e-01 4.356018150792652088e-01 3.460660949349403381e-01 4.460086755973391992e-01 7.034062681129118477e-01
5.899241469792820824e-01 3.619791359956414101e-01 4.308566848796894777e-01 5.978242456814427674e-01 8.571197960991412401e-01 3.558487778323346507e-01 4.136694259824867381e-01
5.527842566105447553e-01 8.254524664080059582e-01 5.908833562017109520e-01 7.539095756530479475e-01 6.531242707278579473e-01 6.185228221200577137e-01 8.230187902698441471e-01
6.087088983625089655e-01 5.841121206759808393e-01 5.365096552111924266e-01 9.091944872968632518e-01 7.192977087106555700e-01 4.933738710470554345e-01 5.914094061413972536e-01
8.201935678468741386e-01 9.455578594088523969e-01 8.610476532163924279e-01 8.005241710164465729e-01 7.692917466629296541e-01 9.991557532671184738e-01 9.544281900889768355e-01
1.539237132345533214e-02 5.847578723006904323e-03 6.462018055631647655e-03 7.713364551153569296e-03 8.446074090898036957e-03 6.058568378331701323e-03 6.942507732750875273e-03
2.605486915756982658e-01 4.994213245496481046e-01 4.889359213261988413e-01 3.353613158395223337e-01 3.058627292048186064e-01 3.253733501000697359e-01 2.568127167505633301e-01
6.134248681959184046e-02 2.717893030190874359e-01 8.958708418530055007e-02 1.057422410320600220e-01 1.044513210654258728e-01 6.705067543180942558e-02 6.890582351257215632e-02
1.173655412593024999e-01 2.877751628280884044e-01 1.492826829710521552e-01 1.436850398739339396e-01 1.318155224435031414e-01 1.711939002575217084e-01 1.724569090250665515e-01
4.816241000301952901e-01 2.835548153448271824e-01 2.898759807154427381e-01 5.387455454523437659e-01 6.171826140489429235e-01 2.837784209971367932e-01 5.020814664513426617e-01
3.845720310047440194e-01 3.496380667047925273e-01 5.570934613051888862e-01 3.438594951684176282e-01 4.022518910933285952e-01 3.753246044702878148e-01 2.999164912523669124e-01
2.106364342405475931e-01 8.346194481621176386e-01 2.067398735720791525e-01 2.175348922543564045e-01 1.686842970084398985e-01 4.972422715863262788e-01 3.237560320266165137e-01
7.681194206710457717e-01 6.849501059817141302e-01 7.150545597462710790e-01 7.714864655276574279e-01 8.260636946652084589e-01 6.959607355579369159e-01 9.137447132897020818e-01
1.557903039897724218e-01 1.691221652226081451e-01 1.582706010839148303e-01 2.238706026544609318e-01 2.168987772893160582e-01 1.437971899744819038e-01 1.691336189748219032e-01
4.033284974021850711e-01 3.110863603561135338e-01 4.000607165563973000e-01 4.893798230158602491e-01 5.120894943829625845e-01 2.863800763626766499e-01 2.927080103119679144e-01
6.427646394998298707e-01 8.457681723779451044e-01 9.701965146320509215e-01 6.082466604860142789e-01 6.254509377758949995e-01 9.049464951997457929e-01 6.052639189024253685e-01
8.257845955561515794e-01 5.905791895874581421e-01 6.988381718410187071e-01 8.233186599226610669e-01 9.240540838800370693e-01 5.804816293190521170e-01 6.215560307208555235e-01
4.717713495192141782e-01 3.589933951999887962e-01 4.570203774784105666e-01 3.865431541441993191e-01 4.599833779502660036e-01 3.926649994187026427e-01 3.818221311868973955e-01
2.666248182496681607e-01 1.989093779381133631e-01 2.004770678710824650e-01 2.962606275471143524e-01 3.018104417715221643e-01 1.935474123633906529e-01 2.599192859622538876e-01
4.449069540963616065e-01 3.723861996009849573e-01 3.612100230542770185e-01 6.356707536840418005e-01 6.262557308655232191e-01 3.428898262204200797e-01 5.381442718941570336e-01
9.046509956825573573e-01 5.132384947849421009e-01 6.141627154292544910e-01 6.051900739700974974e-01 7.355115206446498632e-01 5.997616205483187191e-01 6.188383304322083722e-01
8.337858813684377868e-01 9.301864098024406058e-01 7.935933788760722862e-01 8.524585722309866442e-01 7.656697216443717480e-01 9.286776941741800018e-01 9.705456292201561919e-01
2.668486573864579103e-01 3.299141419024008703e-01 3.097327932066199496e-01 2.545374097314671569e-01 2.517477697692811489e-01 3.693551337767991272e-01 3.039784486134956554e-01
5.749193801683777361e-01 3.733463270854294747e-01 4.643444859172316530e-01 3.159906819125387067e-01 3.512678802944719791e-01 7.416184953146258696e-01 4.984766053966774857e-01
8.492945524488498821e-01 8.371724606438777361e-01 9.861361352333642971e-01 7.783134348472532382e-01 8.197512323968112469e-01 8.781582560255970504e-01 7.267790717569216907e-01
2.900854623472778199e-02 4.793197293383189006e-02 3.381250961248879333e-02 3.013327291995295670e-02 2.751956973224878311e-02 5.089650264558210485e-02 4.832731085616649713e-02
9.031182373847614908e-01 8.777613265979893331e-01 9.885892496408814623e-01 8.319836118697762073e-01 9.252464110031723976e-01 9.442092909970164483e-01 8.726307212561603688e-01
4.178924122095113991e-01 5.444907442941162579e-01 6.905497203165845699e-01 4.586402885400311380e-01 5.305570233613252640e-01 4.812909156367837782e-01 4.028618750786924219e-01
8.372844530435163968e-01 5.070034085619282704e-01 5.251285549488288185e-01 7.459456188584149272e-01 7.867041949648410082e-01 5.237170082263110649e-01 7.067733929897364042e-01
7.157903339006713717e-01 1.778674623461850013e-01 1.950350912136217252e-01 2.216013851718594829e-01 2.413279695902019739e-01 1.894999294687289282e-01 2.116469597772029088e-01
1.867286058124193460e-01 6.058604202315267528e-01 1.925422429484788811e-01 5.501580299708042077e-01 2.504203552380204201e-01 2.125236591701906985e-01 3.465252159360884820e-01
2.339211574520203840e-01 4.057302776505784525e-01 2.993366303123992100e-01 2.409552654643972447e-01 2.253244142048060894e-01 3.573563574769953455e-01 2.686322980583698006e-01
7.554728070532396034e-02 3.548595690374013040e-02 5.321031025990527463e-02 3.721710626898030311e-02 4.770812578499317169e-02 4.498634650262518797e-02 3.670143555576514671e-02
7.623844864360933560e-01 7.105588191042689905e-01 6.106799573791971136e-01 9.358836207251068906e-01 7.669060565531253815e-01 6.877890679471191371e-01 9.802242281136857027e-01
8.327598754924919744e-01 4.693059854685264209e-01 7.444038273557473939e-01 4.969505991882472440e-01 8.317929834593087435e-01 6.698741934233976014e-01 7.354285936417164216e-01
7.935097646953557238e-01 8.863470670062477685e-01 7.941334997321859435e-01 9.595061579744799118e-01 9.054010703694075346e-01 7.877945898250371393e-01 8.974819683714722052e-01
1.317075517834642162e-01 2.117143575330148741e-01 1.374010275316462359e-01 1.734375963076129901e-01 1.404835572466254234e-01 1.698474753970983797e-01 2.208430661865078692e-01
6.286782311406882151e-01 6.290979604459422392e-01 9.722151639071140439e-01 5.395865127762552449e-01 6.212110512424260378e-01 7.357035575781510905e-01 5.209773165709840059e-01
8.025640049356534966e-01 8.729235352509956414e-01 6.764097273713157721e-01 9.770702952928530527e-01 7.487858908716589212e-01 8.038982389515793026e-01 9.601508512591919731e-01
8.902088892065865844e-01 6.799566460617094688e-01 9.757057429149004202e-01 6.454918415776936813e-01 8.706582651939243078e-01 9.417046171031169255e-01 8.095986234983031382e-01
5.888740726070250675e-01 4.498143534295218071e-01 8.104052357016352515e-01 4.027620713819697884e-01 5.522498113568872213e-01 7.736003442096507365e-01 4.818724266455984839e-01
8.726451636736093365e-01 8.020726265931961141e-01 7.214481742539052833e-01 8.710964899973674402e-01 7.851554073859006166e-01 7.585889071725678834e-01 8.423517173718733098e-01
1.908064549976410396e-01 3.536369720093289204e-01 2.509134679004457191e-01 2.305442028088203199e-01 2.172903257887810469e-01 2.550635682695571727e-01 2.213162331598944599e-01
9.579819593649154807e-01 5.436375769987753515e-01 7.672982595806734363e-01 6.255472244121211833e-01 9.053859771229326725e-01 6.692120741220336511e-01 6.002158533130294016e-01
2.688180033447168937e-01 2.411592491446002684e-01 4.016339630897012847e-01 2.067335186624951748e-01 2.526860982179641724e-01 3.432313990361388623e-01 2.501518208029967494e-01
2.671040667074016661e-01 1.984237714286200271e-01 1.769761720543640282e-01 1.680195466084148659e-01 1.610437033232301474e-01 1.879925997451838415e-01 1.865815937744676467e-01
2.569250961677025380e-01 2.132950680245059016e-01 4.333340245633626187e-01 1.987612588786100420e-01 2.863409200217574835e-01 2.803508539579177006e-01 3.237843820457438349e-01
2.128842152396603904e-01 9.070659643324613386e-02 1.126503495634273294e-01 1.088979320310172888e-01 1.333971249405294657e-01 1.053696645356851924e-01 1.018984702326024006e-01
5.835173954111526340e-02 8.558162528657159429e-02 1.802858316521863957e-01 5.224004532003977824e-02 5.907415412366390228e-02 9.104005609828662582e-01 6.005516434877700843e-02
7.197321306215963554e-01 6.800007919902454345e-01 6.803464813698973934e-01 8.567847795426362101e-01 8.419227444101125002e-01 6.216368743236555527e-01 7.076068896277386555e-01
5.581198852319709802e-01 3.101555544695374644e-01 3.377065553475267490e-01 6.231042100259863714e-01 5.371806507464498281e-01 2.937892421279387212e-01 3.421326015887821703e-01
5.270711757984958279e-01 3.962081250256961340e-01 3.684423496970657963e-01 8.044796662699643663e-01 6.328703260514885187e-01 3.710452468106013035e-01 6.642511861608214607e-01
9.689124525966756607e-02 1.110075236598165871e-01 1.131443895586941029e-01 9.433779172252867995e-02 9.718321077525615692e-02 1.157659877686490063e-01 1.131128664108722592e-01
5.473996811475434487e-01 5.546951633036528717e-01 7.482801988129696991e-01 5.530075410425389082e-01 7.045514741912484169e-01 5.582752899555691872e-01 4.846085178010562378e-01
9.669837474386895337e-01 9.105648627274812723e-01 9.668392472209358379e-01 9.349464746071499688e-01 9.898691270500421524e-01 9.478190657678720044e-01 9.588761059424767419e-01
1.496215116291521596e-01 9.237989499177196029e-02 1.158254557485045577e-01 1.142924959502550214e-01 1.415962595492601395e-01 9.990880020908027292e-02 9.903188100204755873e-02
3.170074277140616514e-01 5.912054878477864817e-01 3.434209814118095450e-01 3.255962623537266287e-01 2.795494066085666418e-01 7.413226420748951773e-01 7.910549921371107240e-01
3.696229340953214315e-01 4.218538934055161560e-01 3.229238030860818176e-01 7.942733006204605317e-01 4.962547989562153816e-01 3.454099108857503486e-01 9.317637349596891161e-01
2.909445063705689005e-01 1.925189064780526982e-01 2.128697272524038009e-01 3.213620353267298002e-01 3.776802483480423689e-01 1.859098193037873603e-01 2.246892177448730488e-01
8.886337399852135555e-01 6.928024003125332619e-01 9.960060000057266993e-01 7.494212057838652852e-01 9.789211358875036240e-01 7.603565527622506703e-01 6.982595682898848910e-01
6.469947173133315799e-01 7.383472899374133869e-01 6.408230352708851330e-01 7.108142827581973577e-01 6.661343898158520460e-01 7.339615120118839764e-01 9.433682393731009919e-01
3.933155456192075246e-03 3.353503605050577215e-03 3.892730190780331265e-03 4.159292690675104112e-03 5.181886954233050346e-03 3.268388486354887896e-03 3.697965818892099202e-03
5.758682381629501856e-01 9.932943364136456177e-01 6.403895713806562195e-01 6.941397718665074379e-01 5.796927192714065313e-01 7.948554808384006298e-01 7.492537939863428420e-01
1.230016408009092788e-01 1.766509670671175813e-01 1.288332003432105244e-01 1.226654649963058452e-01 1.088136648759245872e-01 1.813963779956834776e-01 1.482847305745482458e-01
9.819933616381087971e-01 8.147127266609534013e-01 8.633938031450894002e-01 8.927754142101740342e-01 9.512930144555866718e-01 9.123967136127378863e-01 9.660090474838236574e-01
6.922472338284909599e-01 9.519288917383439408e-01 7.394705102255697549e-01 7.546485462121156340e-01 6.641021298710256815e-01 8.770819558005604755e-01 8.817105601546507687e-01
9.433170434986978270e-01 9.598795075201574933e-01 9.427984217631385500e-01 9.924086867225869746e-01 9.935293986927717924e-01 9.339325955101825949e-01 9.849278557904134201e-01
5.817008532593553882e-01 4.908506143224291018e-01 6.508242820789666983e-01 5.239247730465026454e-01 6.669710502028465271e-01 5.308247855757328715e-01 4.902980067992950275e-01
8.635487364642464581e-01 6.625814650821030272e-01 8.908452594772094946e-01 7.143881217898495617e-01 9.202661556191742420e-01 7.566566849982380161e-01 6.950718073678647801e-01
7.054106524939099954e-01 4.516686575612747223e-01 9.607932906954490537e-01 4.374176456078425757e-01 5.448054005391895771e-01 5.615560898565552517e-01 4.021799547057102742e-01
6.563762367734969905e-01 7.141081920377454484e-01 7.949523127777186060e-01 8.475712013697171976e-01 9.158208444714546204e-01 5.956365393843876532e-01 6.386190995640542711e-01
8.080015482773509339e-01 7.719039862138623587e-01 8.260139757715400100e-01 7.970420394137263109e-01 8.464091895148158073e-01 7.876403390811452798e-01 7.875284165510041401e-01
2.611537686913857348e-01 1.586953495651527712e-01 1.472493008101825873e-01 5.859673478012175085e-01 2.704602568410336971e-01 1.461325577682769661e-01 2.550287456632336358e-01
1.396646078791524172e-02 1.543320724468132121e-02 2.023598507925064918e-02 1.263555700133542001e-02 1.411424740217626095e-02 1.796548385959415017e-02 1.324549386355422520e-02
5.740140603132978248e-01 8.778951114761183172e-01 6.233328506072011166e-01 7.916074013463609838e-01 6.638693294953554869e-01 6.394275120934524992e-01 7.106839778292757259e-01
5.161151035848882129e-01 9.847808417308990814e-01 5.194056872489466459e-01 6.933622466431563769e-01 4.854786985088139772e-01 7.689040421975827932e-01 7.029911344433775744e-01
3.399241185246134611e-01 3.098419656811258194e-01 3.068494980266711636e-01 5.661866672118003319e-01 6.030159108340740204e-01 2.699964703398448074e-01 3.639474984728765516e-01
1.561509681236573355e-01 1.535779740676583294e-01 2.448353743088181045e-01 1.260421219554044014e-01 1.427144128829240799e-01 1.753539896708613821e-01 1.279108153650269086e-01
6.626822237240032054e-01 3.023998637799722444e-01 4.988318352903598485e-01 3.821925494649751065e-01 6.784876857418566942e-01 3.534599657888980451e-01 3.148032313549017913e-01
2.794402013799909823e-02 2.921300849812550476e-02 3.038176081270933110e-02 5.717165375307897701e-02 5.422226269729435444e-02 2.279672104861476048e-02 2.622841002635871097e-02
6.059128247954463919e-01 5.331813777074612126e-01 6.410291327068793343e-01 4.399935652922365437e-01 4.890527352690696716e-01 9.490777830871482967e-01 7.718535834359399050e-01
1.578797378109906835e-01 1.615307179049911834e-01 1.456657419948768351e-01 2.013229030372907791e-01 1.727115658577531576e-01 1.416360239188403092e-01 1.608553598818026897e-01
4.768535429352053767e-01 6.585853401196332113e-01 4.648478616671636310e-01 7.130911437449494183e-01 5.474938745610415936e-01 5.313886235756469789e-01 7.952979491031948456e-01
4.459865100616124400e-01 1.433940007235298686e-01 1.668966716493293645e-01 1.711062678824138983e-01 2.079484013374894857e-01 1.710841143990604607e-01 2.119391121163059222e-01
7.413895474583613587e-02 8.514955817958874684e-02 9.175842365517056232e-02 1.047431354934019732e-01 1.547947772778570652e-01 6.886134323520866352e-02 7.461992796106725612e-02
9.524201686798638988e-02 2.650041306841864272e-02 2.595315689727326763e-02 6.079193658171708203e-02 5.259703774936497211e-02 2.381597815023823311e-02 3.706817314598730845e-02
5.830081298751677021e-01 4.624881347717637037e-01 4.296964694343670121e-01 9.674929619352137244e-01 7.029300788417458534e-01 4.213332691697702082e-01 6.057055826814379262e-01
2.431428288980143348e-01 2.385928334021354957e-01 2.440049946715888984e-01 2.034945106090207401e-01 2.079324393998831511e-01 2.917938643542443700e-01 2.987959725325043392e-01
5.019961710625203688e-02 8.934648484798424217e-02 7.319967166499295741e-02 5.338563643613503801e-02 5.195527663454413414e-02 7.458435452780634578e-02 5.575232432627193202e-02
6.917311314528453714e-01 4.462167698294897678e-01 6.053385061603971939e-01 5.451259651149176211e-01 7.095642560161650181e-01 4.820469167876166305e-01 4.615373090502939979e-01
1.347192005515404356e-01 7.840706838703059844e-02 6.869517890499327040e-02 1.962633468137263137e-01 1.028383080847561359e-01 7.980840478088650769e-02 2.192530473688987513e-01
9.742693793604497721e-01 8.268707672416898413e-01 8.710521355532936383e-01 7.871608947782541277e-01 8.080584176350384951e-01 9.882706422381548617e-01 8.764265855167743258e-01
7.086333951196792658e-01 3.713382869007733067e-01 7.645182070465058599e-01 4.476356068354720441e-01 6.379133707378059626e-01 4.090080607330486284e-01 3.566741575876555825e-01
7.797249196195721321e-01 4.719321401063650279e-01 6.919251192255854166e-01 6.140966924602836441e-01 7.478000486735254526e-01 4.838223596002049209e-01 4.568262417585052804e-01
4.332465297647917768e-01 3.885572978216541018e-01 4.017572953322441354e-01 4.185997867757200730e-01 4.331270144321024418e-01 3.664393141835429191e-01 3.793396632419064884e-01
2.853764339082958124e-01 8.341353763977209512e-01 3.841291839672605901e-01 2.848181569329206186e-01 2.548893846105784178e-01 7.509912193307405337e-01 3.051803769646223574e-01
8.757610179983552623e-01 4.942356073111555670e-01 7.873301909213922256e-01 4.869105252979824550e-01 5.958224504720419645e-01 6.329073587890580166e-01 4.681544116434650515e-01
5.489822576059792958e-01 3.379175380497378423e-01 4.337440694939680985e-01 4.269641554813118356e-01 5.416356408968567848e-01 3.618560147994549503e-01 3.596676324516808188e-01
6.224855339629531414e-01 5.857104145100713311e-01 5.557926894812456053e-01 4.886734487951830408e-01 4.666725154966115952e-01 6.597312534432193676e-01 5.207278785504512175e-01
2.740721807372171748e-01 1.417626849089465846e-01 1.934228313518000508e-01 1.570507702647413739e-01 1.961043966002762318e-01 1.685230102008115072e-01 1.485790605793741170e-01
9.686804524950691775e-01 9.942489641309257831e-01 9.941844166373500213e-01 9.926678905317347645e-01 9.974324437789618969e-01 9.372337901427528761e-01 9.813553187473307293e-01
3.333585600559074158e-01 4.681981110790642830e-01 4.817039368892931384e-01 3.026332514254192474e-01 2.983660055324435234e-01 5.088076068833867760e-01 3.032150344263425112e-01
6.903484674127153831e-01 8.151693447378545176e-01 8.295494631881092928e-01 7.215690147759995510e-01 7.425146424211561680e-01 7.747012946807552147e-01 6.978541016773398553e-01
5.968489945037676048e-01 6.922058445460013143e-01 5.206487269268128548e-01 6.217032220913591978e-01 5.074190560262650251e-01 6.872894951788627305e-01 7.266805705784882274e-01
7.553494716238252638e-01 9.807289275329440503e-01 8.497395352336689633e-01 9.841124922221735627e-01 8.148717558942735195e-01 7.834794945738002836e-01 7.673664179449032341e-01
3.820322310778399011e-01 4.816604293926317615e-01 5.148664290617807060e-01 3.206945255499025760e-01 3.261403662618249655e-01 6.869845890901072893e-01 3.785576933124462640e-01
1.196904340146360962e-01 1.119720429808204465e-01 1.174501868122364845e-01 1.008545676816092473e-01 1.037982997950166464e-01 1.338802528682079829e-01 1.159490766950157375e-01
1.809817601120079500e-01 2.284176042671659246e-01 1.826889376513702867e-01 2.625391634604573032e-01 2.175441884901374578e-01 1.820234027161377055e-01 2.234962505264799781e-01
3.793153175453605197e-01 9.836889377718245342e-01 4.668227090636832832e-01 5.227288910805001354e-01 4.409064617939293385e-01 4.947289926840370278e-01 4.754193960682036590e-01
3.044234143533873782e-01 2.474668397548630272e-01 2.355496174124389053e-01 4.530917841037539473e-01 4.142765672877430916e-01 2.308260333513811879e-01 3.606147022169068905e-01
1.907723091719570330e-01 2.568727384209625320e-01 1.706996427396885174e-01 2.734069172717780161e-01 1.895534892100840807e-01 2.070280836289463966e-01 3.032038906153486924e-01
4.763894519586601706e-01 6.576958654221376488e-01 6.261880972998049577e-01 4.207027970824118723e-01 4.139121884945780039e-01 8.415794897042230271e-01 4.691741195977344736e-01
8.217795161635935153e-02 9.843903851670490757e-02 1.257497469598949369e-01 6.778236408635170129e-02 7.299908506684005260e-02 1.951676023968129947e-01 1.020040533455829068e-01
4.091448100381552822e-01 3.945988603812280449e-01 4.402866236664866317e-01 3.863067268102788887e-01 4.095724548678845167e-01 4.040325805433577777e-01 3.777362536656788117e-01
9.954514464554048425e-01 6.308854744130233394e-01 7.308273415684412022e-01 7.653725917847528093e-01 9.383965649176388979e-01 7.649443220801035448e-01 8.238122705593500239e-01
8.717074012668660776e-01 8.320838750188123134e-01 9.822796770651701648e-01 7.894100047192059710e-01 8.595171114429831505e-01 8.858663659055483475e-01 7.587605652074637108e-01
8.351568253365865280e-01 9.254841230889204740e-01 8.267507486435193842e-01 8.640229676661033142e-01 8.052140607032924891e-01 9.239402348887357785e-01 9.546856956460861854e-01
9.580507015068421284e-01 7.234625205727318598e-01 8.880669724002157039e-01 7.886464734908342766e-01 9.456232890952378511e-01 8.486150758839436925e-01 7.810369558044177873e-01
9.093195238768159161e-01 8.504699067156373804e-01 8.817594405232275223e-01 9.285545181693044547e-01 9.725303272716701031e-01 8.541496064963760571e-01 9.386594045802610919e-01
6.058748406958541777e-01 6.062936306383138740e-01 7.418113139171487180e-01 4.791118555884069652e-01 5.159556961152702570e-01 7.897725736177365619e-01 5.991100369091350020e-01
3.988958944828188136e-01 3.793891868823015545e-01 3.750409691109833910e-01 3.602872263150904697e-01 3.600460127927362919e-01 4.057184962981809084e-01 4.273119107754485557e-01
1.638973541457047767e-01 2.368023389289658220e-01 1.603960034575926952e-01 3.183667920329727452e-01 2.129506247583776712e-01 1.695715710959010691e-01 2.667120923120524512e-01
3.657903992747595090e-02 2.951582473501906598e-02 2.812294038751950859e-02 5.146675237251794460e-02 4.489845200441777706e-02 2.706678421676993532e-02 4.010998672886222777e-02
2.167913424116765103e-02 3.634146304634166408e-02 5.114504733637456613e-02 2.171946137319824902e-02 2.392893726937472820e-02 3.573687018993666753e-02 2.364004822112504914e-02
7.862802294214421561e-01 6.187019449715507324e-01 6.065219123077478791e-01 5.746105783101285169e-01 5.661319014616310596e-01 7.779595137475420197e-01 8.348450686454694791e-01
4.551174512117650561e-01 5.278355534413281536e-01 7.257549590369398729e-01 3.960683012149724957e-01 4.537369322497397661e-01 7.702454844451118721e-01 4.625088288506926104e-01
3.365941729115750625e-01 6.329894441115324621e-01 3.861990382428446278e-01 3.638287511501632210e-01 3.179607542697340250e-01 5.667327600683371713e-01 4.917706724022380405e-01
6.598366746410662120e-01 4.354129845891508421e-01 5.067464341555291130e-01 4.291830058990081520e-01 4.944508317857980728e-01 6.492360172264648455e-01 7.962089435575909757e-01
9.069743645512795549e-01 9.657033865954290919e-01 7.577298042989534244e-01 8.997690653802972172e-01 7.303993788082152605e-01 9.542399751548752418e-01 9.465808383686757921e-01
3.401936269096687560e-01 2.783728667641896526e-01 2.831845874242080452e-01 3.255077556737454580e-01 3.393069608137011528e-01 2.918147383463001732e-01 3.727105136421710041e-01
7.704619038960153210e-01 9.604051278708901629e-01 7.497291526476169699e-01 9.564129650518025105e-01 7.982044860254973173e-01 8.713697660100123699e-01 9.885787562000070139e-01
8.381827872107219246e-01 6.218742051681596106e-01 6.411599111307307863e-01 7.007044614839734731e-01 7.287385698873549700e-01 7.077930670345975450e-01 8.420035900241316096e-01
2.134033864761146759e-01 1.490704400391557050e-01 1.441213336806534129e-01 1.720300659225408590e-01 1.633377659600228071e-01 1.704535019416563713e-01 2.060158200440245779e-01
3.088614128147916249e-01 2.089911896983545625e-01 2.742489700210519188e-01 2.896202291043118993e-01 4.119015668984502554e-01 2.120648842362067577e-01 2.193550248592299190e-01
6.977428120473747608e-01 9.781062237695166139e-01 6.668326273867587473e-01 7.939073328267077789e-01 6.040090501774102449e-01 9.294590690000282818e-01 7.868710321923778617e-01
5.789206432973987432e-02 4.861345840069759144e-02 9.122881663713748590e-02 4.748470472389972746e-02 6.182123860344290733e-02 5.697187512529149067e-02 4.365668813402533155e-02
9.983571173744962834e-01 8.780362069432962047e-01 9.051815323334664320e-01 8.757097037725940503e-01 9.056069292128086090e-01 9.971916187907876594e-01 9.988788018340690744e-01
2.878876334222479350e-01 2.711273970142281664e-01 5.986623269611559550e-01 2.382787144684341551e-01 2.810176231432706118e-01 3.221454875327761647e-01 2.219928219836254657e-01
3.948356025803644309e-01 5.267041556058528196e-01 5.628878560751287008e-01 3.806852677207346880e-01 4.048061158973723650e-01 5.909269914549858393e-01 5.127773509781509143e-01
8.799041480461116116e-01 4.768854041977518832e-01 5.746395045281733616e-01 5.459385127788743963e-01 6.303245397284626961e-01 5.312239903763616988e-01 5.215153082564844000e-01
7.714046670594415511e-01 9.909642791159937181e-01 8.525242586972638925e-01 9.124638940979781232e-01 8.408209274057298899e-01 8.533873278837246223e-01 8.588982850355163512e-01
2.923307617757751609e-01 3.541498136244859984e-01 2.557527920722960646e-01 7.436177955672279571e-01 3.469939231872558594e-01 2.781542706166744705e-01 4.622763158470240552e-01
3.051108571892398313e-03 8.791576927025070154e-03 3.171953831808305754e-03 6.041876463118031615e-03 3.390903351828455925e-03 3.844816974234512973e-03 4.636943854124257573e-03
9.109001457403469448e-01 9.608633709070785178e-01 8.783065127454381393e-01 9.970325183791378665e-01 9.324523485265672207e-01 9.040410890798834531e-01 9.859590134411708728e-01
2.139471684030680443e-01 2.598980487160512109e-01 1.944545642050494461e-01 2.877511628984072978e-01 2.134092880878597498e-01 2.265118869983931138e-01 2.755180793039517795e-01
2.832137236845954642e-01 1.373351851076027030e-01 1.380550195448914941e-01 2.096070225238950979e-01 2.196332607418298721e-01 1.455654489981135502e-01 3.997729174434482835e-01
9.711672895409979578e-01 9.822455710284878627e-01 9.572081813204862399e-01 9.421990010953162908e-01 9.188345829024910927e-01 9.493226799397177507e-01 9.250152569676628467e-01
3.722087705043709838e-02 1.051533255418589802e-01 6.824574004435372820e-02 4.202287528686385332e-02 4.174450947903096676e-02 5.894529980120379736e-02 3.942848303795036535e-02
3.726468798009669459e-01 2.779756516799253840e-01 8.393397052955180460e-01 3.337691477993575129e-01 9.154837315436452627e-01 2.899979100265249188e-01 2.698110536780894964e-01
1.134326853492145792e-01 1.625914486104245993e-01 2.714229586331652344e-01 1.067297377888131726e-01 1.142723276279866695e-01 1.701904032401989619e-01 1.060585252209326340e-01
3.039741408386803512e-02 4.800673233126216688e-02 3.596796246742807457e-02 7.450924760269543590e-02 5.482363002374768257e-02 2.935479530515352695e-02 3.417365223246668360e-02
3.603418561111577101e-01 2.049634867511269665e-01 2.489209931717759616e-01 2.459613482702655007e-01 3.059431423898786306e-01 2.297306678306224315e-01 2.588514236425076831e-01
9.419150734342747189e-01 7.247112545377151216e-01 7.933882649833442491e-01 5.970489079463880966e-01 6.149665140546858311e-01 8.357758789919577103e-01 6.460357773274812976e-01
4.811379322662266422e-01 3.867228059979959665e-01 7.918254202939609687e-01 3.735719831484147768e-01 4.764963050838559866e-01 4.713137833184076753e-01 3.425505038369467403e-01
6.921793288054771676e-01 4.008828968285923500e-01 4.658478303662903497e-01 5.480963894447967721e-01 7.425649710930883884e-01 4.348328615901371208e-01 5.316996265739093452e-01
6.167004163676442774e-01 5.019681049626455449e-01 6.538353218107157971e-01 4.608747613834392465e-01 5.149713335558772087e-01 6.129230795538772592e-01 4.663913803944363945e-01
3.906534450172394202e-01 3.565946583827755978e-01 3.082017396153551303e-01 4.834616654838934657e-01 3.941253984812647104e-01 3.421497668800267400e-01 5.731672227253611362e-01
2.735992251203296921e-01 1.551666165099517825e-01 3.400159780680546695e-01 1.680385478211008643e-01 3.416265461128205061e-01 2.040475068912288581e-01 1.611503926170281820e-01
6.995685545916019432e-01 7.146192704154776809e-01 7.685361271626642843e-01 5.911247363703302504e-01 6.218906142748892307e-01 8.935322717429396988e-01 8.006653423105514200e-01
5.504890873370047455e-01 4.227549845625023228e-01 4.247763270409108394e-01 3.610070436806752658e-01 3.582698272075504065e-01 5.777228296092218329e-01 4.328541000926769411e-01
6.322973871072088414e-01 5.266533766427471397e-01 7.635256238296086462e-01 5.197205346963428285e-01 6.125713915098458529e-01 5.968239506273891326e-01 4.804321021866912456e-01
9.324803485853278007e-01 6.919704409244491483e-01 8.495151093787554064e-01 7.501110180977405006e-01 9.249093674588948488e-01 8.105634187597803297e-01 9.034844849977289316e-01
1.923836964775720582e-01 9.965733760747515213e-02 1.240600716917094892e-01 8.104226163463842947e-02 8.378125121816992760e-02 1.275414440989670328e-01 8.121100744416410999e-02
6.595574314529557558e-01 9.493858738947803522e-01 7.503561529818479903e-01 7.912849911809147763e-01 6.928762972820550203e-01 7.911417134863963918e-01 7.332256927936959823e-01
6.502734292848066922e-01 6.443489220404396978e-01 8.569592235329495100e-01 4.980896406766713858e-01 5.518726345617324114e-01 9.303177460138162269e-01 6.510143005745562261e-01
7.445895325699887213e-01 4.996823889591477941e-01 8.398962943261599756e-01 4.699616398437577169e-01 5.949377804063260555e-01 7.130493942302845722e-01 4.784357471901912739e-01
1.053725338295401770e-01 1.365375037486814547e-01 1.033048789060185824e-01 2.100905947308147614e-01 1.556853894144296646e-01 1.001247162771847082e-01 1.537286312126952270e-01
4.223515371729240631e-01 5.256595980671744384e-01 4.565304360186206445e-01 8.503333537321651203e-01 5.425952190998941660e-01 3.883064977675609319e-01 4.227902891105594363e-01
1.969171804683434723e-01 3.004511561564564004e-01 2.075481403454388640e-01 3.958423135019948913e-01 3.160425429232418537e-01 1.957959496683231715e-01 2.800943607832008242e-01
1.220740761917565170e-01 1.203963052155733321e-01 1.045746253878830356e-01 2.321814960899422076e-01 1.615258695092052221e-01 1.060930640223928245e-01 1.554782658470748591e-01
2.065166472155198218e-01 2.726019002246170553e-01 1.914616203647516446e-01 4.276213780478804183e-01 2.595191283617168665e-01 2.080022801362997886e-01 4.894381297938511510e-01
2.356283192089466128e-01 2.425787201908382040e-01 1.959426431437262528e-01 3.185810997030464331e-01 2.438261075876653194e-01 2.256118259031036910e-01 5.877928865821093751e-01
7.038792001070641735e-01 5.189298524992381756e-01 9.631901248534081583e-01 4.447813329945772831e-01 5.442972253076732159e-01 7.717323607193209423e-01 4.694340329100949449e-01
4.090816543897697888e-01 4.340030340405649500e-01 3.985497116419892683e-01 4.823263681124779767e-01 4.738096583168953657e-01 3.999749570054023651e-01 6.060898247855509569e-01
3.518907220517785150e-01 3.955349280304659154e-01 3.573111387726193300e-01 3.855528514771441873e-01 3.708373669069260359e-01 3.805426203152887932e-01 4.420357336419285521e-01
2.870355936495294288e-02 1.277308156629630709e-02 5.010776160146061808e-02 1.503719590148270592e-02 1.888408721424639225e-02 1.400866841071801705e-02 1.153453486530056811e-02
3.094205703839493782e-01 2.724819964157763064e-01 4.136598037822350471e-01 3.896229631678505556e-01 5.241985076572746038e-01 2.481232044432812867e-01 2.458553621793121702e-01
1.420540964074255841e-02 1.323039265019891955e-02 1.210696751366029111e-02 1.707942007329677284e-02 1.544511155225336552e-02 1.230037000230974238e-02 1.677983034059290016e-02
6.514741062480815526e-01 7.362544613613642985e-01 5.821872483785303087e-01 8.472175664111323279e-01 6.710595877375453711e-01 6.940163080970035425e-01 9.388966439452656187e-01
7.708568205736596735e-01 6.706617538474982654e-01 7.182443190780479769e-01 5.377021771525093419e-01 5.540214374195784330e-01 9.960734789958743951e-01 6.813216377755774156e-01
9.333955092064860626e-01 6.401197814848931245e-01 8.702467537795257613e-01 7.338311870999298936e-01 9.401816967874765396e-01 7.149434173550046623e-01 6.727926421430096005e-01
5.688712887216534897e-01 4.905976893364247804e-01 4.880257562387967374e-01 7.209786288484771877e-01 7.322665040846914053e-01 4.558186948708390362e-01 5.895467740092150688e-01
2.596954752470197469e-01 1.814661856313172505e-01 2.485438430929735321e-01 2.146091177708926989e-01 2.948512467555701733e-01 1.970437479457726737e-01 1.914825229821927599e-01
2.035748602275475050e-01 3.507502753137254348e-01 2.270240738051060303e-01 1.898923667337907850e-01 1.694669444113969803e-01 4.324612784766030948e-01 2.232259239725891964e-01
6.725149511124749457e-01 1.729051039255032896e-01 1.542522304590761562e-01 3.557450866365560738e-01 2.322779286187142134e-01 1.656732692925329820e-01 3.045236268201749752e-01
3.184154884106156214e-01 2.509738973484922364e-01 4.709670217903025313e-01 2.763980693835658697e-01 4.408272942528128624e-01 2.712195801846995491e-01 2.392761163581361428e-01
1.093614442721580343e-01 2.445452636672918179e-01 1.220914343744089053e-01 1.122296635910794288e-01 9.553721058182418346e-02 2.171098983495282075e-01 1.328447655294595631e-01
4.444250956300885846e-01 7.462843606044710087e-01 3.082543314964356074e-01 6.148309889497454161e-01 3.089603022672235966e-01 5.683681759312333437e-01 9.781205583137677628e-01
7.095435575510495863e-01 1.845134830493885825e-01 2.169797494022719375e-01 2.612568777572927270e-01 4.562921542674303055e-01 2.152570880691229982e-01 3.607206603865005246e-01
8.381239379884940222e-02 1.134700621767896489e-01 9.680386439527814690e-02 7.259634841310799724e-02 6.951445760205388069e-02 1.496361454638255595e-01 9.340360286534638012e-02
7.309136733171152089e-01 3.700077924535591922e-01 6.993163728680830138e-01 4.033824485690029049e-01 6.726521928794682026e-01 4.784564424871300958e-01 3.858121627480742277e-01
8.327918632463457982e-01 3.642077121407068518e-01 7.209337716581678546e-01 3.675621069952743625e-01 4.895933680236339569e-01 4.666012179745306909e-01 3.459041823051139386e-01
1.823827876594077413e-01 2.471875172905541040e-01 1.635241339682836359e-01 2.111226460011083883e-01 1.613362678326666355e-01 2.366741791201384393e-01 2.845984385348610535e-01
7.783662282257280962e-01 8.700344506096349129e-01 9.724436002381904309e-01 7.921278078363942488e-01 8.595309481024742126e-01 8.538798702955735509e-01 7.477648440739627089e-01
8.271583393509337467e-01 9.380407666035082137e-01 8.504112625283258842e-01 8.546982713192011749e-01 8.140246199909597635e-01 9.340481011165440162e-01 9.397930842308933608e-01
8.145785944162888814e-01 9.084689848453595395e-01 7.639393975881734189e-01 9.896062215044776345e-01 8.635843731462955475e-01 8.125808154230726998e-01 9.573007897550253054e-01
1.592283588456122057e-01 1.782119534913051417e-01 1.533334424437945431e-01 1.860881437073820255e-01 1.664280709810554981e-01 1.626030608883853035e-01 1.951447512969372300e-01
7.618508641763231948e-01 5.435794348189931791e-01 6.536068942875321586e-01 7.532072890392015330e-01 9.676198656670749187e-01 5.470831840987167016e-01 6.101811137392366691e-01
1.198615200903623140e-01 3.595176963561496075e-01 1.418468714359709670e-01 1.573459811611289394e-01 1.363315221387892962e-01 1.705833388782593274e-01 3.280292564148725165e-01
5.818142686888605475e-01 6.514205365939076398e-01 5.697725361672553168e-01 7.428545821849746877e-01 6.737165478989481926e-01 5.690398447798341586e-01 6.758970254495536567e-01
3.059267723003998296e-01 1.358176469852601098e-01 1.484396062597627963e-01 1.528688211326814927e-01 1.600263880100101233e-01 1.493289938204203082e-01 1.502665654066176193e-01
4.439687449045163353e-03 6.321414843184309726e-03 4.171430567499426201e-03 7.868880946932190618e-03 4.837731365114450455e-03 4.542721311327812921e-03 5.684803527861048700e-03
5.016705856869740909e-01 6.165052559909519614e-01 5.956642162000439500e-01 6.913484969668041158e-01 7.362723704427480698e-01 4.877814748692151925e-01 5.490677919669482154e-01
3.057312845317049499e-01 3.825851107590751421e-01 5.637053449665789806e-01 3.255471377561379165e-01 3.583611859939992428e-01 3.531152307175098870e-01 2.778645377982310594e-01
8.592363843552683900e-01 9.552620897654353627e-01 9.247996689792817859e-01 9.775170021384799179e-01 9.654722737614065409e-01 8.453851830465595185e-01 8.833489477515734656e-01
3.071158606266329374e-02 7.472721614820559966e-02 3.410381654462566609e-02 4.353604118169825121e-02 3.310890006832778454e-02 4.242429729270748989e-02 4.447449797084689072e-02
1.579930437126329523e-01 1.816477927188881181e-01 2.366081626199245114e-01 1.494602164640396746e-01 1.622180847916752100e-01 1.910060945780567565e-01 1.438401714703526069e-01
2.207098589881795747e-01 2.703416557625894501e-01 2.327188990278151182e-01 2.533801186115200998e-01 2.330684277694672346e-01 2.450120899024101073e-01 2.516897713061697073e-01
9.079619905906209931e-01 8.821230311320151785e-01 9.612203222793030966e-01 8.118057651921239959e-01 8.717420531902462244e-01 9.773727416659656608e-01 8.888555083803441059e-01
1.050742160763267104e-02 1.711562906027028555e-02 1.614800740005062699e-02 9.275343814815010732e-03 9.192461147904396057e-03 2.709374553463519963e-02 1.223405269047534057e-02
1.723896732944025789e-01 1.836932424326050139e-01 1.709481267209055633e-01 2.561178519234459383e-01 2.500136902090162039e-01 1.557175378488289685e-01 1.985100047655430633e-01
5.622674154296206650e-01 7.929596763891095801e-01 4.181839127128090250e-01 8.715749210309026163e-01 4.244932548608630896e-01 7.166077702571120867e-01 7.501172284300616777e-01
5.673789314313506527e-01 4.497749912430581976e-01 4.860958120137338079e-01 5.128723254976771395e-01 5.361916469410061836e-01 4.620917010879564968e-01 4.756895184805727816e-01
6.097430901140301618e-01 7.095994789590456264e-01 6.768643751406021591e-01 6.348651968191357797e-01 6.375776345375925303e-01 6.970630894452162218e-01 7.551520786776748650e-01
9.476509586630130766e-01 7.937282921633542765e-01 9.588831034441688272e-01 8.140264897369551278e-01 9.709575909655541182e-01 9.089105162273445337e-01 8.823482457809966872e-01
8.639609170832641682e-01 5.523363621753092367e-01 6.635796083473975981e-01 7.371081447946814524e-01 7.191704141441732645e-01 5.316610216859980476e-01 5.233316224773447711e-01
5.588023021308758942e-01 6.874330337739470442e-01 5.294044964905505468e-01 7.594577071412729197e-01 6.087663217913359404e-01 5.855963088915001613e-01 7.611915924726772031e-01
6.188038405752958049e-01 4.511353479533227184e-01 5.874551022699877612e-01 4.036350851719519017e-01 4.288892836775630713e-01 5.221061605444583531e-01 3.860868112121197959e-01
2.480407272326770329e-01 3.957392611039824981e-01 2.980154785006185469e-01 2.304405118732814617e-01 2.166280527599155903e-01 8.361521930144495407e-01 3.976003993300495920e-01
4.856835143406245114e-01 5.305531857241474469e-01 4.158923843795788722e-01 8.145711537937122548e-01 5.652155897114425898e-01 4.584570353640753937e-01 9.722543286726476053e-01
7.090536761484010908e-01 7.328262335756520196e-01 6.366745799297058861e-01 8.879375194699399287e-01 7.331848922185599804e-01 6.383442680711145512e-01 7.213113608467577320e-01
2.312979463033284708e-02 1.880593455240661335e-02 2.310005801523473679e-02 2.202072291165488999e-02 2.382395160384476185e-02 1.867394870007850136e-02 1.754662767865229969e-02
9.108659678929386105e-01 7.462290126026366321e-01 9.671055146658833479e-01 8.388972908201354217e-01 9.353582018520683050e-01 7.729721453479603266e-01 7.082101312505297841e-01
6.369235813598502771e-01 4.886595774129610659e-01 7.784124106850628388e-01 6.216551996479101616e-01 8.809928682167083025e-01 4.804958035189649257e-01 4.737041113654875679e-01
1.134048975469120341e-01 1.193166027033728954e-01 1.318622342250541091e-01 9.178294876060011376e-02 9.439432481303811073e-02 1.553257176197255784e-01 1.008411965044100217e-01
1.168692285309179402e-02 4.983865976586855304e-03 7.577144947572071222e-03 5.355588839565790689e-03 7.611337117850780487e-03 6.771225872617116226e-03 5.440537479642860649e-03
8.122521211362626614e-01 7.010613370731413330e-01 7.254529965124423274e-01 6.012690667836215752e-01 6.123226478230208158e-01 9.309705358885584925e-01 7.677455535640367312e-01
9.698872136457675763e-01 8.259994896699527356e-01 9.207698252458478283e-01 9.222635200986301074e-01 9.628702676855027676e-01 8.593730434931504680e-01 8.335772572158166582e-01
6.499960132092141851e-01 8.239953438084189896e-01 8.124744425565409989e-01 8.925375231366347029e-01 9.480067121330648661e-01 6.353150814778603106e-01 6.697857409879096613e-01
4.720658119109363282e-01 3.409121180992619182e-01 3.714886518507972690e-01 4.306722672171354183e-01 4.353234341833740473e-01 3.479789812395883697e-01 3.586564784575307363e-01
1.466100871194266630e-01 4.015744788695639333e-01 1.465350907749425891e-01 2.764123678480231439e-01 1.578840238507837057e-01 1.938597541831649784e-01 3.105028211503085833e-01
8.075604310191007995e-01 6.622063551924688429e-01 7.306804211517315961e-01 7.974299369201971466e-01 9.265581632498651743e-01 6.782034206536681209e-01 8.484530489255676100e-01
4.700497275683256926e-01 7.556798205958188408e-01 9.707958613203074849e-01 4.623255830046267278e-01 4.943844983354210854e-01 7.879528241364255337e-01 4.658032822214134283e-01
8.524036143287150313e-01 8.675939201034869042e-01 9.772597245328612514e-01 7.941502052843825155e-01 9.062363221310079098e-01 9.426116687090227986e-01 8.881589887576424314e-01
1.973627537308983437e-01 4.403482953592067206e-01 1.800213699168249915e-01 2.555828540513126468e-01 1.673800875432789326e-01 5.447093924237520479e-01 4.164692874406775158e-01
4.464265903166159677e-01 5.787814259139263395e-01 4.496192118022517281e-01 5.718749468732093888e-01 4.870588383637368679e-01 4.831581523294453673e-01 5.751640895158941502e-01
2.614525719196523212e-01 2.849150542882801784e-01 5.656630812109378903e-01 2.058716203073503448e-01 2.274270420894026756e-01 5.246827678479131229e-01 2.158239533211167571e-01
2.918104640602832145e-01 1.891931117638601112e-01 4.386760998807681111e-01 1.511727321145169556e-01 1.826907426584511995e-01 6.026080436169003463e-01 1.785487201534801116e-01
9.573103006305961893e-01 6.603201117642216733e-01 5.647134095515143892e-01 8.277124992643682955e-01 6.449151262640953064e-01 7.473095105506165625e-01 9.257842740092023792e-01
4.085169806862354869e-01 3.606574996705801395e-01 3.869321181069931281e-01 4.169875317522587221e-01 4.386599329300224781e-01 3.608132088050052810e-01 3.709515343385411112e-01
4.991519268202108672e-01 4.977627472227614258e-01 8.355324015698198936e-01 4.438540139710086541e-01 6.167393021751195192e-01 5.827783576869627336e-01 4.659690313444357912e-01
9.508858110634837990e-01 9.148686758309363398e-01 9.750609834088190819e-01 8.759489985640739329e-01 8.917990499176084995e-01 9.410479203842063711e-01 8.485224510367409545e-01
7.489406186319393088e-02 5.989256630434044992e-02 6.563563873097051637e-02 7.058036516283971995e-02 7.354923035018146038e-02 5.953326164530909487e-02 6.057563556222801682e-02
3.422299974410075718e-01 2.782038783179445196e-01 3.087349697315140418e-01 4.393474093715631357e-01 7.028031882364302874e-01 2.592076752666382378e-01 3.685282005850828435e-01
5.231609251573371422e-01 8.268895380022576180e-01 5.561302136825114761e-01 6.778545258887327396e-01 5.574894924648106098e-01 6.393413790712475508e-01 7.170258643976502588e-01
8.842501285863069160e-01 2.013237728446099217e-01 2.652106958580566221e-01 1.567644621293130536e-01 1.681282443460077047e-01 4.004001126751152162e-01 1.778422196082807549e-01
8.807852685854176966e-02 1.634636231164591225e-01 8.584860635378095683e-02 1.032209666398767739e-01 7.892869715578854084e-02 1.325269121806167960e-01 1.513993392752622513e-01
9.754651015914473922e-01 6.929781069785125869e-01 9.637190067590151177e-01 6.844925808058516248e-01 9.265053125564008951e-01 9.924026656105248145e-01 7.961796716450997291e-01
6.504273139852123631e-02 1.026663544107482423e-01 8.021886857532284365e-02 6.219379030533283420e-02 5.828440864570438862e-02 1.078120888649801296e-01 6.914970841360870701e-02
3.292323184947871795e-01 2.289714382577032470e-01 6.155690237407792642e-01 2.048859793275033814e-01 2.785783053841441870e-01 3.704803246718479381e-01 2.229067362015900167e-01
6.151585482907653835e-02 3.434179268671302965e-02 4.605387822349846227e-02 4.438262867270970080e-02 9.066653205081820488e-02 3.901001771766856446e-02 4.021902024350694493e-02
9.166609357314182693e-01 9.280630865880843405e-01 8.171872734115458448e-01 8.365132278616566053e-01 7.451811130158603191e-01 9.743941988476837457e-01 8.731070005300386461e-01
4.317862641249105016e-01 5.651551331395415767e-01 4.508145811209796627e-01 6.482841095633687933e-01 5.774560112040489912e-01 4.376144210648197919e-01 5.725638009521549776e-01
5.970787782328453863e-01 5.723919371976360360e-01 6.708746990439897750e-01 7.053773251951771517e-01 9.111682130023837090e-01 5.246233808938836063e-01 5.583276602145311740e-01
1.128973605756235753e-02 1.812852570134197705e-02 1.047295092594937617e-02 2.894084902319039171e-02 1.268640300258994102e-02 1.317846149437454893e-02 5.533578025135054562e-02
7.367140466736620263e-01 9.780313794864313737e-01 6.803311208135532917e-01 7.442939139736511889e-01 6.298153307288885117e-01 7.748275012234242531e-01 7.458753799732065204e-01
2.923303691046400324e-02 4.827745377910676317e-02 2.247815822843806169e-02 2.686769160338656898e-02 1.920246868394315243e-02 9.575008429443443436e-02 2.931392947556291789e-02
5.162092970317959384e-02 3.964107096105023292e-02 4.300568739821150621e-02 6.318485057172429364e-02 7.696011429652571678e-02 3.751794678177616804e-02 4.687022195638785443e-02
3.375125089637966425e-01 1.570551054029240001e-01 9.300257305882848602e-01 1.780485797879242105e-01 2.724864839110523462e-01 1.897983790839584128e-01 1.487791720794401640e-01
4.323500084230562091e-01 5.810619643743989426e-01 8.066281944137323467e-01 4.023399922019463837e-01 4.307338513899594545e-01 6.358980261614305407e-01 4.027607867023391131e-01
8.424297752709398734e-01 7.628452364416482556e-01 8.260000915259906318e-01 6.730657507161288411e-01 7.075494297314435244e-01 9.197651368902044489e-01 8.170932720089835177e-01
2.436635201457451050e-01 2.114635242362852552e-01 5.529634750141761979e-01 2.234108192739682197e-01 3.409096808172762394e-01 2.206295964042355728e-01 2.048807557538198931e-01
5.009156072432990880e-01 6.129050367823004608e-01 6.632607289711113241e-01 5.356131389513285601e-01 5.667048641480505466e-01 5.623334224552580807e-01 4.971661138032332228e-01
9.161972367344323187e-01 9.764716489986743353e-01 9.157987890995563651e-01 9.686959770097360867e-01 9.136703265830874443e-01 9.374928849941219777e-01 9.364233788457779761e-01
4.747983115531596021e-01 4.680247935883648513e-01 3.900834057774860142e-01 9.395141281095983343e-01 5.846787013579159975e-01 4.052004995920663322e-01 6.538247870667804884e-01
9.111328778929734806e-01 8.445631832271947026e-01 9.895716641519833878e-01 9.043130685663931523e-01 9.636511644348502159e-01 8.236619461156993172e-01 7.836217663361404462e-01
9.680736853572922129e-01 9.931001416693844286e-01 9.611417025501663991e-01 9.096279856626086069e-01 8.700796621851623058e-01 9.680010475242100121e-01 9.069093252237789837e-01
7.698896470460746544e-01 9.947149936820610661e-01 8.522560206357721047e-01 7.606650837691242284e-01 6.871229705866426229e-01 9.601882271524203594e-01 7.720575229607842260e-01
4.617095101989632244e-01 5.719667190396140466e-01 6.319050307758287133e-01 4.655377532233654914e-01 4.986996129155158997e-01 5.710794818547754170e-01 4.863585239232618984e-01
4.562581255636175004e-01 9.953985713490088871e-01 4.655798174764218533e-01 9.337886117326481550e-01 5.734552778303623199e-01 5.009546912140512287e-01 7.300361595281170679e-01
2.382961017842635254e-01 1.661433628689687747e-01 1.880862123818846099e-01 1.749402111495699796e-01 1.896258364431560040e-01 1.906303316605465203e-01 1.814747447492768007e-01
5.769841545349928547e-01 4.922031952148485656e-01 7.939419197129334860e-01 5.614476716442615700e-01 6.964443663600832224e-01 4.946215381943942502e-01 4.427286874893495150e-01
9.559145842423116823e-01 8.702302147736106219e-01 9.846545411704404893e-01 8.741152265314272585e-01 9.843586545903235674e-01 9.538474738456133029e-01 9.232836599475542361e-01
9.842670156396250425e-01 4.741091685410646073e-01 5.155516858001567559e-01 7.750458483804423260e-01 9.212447826284915209e-01 4.728724860865302082e-01 6.211451990658012345e-01
8.661726144451972198e-01 5.728239766305838199e-01 8.578927578062347514e-01 6.686853510272494638e-01 9.965852957684546709e-01 6.571044967499850564e-01 6.085126409674617154e-01
2.632094344337521097e-01 4.621569508677865756e-01 2.568020299877266654e-01 3.997595366265540018e-01 2.694307353813201189e-01 3.389647840717227578e-01 4.531820648164832099e-01
3.438631160071763948e-01 5.805458976082064071e-01 3.877010212360951225e-01 5.883133783423026841e-01 4.691218328662216663e-01 3.658481892696216486e-01 4.274936334351553402e-01
7.167182206686691093e-02 3.488238933096268063e-02 4.308263489520915146e-02 4.383589125441555989e-02 5.194026953540742397e-02 3.569427692923975159e-02 3.615910719940106793e-02
3.301087199745768030e-01 2.640560081128809911e-01 5.593481035291930636e-01 2.160364115185375022e-01 2.460132881533354521e-01 3.520181143041873906e-01 2.131102732779510400e-01
9.842962426136018239e-01 9.797972242710388802e-01 9.678855477198006207e-01 9.807574366181965875e-01 9.634746627416461706e-01 9.903682637603113958e-01 9.769354637452533074e-01
5.396889452939195309e-01 3.367169021870041190e-01 4.493593232226276712e-01 3.522897003134838889e-01 4.263723280746489763e-01 4.012957666480785890e-01 3.632209263260607890e-01
8.349034951561817852e-01 7.209947263339888668e-01 7.801865989912341037e-01 6.137028829970397892e-01 6.318732975050806999e-01 9.021174793738108155e-01 6.927150001218610464e-01
7.707308257945858498e-01 4.651576796639055877e-01 4.892658777521131652e-01 6.511456541432710798e-01 7.179400606546550989e-01 4.911840007215346748e-01 7.011433376148935581e-01
8.185283544446019244e-01 7.091020692281841953e-01 6.921096554580458138e-01 9.109306120982852972e-01 8.279916720930486917e-01 6.572921295605232972e-01 7.371654452227492937e-01
4.736938693069431827e-01 5.515099444395089590e-01 4.382716364562070366e-01 7.071716841973851864e-01 5.513330809772014618e-01 4.621928559838706652e-01 6.621046342925790418e-01
5.290253634693136559e-02 7.046069406783347921e-02 4.403020713608442327e-02 5.019833349695529412e-02 3.909714682959020138e-02 6.435008562245829455e-02 5.177354382275761724e-02
6.679466553127562101e-01 4.771642640342134145e-01 8.404299861163100349e-01 6.625338059061331997e-01 7.897771908901631832e-01 4.737182031169874796e-01 4.406993044330881348e-01
5.978097710568331946e-01 9.637272318214289424e-01 7.945058546678989142e-01 6.875834041881203618e-01 7.105631383601576090e-01 7.599686555657830800e-01 7.127983217632869462e-01
5.736026034365246939e-01 6.873009617869173526e-01 5.127011829167974488e-01 9.562940306391681800e-01 6.619205509778112173e-01 5.704599302345472189e-01 9.730460557177204040e-01
7.593913861716378166e-01 8.151237483341772228e-01 6.123509258775307051e-01 9.347233772097452986e-01 6.966352465096861124e-01 7.107593221068233547e-01 9.190468431688376683e-01
4.852290924030654429e-01 9.231195574062655007e-01 6.515697655184518045e-01 9.367107942361133643e-01 7.021113850641995668e-01 4.750520173258328538e-01 4.928516577129400389e-01
5.049971759935374394e-01 1.753565997200867144e-01 2.133858648002589231e-01 2.702396817729454392e-01 4.283912938553839922e-01 1.852399186462055924e-01 2.132553769530720622e-01
4.843608815689545155e-01 3.490942413344022555e-01 5.652058982076942906e-01 3.714570127660994370e-01 4.920628869440406561e-01 3.936602334557532390e-01 3.447091963927300107e-01
2.050765026594001394e-01 2.887665205502399357e-01 2.287513683339811310e-01 2.931525883840886415e-01 2.638269714079797268e-01 2.188810376642189026e-01 2.447462426444761974e-01
8.465752960567601848e-01 8.189147799556710794e-01 8.307648359815655859e-01 6.809910691517430115e-01 6.863052549306303263e-01 9.739841054936242415e-01 8.392709729207196157e-01
7.147537090479084698e-01 4.137569052483218712e-01 9.305174415215106132e-01 3.798356602263056603e-01 4.740537488833069801e-01 5.650926692838794674e-01 3.779407334847336153e-01
6.490486768767198544e-01 6.768067409985241145e-01 7.385468765678785408e-01 5.517585653371894772e-01 5.675613800995051861e-01 7.552435151163648941e-01 5.806413973192321443e-01
6.382369934992977445e-01 7.543579472527065510e-01 5.830370687785482176e-01 9.928509545262781399e-01 7.486755615100264549e-01 6.182861627087115064e-01 8.791684533913480815e-01
1.963036947791475528e-01 3.920097211317817576e-02 4.429008790971273452e-02 6.334477823867530610e-02 1.325493589974939823e-01 4.315159400676201601e-02 1.174115707597750968e-01
5.304069964658919556e-01 5.111608362562191088e-01 5.057423111040247887e-01 8.285405511263768119e-01 9.151471310760825872e-01 4.345381435489883426e-01 6.043058598035547790e-01
1.874598504072634009e-01 3.238731580777911012e-01 2.782875597379719790e-01 2.211508265247228988e-01 1.983265071175992489e-01 2.518558984040649706e-01 1.864818644620784838e-01
1.019982391878155870e-01 1.090490292317033566e-01 1.088775004044580802e-01 1.101216431643331217e-01 1.147979747038334608e-01 1.053232782140055140e-01 1.228536507416488482e-01
8.148621981573989093e-01 7.652305272335691022e-01 9.232380396918784538e-01 8.352488709647561960e-01 9.702624003402888775e-01 7.505287148438924971e-01 7.416166121713880788e-01
8.835837430708211038e-01 4.557062612300890603e-01 4.471578947475152166e-01 8.264612943466687067e-01 7.382599306292831898e-01 4.879190376633717463e-01 7.932457615948068641e-01
5.641901696140028122e-01 4.639558580582156533e-01 5.487132990286889278e-01 6.348791754991310876e-01 8.554641532246023417e-01 4.432199875313094783e-01 5.293109150783729122e-01
4.509860458578837106e-01 4.934248155894406240e-01 4.742895015826093519e-01 6.455945550529347265e-01 6.013462848495692015e-01 4.145346258970807329e-01 4.580966475520002468e-01
7.142167029245416465e-01 5.887567842348556679e-01 5.923743332678129692e-01 8.887083405571656325e-01 9.293872485868632793e-01 5.539919210984578513e-01 7.503469932785628016e-01
3.097114860001289327e-01 8.251171527079694812e-01 3.529863674659354245e-01 3.342789479821412502e-01 2.755378955043852329e-01 6.521646830986517207e-01 3.654362673597295608e-01
5.150622580626004199e-01 4.486708062050211998e-01 7.614175277297068334e-01 4.116111467069652474e-01 4.899958372116088867e-01 5.392068587138441060e-01 3.904191498628738488e-01
9.147320849808140419e-01 9.573059843206673802e-01 9.915698984389607062e-01 9.313961517132680612e-01 9.516291925683617592e-01 9.365000758106353240e-01 8.909642375431502392e-01
9.419407966687932676e-01 8.609068282792903259e-01 8.438437941788984320e-01 9.822551654069174853e-01 9.802841083146631718e-01 9.018844758212465340e-01 9.887706988457903856e-01
1.816253832527361944e-01 2.126137743004781755e-01 2.182533074013114638e-01 1.528037508713152304e-01 1.564648374915122986e-01 4.003029549713511548e-01 2.187579935199284176e-01
5.766426937818284193e-01 9.534664623260639127e-01 5.868895658249375646e-01 9.265431804817356731e-01 6.404921445064246655e-01 6.730123646014430916e-01 7.875548843684673228e-01
5.024634088000775600e-01 5.888880742175492955e-01 4.852315653952072871e-01 5.384653907518389682e-01 4.811874602455645800e-01 5.799559342076068269e-01 6.808781725380971261e-01
8.496543361005189920e-01 8.133659254771185010e-01 9.834494996473106543e-01 7.197668628563061999e-01 8.518643479328602552e-01 9.942394781987614616e-01 8.717839638355925347e-01
1.485652087128750132e-01 1.456650096089482649e-01 5.894395535711326461e-01 1.136493074298009914e-01 1.459072760771960020e-01 2.175468961274687474e-01 1.463241840940981420e-01
9.051336720111560208e-01 9.531595445444684955e-01 9.843658201756275705e-01 9.944207900496156993e-01 9.307281500659883022e-01 8.560627826313479405e-01 8.182413381694838561e-01
3.453161327273828740e-01 1.491115116067548430e-01 2.609841791605430616e-01 1.954246797796352630e-01 4.408500739373266697e-01 1.671684721672344609e-01 1.562187368806572663e-01
9.207156111741353621e-01 7.151838593691430823e-01 7.440572064867975177e-01 8.077844950687680381e-01 8.666608075145632029e-01 8.301369621849108427e-01 9.993980440907201945e-01
3.121764566334054303e-01 4.075225827705776238e-01 3.339768244181754442e-01 3.482791215073556823e-01 3.200803913641721010e-01 3.836315513670501276e-01 3.987199932276150327e-01
1.052700056468340306e-01 1.518612155258644847e-01 1.672299344422241152e-01 1.082275083519511627e-01 1.168708936311304569e-01 1.499979680549289041e-01 1.075334433572612686e-01
2.379463909947970024e-01 2.542219288076382200e-01 4.052405181208799112e-01 2.225918562943149659e-01 2.486520635429769754e-01 2.703864008743864233e-01 2.003386831508374710e-01
5.860481369381688177e-01 5.654067010616806721e-01 5.274160946819677065e-01 5.342931537615288606e-01 5.136503006797283888e-01 6.032637951821383515e-01 6.854790685896208213e-01
4.142529953005318899e-01 2.839784023574645766e-01 4.015785135927076865e-01 3.626174071417857525e-01 5.708827229682356119e-01 2.953426622259160972e-01 2.998928630319151467e-01
3.922619494644640215e-01 4.840759854552427188e-01 7.642337649735273519e-01 4.420557619115862980e-01 4.436819166876375675e-01 4.317579045962331441e-01 3.435736442119237677e-01
1.091975947057324120e-01 1.297824969831769260e-01 1.023147861458394425e-01 2.113374128418178954e-01 1.606395391281694174e-01 1.029463808251705192e-01 1.783899865781215510e-01
1.354877708335819027e-03 1.148657576082674379e-03 1.140555562516564706e-03 1.754885203125441462e-03 1.628444064408540726e-03 1.066172240731812302e-03 1.294881346230575790e-03
4.460813626190890946e-01 5.550016326022083613e-01 4.372946312076230191e-01 4.993405029910726323e-01 4.377645542845129967e-01 5.262834221843901705e-01 6.979971237609351453e-01
5.158824114311391096e-01 3.920503202388839759e-01 3.724106181986227004e-01 4.081270328892848687e-01 3.767791197169572115e-01 3.971750422841822670e-01 3.959975305974264836e-01
2.920683978485494325e-01 1.785652533191582625e-01 2.156469878741245350e-01 2.609319949118746873e-01 7.072466968093067408e-01 1.868608129102241333e-01 2.542229307258372928e-01
7.835636988091435606e-01 8.806849402472007871e-01 7.819738395038029477e-01 7.894976334005989749e-01 7.223567040637135506e-01 8.625991278986214761e-01 7.967981989702249690e-01
5.284520740192597543e-01 6.840057713399246841e-01 5.964927126951484748e-01 5.766062044802175990e-01 5.271683775354176760e-01 6.155476525796955700e-01 5.353919685198736955e-01
3.368743979357467083e-02 9.420696287899497923e-02 5.333325390369220154e-02 3.663569765514055471e-02 3.629711479879915714e-02 5.974295903727652041e-02 4.598961037718830858e-02
6.752046289324776795e-01 8.995972288738089961e-01 6.724441004135846001e-01 7.559367821874319882e-01 6.389202896971255541e-01 8.464738015842818708e-01 8.978809389737442137e-01
3.174830584671981537e-01 5.815280559177937736e-01 3.558011745637080780e-01 3.071091261271229333e-01 2.524372136685997248e-01 6.170594421088676507e-01 2.847083463950354498e-01
9.253739557515965330e-01 7.625534825012945106e-01 8.281452647205540529e-01 7.777854139289714919e-01 8.133436907082796097e-01 8.285102429572500649e-01 7.818489149219552958e-01
9.998711612506666624e-01 4.713921887859644499e-01 8.104537977733722309e-01 4.842908622680375808e-01 7.952938410453498363e-01 7.772649560463879004e-01 5.395530648741473367e-01
6.724029424288961998e-01 6.147611355968414237e-01 6.162378035768879547e-01 6.805389098581856588e-01 6.598548840265721083e-01 5.808399799769174976e-01 5.994939976457120956e-01
8.712530282149937300e-01 5.081084454235693659e-01 7.680877790469964328e-01 5.721731478510554414e-01 8.549801493063569069e-01 6.188274120137193801e-01 5.536681775300436037e-01
9.955116077412262676e-02 2.182458677954532966e-01 9.661367043892768458e-02 1.330557728012434771e-01 9.329985477961599827e-02 1.423249982771111199e-01 1.855204253024291261e-01
2.485391722990246965e-01 3.788500129662669691e-01 2.562635339711221705e-01 2.469581969137703004e-01 2.130010749679058790e-01 3.981492285589402491e-01 2.921389806625677710e-01
2.600607252579462125e-01 4.598062897643903635e-01 2.721930093240850224e-01 5.911212602023063756e-01 3.420619550161063671e-01 2.782909174954329989e-01 3.563193058152872017e-01
4.851088596924775231e-01 6.847782853279038573e-01 5.908410852548230396e-01 5.221468606044710192e-01 5.120153711177408695e-01 6.441229633238456653e-01 5.951885463441171087e-01
4.845352125995855408e-01 3.974633445538603427e-01 3.894490906434396327e-01 5.550244040337303231e-01 5.194183213170617819e-01 3.819740723840758245e-01 4.676553257927954510e-01
5.714981262691232189e-01 8.575299951226783568e-01 7.117535075588643512e-01 6.424681105110678914e-01 6.509854525793343782e-01 7.397155767019023553e-01 7.287843051001725581e-01
4.308168160921929668e-01 3.885897624732708167e-01 3.233807720912281192e-01 6.854292656679716877e-01 4.443038937170058489e-01 3.475888870316695134e-01 5.436417508525662745e-01
8.904555737313827324e-01 8.581915510861073404e-01 9.195160644213342671e-01 7.954864944244846026e-01 8.349439676385372877e-01 9.249170437516498477e-01 8.926598720699596701e-01
8.758649157024345211e-01 8.878822766407267197e-01 8.190140230033802204e-01 9.153745461026033814e-01 8.676129195373505354e-01 8.975890887852892019e-01 9.945453299716445761e-01
1.117623511243410681e-02 9.607631471171907203e-03 1.377745790438431560e-02 9.465156751129962659e-03 9.867250686511397362e-03 1.001575895707360747e-02 7.912353229667394919e-03
1.470173676105667182e-01 3.128622170890880128e-01 1.922385764594099489e-01 1.688941070969544600e-01 1.541936972644180059e-01 2.227010679033297746e-01 1.788715867451347030e-01
9.310678443515936209e-01 7.866236488448229425e-01 7.875304404995322471e-01 8.107878058589275128e-01 7.785755791701376438e-01 7.826950913915693420e-01 7.550527940806914806e-01
1.217392973518866828e-01 1.869567197237986256e-01 1.773176806568984853e-01 1.055357245848003861e-01 1.029158290475606918e-01 3.705034259217139248e-01 1.134559669570320284e-01
1.401358783023584024e-03 1.625397472222744628e-03 1.387477393049670309e-03 1.533398635158900571e-03 1.361253205686807632e-03 1.523208835297997507e-03 1.501823984768057250e-03
6.102143654662751660e-01 5.934902600795414207e-01 5.133020454235578400e-01 5.327246363358486558e-01 4.733110980596393347e-01 6.061721608981353038e-01 5.402352734625580633e-01
5.008452056736116820e-01 3.283011254144292401e-01 4.541753759348793884e-01 4.435404992623178111e-01 7.337743723765015602e-01 3.385154045190363892e-01 3.534479118320232316e-01
6.692772192842800782e-01 9.242664147949568587e-01 6.870446810274986049e-01 9.542596862108791989e-01 7.612006093841046095e-01 7.131883685428308528e-01 8.047594281617431733e-01
2.525797466478556519e-01 1.432909671331001888e-01 2.092512535864068934e-01 1.537491701748939232e-01 2.049360875971615314e-01 1.802817021672017683e-01 1.503278211699779210e-01
3.112780429054357034e-01 5.056496946629873701e-01 2.944364579763616985e-01 5.941136247803978643e-01 3.407672278117388487e-01 3.584643914208824333e-01 5.951742421077103051e-01
8.532742114502667174e-01 4.918212749904792291e-01 6.786167163505540945e-01 4.804586388373248140e-01 5.829631062224507332e-01 6.520472446426823776e-01 5.208174645584707774e-01
1.928107210163415852e-01 1.184334455455569868e-01 1.150929224012217506e-01 1.846246040149128465e-01 1.791959025431424379e-01 1.224400139706788709e-01 5.079003300362366913e-01
3.277519046843791473e-01 4.548367666913925578e-01 3.119734456345790719e-01 4.381923774015358264e-01 3.362286211922764778e-01 4.045463541521839290e-01 8.418391539921306066e-01
5.513711078166438906e-01 5.576992812527691301e-01 4.462462312703347478e-01 6.812795843673215002e-01 5.081292944960296154e-01 4.717197368582182748e-01 5.512364638696899410e-01
7.081506895462460482e-01 5.688332642945665985e-01 9.647328940822945675e-01 5.308301096761858240e-01 6.729931493755429983e-01 7.072221921301455883e-01 5.259842314184338674e-01
7.406758276042886280e-01 8.515397050786792654e-01 7.636726532008617507e-01 9.781840280550233580e-01 9.069006757345050573e-01 6.913838086160821739e-01 7.945369538355554484e-01
3.293252194198996730e-01 3.168655661805775958e-01 4.768926510369563276e-01 4.274663305001999425e-01 7.937098138500005007e-01 2.785782641916917934e-01 2.823086296595327394e-01
1.363957703813837852e-01 1.394194360724416160e-01 2.608681609103182253e-01 1.279288902384992932e-01 1.557791028171777725e-01 1.504399046199050294e-01 1.129949263700397027e-01
6.741985273979592685e-01 4.989976264567628217e-01 5.397751208809875578e-01 5.664354363727195363e-01 6.131967459805309772e-01 5.373394124319161858e-01 7.247774622021115887e-01
9.218256760600932465e-01 7.848339167799837091e-01 7.143267557555661451e-01 9.185259464518994443e-01 8.235556343570351601e-01 8.221507498560078897e-01 9.837678179664428590e-01
9.043865290926832445e-01 8.420393334990525780e-01 9.637345163035436757e-01 8.093482279647796762e-01 9.352150466293096542e-01 9.463005394934973502e-01 9.927920784767247930e-01
6.425248992962095951e-01 9.826709775265101143e-01 8.095975224277719429e-01 8.136557102588334311e-01 8.778534682933241129e-01 7.167893572457348927e-01 7.398402022107101184e-01
5.781420716172597229e-01 3.553792031565992660e-01 3.630183462840608777e-01 7.875193280733043810e-01 8.563642816152423620e-01 3.473906080552854325e-01 5.264196156790204029e-01
1.660531716412561032e-01 2.724419840677293481e-01 3.125045252914203653e-01 1.762623527748483632e-01 1.905086175538599491e-01 2.383677377803962438e-01 1.686531891977037512e-01
1.329760757349607858e-01 2.633706719057755663e-01 1.766971136079315552e-01 1.311187196216439255e-01 1.239860488567501307e-01 5.475026643055731501e-01 2.123133103870684935e-01
5.307539004862686927e-01 6.223868853635652343e-01 7.172658209079880720e-01 4.786378360954927635e-01 5.165430265478789806e-01 7.588676256489658156e-01 6.149812991097239889e-01
7.392865832828713346e-01 4.891577563404339024e-01 6.476219966418610419e-01 5.275148369871384135e-01 6.417189580388367176e-01 5.730215472209200245e-01 5.064832839916050267e-01
3.086412533810024561e-01 3.828080093043313981e-01 2.748676167925065417e-01 6.746000535396800002e-01 3.693981904070824385e-01 2.946230134090272457e-01 4.725805283996996620e-01
4.276648859027102345e-01 4.018675871203525318e-01 4.010405770675403714e-01 6.108073828738163069e-01 6.935210791416466236e-01 3.575622506442812654e-01 4.534282965065918325e-01
5.000147063438925565e-02 3.432299918399825400e-02 3.346843799919049095e-02 5.749975963958471603e-02 5.346669582650065422e-02 3.278590227074923424e-02 5.023521147532677977e-02
6.553751450042200055e-01 9.875904937569252029e-01 7.264335826588594891e-01 9.439062942653699828e-01 8.384528823662549257e-01 7.004388969830975809e-01 7.902059419388234307e-01
6.395155830611951586e-01 7.552768158812954713e-01 7.327824027511897764e-01 8.044496433900514276e-01 8.768024810124188662e-01 6.345173495211672288e-01 6.912631410309986180e-01
9.329043842046449431e-01 9.809704403350287816e-01 9.118527093121405747e-01 9.673184148738117605e-01 9.283935604616999626e-01 9.905436180681228553e-01 9.943273586788377028e-01
6.405589951447523411e-01 8.860545126058282372e-01 5.757787193417327476e-01 8.142073131119679230e-01 6.110301984008401632e-01 6.783882784472637928e-01 8.643779261426609573e-01
1.393499597711029270e-01 1.363195655163867981e-01 1.107789687878485557e-01 1.330398965318312643e-01 1.131922414060682058e-01 1.409010779286191950e-01 1.836586861246156110e-01
6.170722277402923561e-01 3.849831144620635692e-01 5.055287807889199403e-01 4.646262351664673940e-01 6.440404560416936874e-01 4.305444329451027508e-01 4.519368963150420804e-01
5.608575435055204172e-01 5.195251013177000221e-01 3.958356152555737584e-01 8.583772439891715900e-01 4.875006414949893951e-01 4.776237081292170616e-01 7.459448070941323561e-01
3.497352087946175581e-01 3.000081499617530123e-01 3.432658651669185379e-01 2.725379526611581005e-01 3.001257611904293299e-01 4.023075848200596827e-01 3.885014937653027967e-01
6.975503717352656841e-01 4.373464783546301415e-01 4.356533783096056545e-01 6.212203016361952379e-01 6.210244605317711830e-01 4.515525973313182506e-01 6.876297972327085617e-01
6.925949502385274625e-01 9.365382865055870143e-01 7.121379419736444394e-01 8.705516808096986914e-01 7.394814763683825731e-01 7.911355210072857913e-01 8.905941588253640795e-01
5.096367492670762500e-01 7.302045044515115269e-01 5.284960751115456157e-01 7.126376628518963363e-01 6.124288269784301519e-01 5.648103270707384160e-01 8.973824558455224532e-01
8.810956093800816069e-03 7.872434563157965776e-03 9.976750513929774980e-03 7.979718028780773131e-03 8.841891540214419365e-03 8.287905149302872074e-03 7.146381326074919063e-03
2.645150748377833594e-01 2.762411597753740566e-01 2.123123857381463697e-01 5.075435246566550873e-01 2.806503183674067259e-01 2.393575936421517281e-01 4.208463521386683337e-01
5.338723875174743450e-01 4.990450445537353841e-01 4.124930982779914101e-01 5.772726682040271173e-01 4.669789837207645178e-01 5.051256122241889468e-01 7.935939942814287384e-01
5.817112142775830996e-01 6.254648809180070046e-01 5.104898571015322739e-01 6.255147075345561802e-01 5.363544111605733633e-01 6.747937152853343834e-01 9.714823795504839987e-01
8.677524784796576407e-01 8.087878265056207550e-01 8.121267947771381168e-01 8.331638001666972215e-01 8.255579178221523762e-01 8.374876861578406384e-01 8.296780627165666333e-01
3.493806146549431335e-01 3.022968841508833493e-01 2.913168563083914919e-01 3.679774838902359346e-01 3.512179341632872820e-01 2.915884110964583886e-01 3.492192205708214980e-01
2.408593463245586874e-01 3.278018316738946503e-01 2.514173986500184421e-01 2.027722357391570362e-01 1.868561464361846447e-01 7.328044846394835554e-01 2.727084217367938268e-01
4.817588214963809401e-01 4.439156767935708570e-01 4.486619712268734572e-01 8.195070931257233404e-01 8.026354466564953327e-01 3.725967852051343954e-01 5.006144198639689291e-01
8.873251727069265682e-01 5.521763657789072743e-01 5.471209294452373806e-01 6.878090995518940653e-01 6.641537498217076063e-01 6.084629421913290148e-01 7.558276710714789681e-01
6.898693593286649994e-01 3.044154768737039052e-01 2.895216627182780611e-01 3.739879391987481205e-01 3.431778019294142723e-01 3.524032240062180410e-01 5.488585696298303729e-01
7.353523279832970827e-01 7.034349700235502656e-01 6.812149926816140066e-01 9.543438464570609403e-01 9.598746509291231632e-01 6.247468979323693716e-01 8.252227296375832521e-01
3.473194453338341314e-01 3.599704926547757644e-01 4.110170649178896407e-01 2.691225240502251315e-01 2.795055168680846691e-01 4.695035047984777998e-01 3.027175821788961607e-01
3.572315314433797129e-01 3.699593678965656385e-01 4.754229861938661372e-01 2.679271132269802624e-01 2.816377547569572926e-01 5.737179208838737443e-01 2.892950272262907463e-01
1.577743669031776153e-01 1.944546621864906844e-01 1.993414886455576740e-01 1.803069360807419141e-01 1.858141142874956131e-01 1.727403317166710250e-01 1.585552411386300098e-01
8.620143177825315695e-01 3.583312050131411963e-01 5.955112692485163839e-01 3.643503271001449773e-01 4.936897980514913797e-01 5.062220618001125327e-01 3.654506608317314997e-01
2.376612794945701379e-01 6.089724839323946703e-01 2.733400272712691037e-01 2.860509910183669513e-01 2.327711614780128002e-01 3.719824726069607679e-01 3.006152895558978355e-01
5.326175073238997859e-01 6.259378665453119162e-01 6.682814512285977226e-01 4.969619321971742720e-01 5.045545815955847502e-01 6.811902586264205750e-01 5.030702775642538205e-01
8.619187639429783943e-01 7.931836911975604920e-01 8.379684603909679508e-01 8.025885772479246505e-01 8.545117725152522326e-01 8.554622169783163699e-01 9.152922830077623306e-01
6.691882588809167087e-01 5.368322650613625013e-01 5.416548556595529584e-01 6.047045728267235187e-01 6.170914245303720236e-01 5.685470109622344781e-01 8.299370814075393010e-01
4.142460701927312416e-01 4.675176322344589130e-01 3.854552779921305294e-01 6.224323958833685166e-01 5.282899190206080675e-01 3.971420210254928418e-01 7.811822273642531345e-01
6.369442037703185733e-01 8.505820928426551797e-01 6.154710719126939011e-01 8.051365901564542238e-01 6.403325516730546951e-01 7.340851205430199977e-01 8.486619011276509417e-01
6.397215880878533989e-01 4.691489585600630563e-01 5.502572336931210728e-01 4.765751031948428085e-01 4.827277986332774162e-01 4.817874791105581922e-01 4.134698836533742261e-01
6.174830392947515678e-01 6.333493726843471006e-01 5.525247168553835131e-01 7.546157587883499662e-01 6.954186973161995411e-01 6.122571123676641136e-01 9.839585666339816239e-01
6.647187295530563311e-01 8.259937992924464290e-01 6.471192107722187892e-01 7.080252123257452235e-01 5.969999432563781738e-01 7.663559769514338704e-01 7.053264666948003692e-01
8.355402837807609506e-01 9.072575599680196001e-01 7.464070639934499152e-01 8.163413263717955726e-01 7.033998030237853527e-01 9.372976824103997906e-01 8.995735353986330507e-01
5.048871663640757124e-01 5.522173024872449876e-01 4.441340242521772952e-01 3.963228398130241303e-01 3.565717830788344145e-01 6.118661091408585939e-01 4.408747979296877006e-01
7.740510970386003942e-02 1.313995101012973288e-01 2.412229917840509053e-01 7.902354994098700902e-02 8.262963010929524899e-02 1.203228957885974226e-01 7.360889944815615649e-02
7.755632755369696874e-01 5.863971253583438736e-01 6.774274315698309845e-01 6.636122744416281805e-01 7.686345779802650213e-01 6.354992267151903240e-01 7.054779873403979051e-01
5.558784970973255080e-01 2.816858815668219496e-01 7.255090115809134099e-01 2.732309462627188767e-01 3.394394468050450087e-01 3.587015179401908949e-01 2.503495995786211292e-01
4.310508376535365227e-01 8.213181600431290752e-01 5.312285290946140437e-01 5.782703588356605806e-01 4.841436224523931742e-01 5.323603672650728535e-01 4.891265083145774906e-01
1.825150858959034006e-01 1.797107350924701807e-01 1.730022867640840234e-01 2.451527962965376062e-01 2.575080031529068947e-01 1.608099524942795400e-01 2.148643224450305922e-01
4.828655809652973585e-01 9.504115589886739102e-01 6.353941858390507180e-01 5.991096039005138207e-01 5.573149276897311211e-01 6.220408597692169694e-01 5.616215506979949090e-01
2.685100411863227884e-02 4.414069261777089914e-02 4.025672629152812765e-02 2.888402500797808761e-02 2.926943451166152954e-02 3.812342992273672071e-02 2.916093486110175881e-02
5.653616538049537343e-01 4.962203342513100135e-01 5.796180897153901945e-01 5.849575919921060629e-01 6.983580342493951321e-01 4.900629684272673203e-01 5.250578450524860941e-01
6.841460091856477188e-01 6.026304747309753074e-01 8.334714806869305548e-01 5.566710492160017454e-01 6.602505282498896122e-01 7.209027717627094489e-01 5.858099587848316636e-01
1.528982943607621325e-01 1.940341647234745948e-01 2.710099210562722516e-01 1.410050210584819219e-01 1.476103984750807285e-01 2.150881794728137231e-01 1.360895648958037052e-01
3.882322957824254628e-01 9.306884070591712188e-01 3.887165202660007868e-01 7.713161658756185757e-01 4.272918084170669317e-01 4.873239490192299850e-01 7.317752771519836497e-01
7.775936176142990153e-01 6.612083579598961869e-01 8.662423334856830248e-01 6.260102911409614057e-01 7.437475963961333036e-01 8.062634598594305979e-01 6.551320533653843814e-01
8.694690980148436221e-01 7.754339098034460642e-01 8.711218529673955269e-01 7.898949972350763904e-01 8.755169759970158339e-01 8.389203384977997890e-01 8.658598143517409751e-01
4.535645778748563783e-01 3.915894703848550318e-01 8.261247761459978856e-01 3.622565581963015369e-01 4.475452345795929432e-01 4.708636580770680369e-01 3.369123973464649424e-01
8.737221885667646459e-01 9.030543638281690599e-01 9.471189995986359911e-01 8.158590318257429308e-01 8.544385880231857300e-01 9.620074529971361921e-01 8.948887646123853123e-01
3.976647080104960819e-01 6.118120787283010120e-01 4.068960191470448740e-01 5.870179654386977752e-01 4.587761899456381798e-01 4.458419175572724824e-01 5.909671587017442107e-01
2.102457997517137300e-01 5.143701244770758629e-01 2.831908563344690544e-01 2.173179582783268948e-01 1.972406962886452675e-01 4.686370255330363777e-01 2.369322930579738917e-01
4.199661741194306575e-01 2.471621767449376228e-01 3.137781261352364792e-01 3.981581609575938208e-01 7.641001360025256872e-01 2.487017514729365775e-01 2.781948490222169723e-01
1.189326075314574432e-01 2.430050427971246763e-01 1.874189706840604097e-01 1.199358411120074464e-01 1.065187319181859493e-01 2.118892355867024180e-01 1.091920162605557604e-01
7.502910274468964635e-01 7.227380633701844248e-01 9.683673119046027900e-01 7.116539404752036946e-01 8.876273250207304955e-01 7.562768123876273396e-01 6.643155661547933688e-01
1.043226282413827061e-01 1.783633122199970999e-01 1.021951653675855082e-01 2.002141451558997476e-01 1.179865179583430290e-01 1.223601759628804020e-01 1.784147970123632077e-01
2.302702768264706101e-01 1.811464329434391285e-01 2.002244463944422292e-01 1.426746157474731436e-01 1.486631168518215418e-01 3.662408953809153656e-01 1.911616944711634070e-01
4.516079746220440505e-01 5.089910003440236697e-01 6.070568425264792900e-01 3.990598792235010572e-01 4.326834150124341249e-01 6.366541518306325642e-01 4.606617458324409053e-01
5.541535215154540922e-02 8.550148273928739884e-02 5.862373754502287621e-02 5.143966586233417182e-02 4.551148298196494579e-02 1.541300053328637232e-01 6.500316253738010197e-02
3.256021987807813378e-01 1.561707990892839681e-01 2.998767023430120582e-01 1.623980086347251717e-01 3.139539875555783510e-01 2.498920261893834427e-01 1.846929756598220118e-01
3.885492135846711492e-01 5.217127848297650194e-01 5.767314218696869554e-01 3.455590365467167691e-01 3.523024583701044321e-01 6.693138813263589393e-01 3.718258973054833771e-01
7.543834476838586767e-01 7.412545485661686806e-01 9.612426484287328599e-01 7.270563945462017452e-01 8.160264524631202221e-01 7.532910046504583956e-01 6.458382635703699970e-01
2.573523618048071393e-01 6.709020247553408867e-01 2.945083693044667217e-01 3.333802591680423144e-01 2.719266053754836321e-01 3.795692265502969565e-01 4.000355189310711435e-01
3.477789021357134969e-01 9.114005571678004403e-01 4.379397647416808925e-01 4.264753259864872970e-01 3.770111626945436001e-01 5.201345471771051665e-01 4.709925933655964014e-01
7.632456587130382886e-01 9.344998678809236514e-01 7.725694636214218702e-01 9.172252495941490835e-01 8.105054525658488274e-01 8.321912038686957169e-01 8.987963320744452034e-01
9.769425948897318968e-01 8.931489095140743295e-01 9.459023840858122867e-01 8.896637667392862658e-01 9.346474062185734510e-01 9.908630606065637059e-01 9.473709730752086777e-01
9.853480359320316850e-01 5.549984866434229946e-01 6.513131399180384085e-01 7.498603133168794121e-01 9.989604763686656952e-01 6.340692541448355035e-01 7.134151682270358785e-01
