4.306132365973323883e-02 1.151673334539150551e-01 9.836677497901571976e-02 1.119905279483646154e-01 1.183170883966375847e-02 5.824533942957835914e-02
2.579299457311842181e-01 3.210946723154729510e-01 3.635107081039286037e-01 2.700622288975864649e-01 6.146260188377833389e-01 3.544198624262335784e-01
5.465981314030354810e-01 5.340509148913937798e-01 8.494556638112398250e-01 7.015424827113747597e-01 8.701735609465326426e-01 6.611086681051295821e-01
7.202147319581200247e-01 8.602529586349804136e-01 2.237479780847790034e-01 4.139848353806883097e-01 9.469402646141829027e-01 1.579140286957042560e-01
5.368710361910667972e-01 1.587926019666425215e-01 4.791927571123461016e-01 2.432451392523944378e-01 3.517809912768734559e-01 2.874275105708365419e-01
1.771255872086107686e-01 5.195388458078687988e-01 2.660266862399126020e-01 2.430866130162030458e-01 4.021500741648941779e-01 2.682551770336111252e-01
9.102696336208191408e-01 9.741519151924040720e-01 1.915159718312969550e-01 2.676380085758864880e-01 8.630232113667286598e-01 9.410807878183158337e-01
4.979514452280940917e-01 8.142890023156234003e-01 3.193818066842529224e-01 6.411103080026805401e-01 8.722313121910738598e-01 3.051736169991088321e-01
8.646331065233280322e-01 1.668477076646295298e-01 5.991950334074834794e-01 9.851049710996448994e-01 4.400153254545681736e-01 3.826163994722520806e-02
2.793570509620877385e-01 1.590747857315027713e-01 9.944236532687911190e-02 2.481730545405298471e-01 1.618429616586438413e-01 2.692138432532126813e-01
9.588000212017574464e-01 7.196103708992382941e-01 9.033765664841443277e-01 9.116534965578466654e-01 7.425435131667312838e-01 9.674579487073823314e-01
7.311644461490151015e-01 7.756688807053286894e-01 4.208227503504968214e-01 8.343222686089575291e-01 3.881120987276953094e-01 9.130901730272573680e-01
3.399088371129929675e-01 6.952014068105506484e-01 6.860239829284022761e-01 1.001699478365480900e-02 6.041912585793703938e-01 8.956599505559410535e-01
4.315780778195129064e-01 8.233269849005188101e-01 3.366342521060610160e-01 1.276577252428978682e-01 6.055150662512944759e-01 5.079846477684513140e-01
8.395372296127380229e-01 8.252485973693615140e-01 5.399903533759822238e-01 3.493662572000175714e-01 8.463667707187658706e-01 4.043488428562476700e-01
2.247475403973847041e-01 3.920663754820924995e-01 5.926823740636847360e-01 6.944352195132523775e-01 2.075999724954477599e-01 4.880833836452889707e-01
2.515951330444061718e-01 2.387536974104889631e-01 6.121790754221151376e-01 5.139239507261663675e-01 8.366577297737770591e-01 8.577729130235518529e-01
8.908839542877442508e-01 1.920983501743480648e-01 9.173305706076104737e-01 9.176643386017531157e-01 6.836070302324678272e-01 5.901719649519857613e-01
2.688385254426465046e-02 2.807848277688144156e-01 3.613808791102436635e-02 3.441350816283375025e-01 5.888843454978259784e-02 2.024082069409591789e-01
6.534921175679737626e-01 7.971125889009190724e-01 4.855872252527003718e-01 3.425103798508644104e-02 8.552591629414036944e-01 9.377686387422622394e-01
4.926264994895359489e-02 2.285044215499926201e-02 6.072864694407010822e-01 8.908681268803775311e-02 8.537406404921130121e-02 2.833776755345417953e-01
7.194350292673129532e-02 5.344662442228996779e-01 5.544607537958638060e-02 9.790155338123440742e-03 6.398074428602242847e-01 1.619595057641557978e-01
5.629216344926791793e-01 1.381991493993504627e-01 5.895572674798889024e-01 3.814457301050424576e-01 6.815977550169293186e-01 9.520536381280864102e-01
8.317440870853377577e-01 7.450445508076778411e-01 3.740608213715298502e-01 8.428584833163768053e-01 7.589495590709729456e-01 2.332204970684683132e-01
7.819461718939236805e-01 9.077616517085713710e-01 8.389104682766717058e-01 9.557900365907698870e-01 9.585247218094374855e-01 9.432533921428374324e-01
1.147282323775858232e-01 4.280786011526093726e-01 7.017766969174374925e-01 4.503487332258373499e-01 6.141798975364149982e-01 6.814994810713100870e-01
7.698968433359647534e-01 9.741102557630423320e-01 8.294966982052806026e-01 7.257509238552302122e-01 5.449779268548761157e-01 5.524618446417093320e-01
9.104069852277152375e-02 8.814905354410726424e-02 4.383629156645736935e-01 6.901742485351860523e-01 1.067465047497484915e-01 2.358408280561564430e-01
9.539024072643711438e-01 3.790918329922777219e-01 9.477386817925423923e-01 1.322672097012400627e-02 9.663221390472807037e-01 8.893796869638297409e-01
3.601245881829167050e-01 2.895741918608395471e-01 5.599357324897357158e-01 1.778990935999900103e-01 4.329607394911555440e-01 9.786270375672051491e-01
4.285223001756552352e-02 6.254212219119856808e-01 9.580679727605391216e-01 6.190614921506494284e-01 9.941703492908220419e-01 5.149397689453560911e-01
3.106405343737095315e-01 4.306547389806825860e-02 5.282999553735825415e-01 8.867777618579566479e-01 3.021420328665994082e-01 9.338775726688302026e-01
4.474300714414874425e-01 1.436766961619322935e-01 9.467833276182959779e-01 8.771299496293067932e-01 9.686742875083379500e-01 8.608631795496074490e-01
5.232145802172074589e-01 1.099691375478485805e-01 1.743600751318816200e-01 8.844976841937750578e-01 2.614520799979740406e-01 3.238837242886758450e-01
1.971706147568044465e-01 3.057892163959022302e-02 2.509285192364303918e-01 1.774347720202058554e-01 3.273172270758370472e-01 6.897260538931635487e-01
2.031137737009407751e-01 2.314416800046435047e-02 6.890042796166390149e-01 1.732670476194471121e-01 1.173225813208085833e-01 5.981905421077734486e-01
8.337787128625341326e-01 2.718180647163881969e-01 3.219110065869644211e-01 6.789344183634966612e-01 3.026579032715548956e-01 5.600789146139052432e-01
4.634983540473648356e-01 9.338045592052693911e-01 6.276202620654016684e-01 5.516869472339749336e-01 8.867171222049321511e-01 9.743003578044240331e-01
5.224184966047024092e-01 5.715759896163211812e-02 3.105168116413714041e-01 2.879494482185691595e-01 1.541847542465145937e-01 1.001359411912378650e-01
8.507842150825163374e-01 3.590114116329586325e-01 7.858733288234744097e-02 6.430425522848963737e-01 2.853143670618672051e-02 5.820861560058995243e-01
2.602154514102151261e-01 6.838613750962710958e-01 3.792299315352570810e-01 9.519491565879434347e-01 8.746549872943876203e-02 4.166637130621568819e-01
3.750721549730819723e-03 3.849135839087861055e-02 8.374078607974651256e-02 7.713501784019172192e-02 4.220744016725208048e-01 7.124751892580252211e-01
3.298756124167186998e-01 5.308367781977182398e-01 4.671204228578900719e-01 9.874111304525285959e-01 8.079593283961071792e-01 6.459897938355600999e-01
7.442020249480462146e-01 4.757897126085443573e-01 5.033266407805752074e-01 2.992447030264884233e-01 8.967838406630553871e-01 7.670869682391988631e-01
1.898380111431002826e-01 3.613110674788982957e-01 6.201523175162569901e-01 3.751312624663114548e-01 6.612364614405148444e-01 4.326819198666080890e-01
7.867365629892252021e-02 8.547297209834079368e-01 4.498495070511346894e-01 2.366763472091406584e-01 3.677540690134527002e-01 2.637853352573285015e-01
8.183826188436550408e-01 9.892699166239000697e-01 9.952535301547172919e-01 9.840727283153682947e-01 6.413577306902070729e-01 9.983627012735862838e-01
5.587481262514807367e-01 2.146189566618334210e-01 8.804634676702755014e-01 2.105831494554877281e-01 6.809157547748889705e-01 7.693868352744370753e-01
5.830070939862609380e-01 9.801160548557312779e-01 1.060036102763623200e-01 6.407330874353647232e-01 7.988204510205509923e-01 8.199060809360059210e-01
4.469909535243511423e-01 2.291719006520879509e-01 4.467086434226327230e-01 3.099212842062115669e-01 8.107693596130496894e-02 6.123776138725424145e-01
1.048231137280909026e-01 4.006782724985968325e-01 4.514809618849970341e-01 6.308370910119265318e-01 5.762587431293251239e-01 2.127062655714574146e-01
4.982400903654471414e-01 5.430486328212912328e-01 3.379626421543525105e-01 1.861127123702317476e-01 1.183942327493519991e-01 7.896179263043068275e-01
5.770135668565367082e-01 2.943578735613903707e-01 7.588287538910152286e-01 2.001399809960275888e-01 6.718270082538638777e-01 3.966122109524716777e-01
9.951252202103691991e-01 9.867041017236727329e-01 7.078094276028603637e-01 9.460483572911471128e-01 9.638941998525935029e-01 7.233627045329812377e-01
5.130368077342087885e-01 1.433295271933407444e-01 2.233004723148075965e-01 5.525564379058778286e-02 4.163412003865288313e-01 9.951535050241962221e-02
6.966749073653554225e-01 7.226438476083962836e-01 3.747827974354654978e-01 5.630086981691420078e-01 2.382672281127440894e-01 5.854788295973974988e-01
1.334232685700166843e-01 8.241477397876445510e-01 2.950083886716060588e-01 6.586717045865952969e-01 8.391306499219498560e-01 2.282264118600400848e-01
1.838368700864304039e-01 8.632525003035984579e-01 1.471595406022216390e-01 1.306980194058269262e-01 9.058627680534796500e-01 9.780161448843515126e-01
3.196570757688369513e-01 2.424835903355083144e-01 6.288613810979111207e-01 1.292094967793673277e-01 8.870803377807852108e-01 4.367127655065665415e-02
6.061278854780313141e-01 1.833929304346281625e-02 8.186596495326859957e-01 8.476830769795924425e-01 7.282721810648562499e-01 5.695762043710664857e-01
4.250876910240026230e-01 2.390274406787437356e-01 8.925288149373356017e-01 3.120993524789810181e-01 4.653282181970631592e-01 3.747928578827479096e-01
5.745356587529383274e-01 4.153747754674659287e-01 3.152041177551596629e-01 3.718505040742456913e-01 4.590510020028452098e-01 7.440835990226287722e-01
1.023314357016568282e-01 1.526099855788403403e-01 4.312424425507033199e-01 2.552489174995571375e-01 8.019396896034348687e-01 4.153120460395186009e-01
5.769035159808610924e-01 6.663306000979238863e-01 9.220149020950900720e-01 2.790340671781450510e-01 4.752572875969380828e-01 8.165857219189776028e-01
4.416491142050474328e-01 5.116457877523101772e-01 4.297465751648087973e-01 2.838444008957594633e-01 6.055390980909909349e-01 3.994879614487863440e-01
6.650558136424711275e-01 5.748226755603292881e-01 5.852175534672343638e-01 1.986472229473292828e-01 3.091206479845096111e-01 2.943431006020846286e-01
4.885988032413466908e-01 4.858342178587359284e-01 4.639230140755237763e-01 7.606095124501734972e-01 4.606329376388055841e-01 6.475439355538074038e-01
1.338164202929320312e-01 3.873063184780405344e-01 6.118679653643690486e-01 7.082374591846019030e-01 3.023978393117574548e-01 2.351634882442998620e-01
3.531259990524000109e-02 7.736251978222438153e-01 4.572792433059137407e-01 8.746834029443562031e-01 5.395044242672697443e-02 3.177787939890138191e-01
9.147343686158480036e-01 8.462599682527029987e-01 2.644359674773597013e-02 7.527857136446982622e-01 6.676955401494035769e-01 2.888471410528098970e-01
3.908601019129162579e-01 7.073812258160927513e-01 5.310196749339716193e-01 6.877908939495682716e-01 7.819534306701519943e-01 9.268650218184193434e-01
3.833261048314097197e-01 7.994341260894142209e-01 6.117033145180045262e-01 3.739948263391852379e-01 3.677408841050271993e-01 8.550070586720494026e-01
9.449431369688737758e-01 9.959259159690260210e-01 9.598201515791278116e-01 9.771878975443542004e-01 9.665293431400444613e-01 2.045050067739189736e-01
1.413050870987564989e-01 5.152621091110940466e-01 9.126280908130599556e-01 7.364731351844966412e-02 1.431219725790621455e-01 8.599617932644531004e-01
1.447242206563862932e-01 2.825162314957640336e-02 2.474037921128962592e-01 2.082766038365662098e-01 3.193377823307220198e-01 2.015193378271557534e-01
9.388795521247168541e-01 8.151532835733148463e-01 7.731735154164600665e-01 3.877301923930644989e-01 6.508341091581667515e-01 4.761762890759836386e-01
7.472621045615028823e-01 9.122306951111485152e-01 6.609369907270374878e-01 6.038782007526606321e-01 7.187111590079030554e-01 9.105238914638157377e-01
2.034528312488027013e-01 6.906002095783179140e-01 5.961310895768812124e-01 3.579953685402870178e-01 8.808662540212959247e-01 2.374874384917066428e-01
4.230399990030461743e-01 4.710858616981026259e-01 4.602279727499688500e-01 8.729864445049315691e-01 6.828417943952111990e-01 7.922989770119687192e-01
2.994521324873158918e-01 1.585091533169859235e-01 6.579003620295598154e-01 1.868066596798598766e-01 7.471743927920529993e-01 2.294009201337049442e-01
6.089073286957673581e-01 5.913832711771539463e-01 9.152104351720586894e-01 8.987746250350028276e-01 9.457103062375220581e-01 5.735004138985689837e-01
1.068365887820064974e-01 3.974664259520859777e-01 3.166857625029423362e-01 4.894256140105426311e-01 9.030815086975871320e-02 5.434035018073844064e-02
7.995178299803995525e-01 2.161641332408799077e-01 8.713138244893575690e-01 6.507844033185392618e-01 4.685154956689255301e-01 1.360371780553245591e-01
1.887047507958176107e-01 7.958938170456136829e-01 8.992692713449058628e-01 8.456628231797367334e-01 3.941263338204238909e-01 5.238319269390407928e-01
6.508480767417142987e-01 2.167418771465602634e-01 4.062484947638786981e-01 5.906312449369579554e-01 2.175956208175288398e-01 3.272512595448473505e-01
1.947851108996065395e-01 8.386347919833260500e-02 2.520257540176830680e-01 1.542263634037226439e-01 6.562353367820263905e-01 4.508539978209598065e-01
8.565884556131320160e-01 7.407277235115857783e-01 6.531945954873109583e-01 8.144063276704400778e-01 6.940876747423602167e-01 5.873618987568276495e-01
8.505984425336765575e-01 5.914555421038357741e-01 3.992126538777102107e-01 9.619918968528509140e-01 1.883585913667526757e-01 3.420893951164549196e-01
2.554200517265686199e-01 2.402915209385302620e-01 7.114175414002941178e-01 2.886175219900906086e-01 6.267290017024453874e-01 5.451958022796659503e-02
2.243669236173439011e-02 7.285854719317241823e-02 6.547696346823966840e-01 6.525422241538763046e-01 2.708105112690878391e-01 5.259430676926221127e-01
5.903053674625894365e-01 1.574047885360409238e-01 3.882728651701812250e-01 1.687538218684494495e-01 6.476769259840475801e-01 4.287071052055482223e-01
3.235936725492327692e-01 6.224474389098147986e-01 3.103902701881010584e-01 7.731026592664420605e-01 3.513961370883561530e-01 9.423365504391408853e-01
4.071895526350732819e-01 1.290450151498362397e-01 4.653620102235193068e-01 6.243891513440757990e-01 2.399247553196741378e-01 2.695893961812677042e-01
7.085342521509656599e-01 9.468848192964599564e-01 9.468254601052437103e-01 5.056412215344607830e-02 9.489541781041763713e-01 5.272202146931330713e-01
6.012792505642332586e-01 6.755967990646334353e-01 7.545281043753435668e-01 6.500191134400665760e-01 4.037230892963962758e-01 4.278303121476417781e-01
3.698453298101726516e-01 4.862174668970809521e-01 3.303850262823940787e-01 2.561926611233502626e-01 5.157381510631441346e-01 3.631627987764926568e-01
4.404780444766056569e-01 6.245096355099504226e-01 5.614999678216670009e-01 5.570293799974024296e-02 1.593804245251028706e-01 5.356821078607463260e-01
4.518499844631013174e-01 9.155416828716441691e-01 9.615913572683776334e-01 3.121140503790229559e-01 7.200354475799810583e-01 6.232528349983782467e-01
9.230329449555024768e-01 7.644725832100807139e-01 7.902133580387058487e-01 8.712171297520399094e-02 8.545249422551198792e-01 8.184025118401387910e-01
7.783522881281043082e-01 8.856900077278989647e-01 5.426954025235887213e-01 9.186546592973172665e-01 5.826620199133671907e-01 7.605995242303661419e-01
