8.351169502780422249e-01 9.527709061785492040e-01 6.862953227188938188e-01 9.819071127507768004e-01 6.893635285086929798e-01 7.470274647232312271e-01 8.244510921491483568e-01
2.562140639810654430e-01 1.306245717897181746e-01 1.020888895381552447e-01 4.781591248504413749e-01 1.367165800184011459e-01 1.252320121818388809e-01 1.356122794709142820e-01
2.770919545013742491e-01 6.222419069815910558e-02 4.156530866970496729e-02 1.760258928717823024e-01 7.487918110564351082e-02 5.575937813922865471e-02 1.410288737608252907e-01
6.741248354039188762e-01 8.338761003912542602e-01 7.975145932726125375e-01 6.050572889727878767e-01 6.850354070775210857e-01 7.010164974441193131e-01 8.356618230704964123e-01
7.660980296553202562e-01 4.711021912780340437e-01 7.783362486080753762e-01 6.244645791334181295e-01 7.188294194638729095e-01 4.046402339977135387e-01 4.574516347635905200e-01
5.591432749652515133e-01 3.109574034690407163e-01 1.448795856267600657e-01 5.004465815316380128e-01 1.315804615151137114e-01 5.199686991981756767e-01 3.876265037073337028e-01
4.615819093629752734e-01 5.828095825461455659e-01 9.796171897183355570e-01 3.394651565021342132e-01 6.675555529072880745e-01 9.684048376038023598e-01 8.194813388025047329e-01
2.149373730400221116e-01 4.639893352442506919e-02 2.869809336635799069e-01 4.510051231887045320e-02 5.350211216136813164e-02 2.742963147718882957e-02 2.332173729766612649e-02
6.598579579555311977e-03 1.305233288244821675e-02 4.706703560456724014e-03 8.564632409980116670e-03 3.921237774193286896e-03 1.689376030974495957e-02 1.105571794780821349e-02
1.259860513250550262e-01 2.451038855276583828e-01 1.568687964218304365e-01 1.105733894969082032e-01 7.937951385974884033e-02 3.568829124491927907e-01 1.137083882874743018e-01
2.334881489205129224e-01 8.199514787806567728e-01 9.350902339487044967e-01 2.930008031281653991e-01 3.180954109411686659e-01 4.614013145014483896e-01 2.514734407245674541e-01
8.193460670613689212e-02 7.722481990587401479e-02 7.463726523277859626e-02 4.926129767313667251e-01 8.247406391892582178e-01 4.498482987244342701e-02 1.019191925450221164e-01
6.769625526866394072e-01 3.939937600371526960e-01 6.620531309711756851e-01 4.309924572221339734e-01 7.350649896543473005e-01 7.381901786502841345e-01 6.074908795425166819e-01
5.523388071571124769e-01 5.252615339815374096e-01 5.711984030982329985e-01 8.721817638728468491e-01 8.668433984275907278e-01 3.611968653428419551e-01 4.681535138883056169e-01
6.161407140534424370e-02 4.305409114121420966e-02 4.511871007926124971e-02 7.007433946495784938e-02 8.511139475740492344e-02 4.614998680851169210e-02 7.039111269845677032e-02
5.779725259500363699e-02 4.511066250162375918e-02 2.694814468382977779e-01 3.367523119641186585e-02 1.392806677613407373e-01 8.055739314928034300e-02 5.927129634627419097e-02
3.919876117709034657e-01 3.305523411982365656e-01 3.932257918918731776e-01 4.542372314809397515e-01 6.720147731248289347e-01 3.262189430656188271e-01 5.605539076651396835e-01
9.925533687809736660e-01 7.273011921641251432e-01 5.082287550371580309e-01 6.775982440004485463e-01 3.304909805301576853e-01 7.611466469054667394e-01 3.805675895820814225e-01
9.829376254622073095e-01 4.878234885124395070e-01 5.404269604202115440e-01 5.812070354616762913e-01 6.243632931727916002e-01 9.300612120220510537e-01 9.175974704029190576e-01
4.493652741299288267e-01 6.529571234639486299e-01 7.620952996879299945e-01 5.742616628502263953e-01 8.752478905953466892e-01 4.026230511152310565e-01 8.397423521979567873e-01
2.540650853506629114e-01 7.453680513046221368e-01 2.648348773087632613e-01 3.525524483489468897e-01 2.033114961814135313e-01 4.490392906803154505e-01 3.574306586978886480e-01
7.487997409581892416e-01 9.959338678717797322e-01 8.648756718227621487e-01 8.431075351879385726e-01 8.937177513726055622e-01 7.784035091578036525e-01 9.649702427145797623e-01
8.958433170086613773e-01 8.222978374345621955e-01 8.123133723968922748e-01 8.397529779746947254e-01 8.756899891886860132e-01 9.125359464368985041e-01 9.342055291939855843e-01
2.203023027862168470e-01 3.693383883335432660e-01 1.702110537894213904e-01 2.286639804457811231e-01 1.417632589582353830e-01 3.355163469120590047e-01 2.292915799661018050e-01
5.444333702719240664e-01 5.698801819005819835e-01 8.095064349596032827e-01 5.112740478754842499e-01 7.327609327621757984e-01 4.845509018464509987e-01 7.654978635688354238e-01
2.287782517926942594e-01 9.668664816747901680e-01 5.035294288897961268e-01 3.017792323875376770e-01 3.508704651612788439e-01 3.883932387481881521e-01 4.745612464915991424e-01
8.451656263933374769e-01 6.533480762976131562e-01 7.570177303704397342e-01 6.633535678474413722e-01 8.265051585622131824e-01 8.882177603877712269e-01 8.838836862573892228e-01
3.452564494609890455e-01 2.349906607848267215e-01 2.791012748251380238e-01 5.327217380961803972e-01 7.797283367253839970e-01 2.269079455524751210e-01 2.969832034524956810e-01
6.559603411844292520e-01 8.727737534035482359e-01 9.443736240831824835e-01 6.946504335304162225e-01 8.150001475587487221e-01 8.369710668551880728e-01 6.906117690993560654e-01
4.706897797271094031e-01 6.080342426175866510e-01 5.879433088521249795e-01 4.341440502053531825e-01 4.997190497815608978e-01 8.339552813699516731e-01 6.755799513700172509e-01
6.865126515295925103e-01 2.914278842461221486e-01 3.957189546879231745e-01 5.277138826715525033e-01 4.563279533758759499e-01 3.657523643266239466e-01 2.965179572709765732e-01
3.254826658903741676e-01 5.063092063192150549e-01 3.236621456859020696e-01 6.836248073289050708e-01 4.342826509382575750e-01 3.031243326633412116e-01 4.578609343842090507e-01
2.628394761921235556e-01 3.788096672376439766e-01 4.517183815582465067e-01 2.172667109958046350e-01 2.058296850882470608e-01 5.171446506654043818e-01 2.015581746287239961e-01
7.608695016716388038e-01 5.489158972786521984e-01 4.543303384489185692e-01 5.598925160900929399e-01 4.019566976930946112e-01 6.297551225216825310e-01 5.476441401960486788e-01
9.439489627287239726e-02 2.866348718775498308e-02 7.207028941765829255e-02 2.469359357031870525e-02 6.402972340583801270e-02 2.853499831072016657e-01 8.687525395568396203e-02
5.477463747205983946e-01 9.842375716336805302e-01 6.274106366710644478e-01 5.370276497275797700e-01 4.008900569751858711e-01 6.649042623499969995e-01 4.739781144246018596e-01
5.707404465243448577e-01 9.544200114137401103e-01 9.898409794472297074e-01 5.979123338049935343e-01 8.248103519435971975e-01 7.134324054617072752e-01 7.629457124303535842e-01
9.333976466116207238e-01 8.878414325071062319e-01 6.658878177146450028e-01 9.100001462751506898e-01 6.315998206846415997e-01 8.106285756084847804e-01 8.439858822150709816e-01
2.197405750247422296e-01 6.636722682676710061e-01 2.489580275011527011e-01 4.493616377303857323e-01 2.935395049862563610e-01 1.814330560865170527e-01 6.745709404904056683e-01
7.977463323118446636e-01 4.956789072519615091e-01 2.158630589201801786e-01 8.879896860007547854e-01 2.751533379778265953e-01 2.409355960999299273e-01 3.370119405834349213e-01
5.177529140582086686e-01 8.948528994470196229e-01 6.536124890102452678e-01 9.657414068837244514e-01 5.274233943782746792e-01 4.201912432013088505e-01 3.859102919067923243e-01
8.816935440149253900e-01 8.767561570845959773e-01 7.306678789329026369e-01 9.532600977912151219e-01 7.391754090785980225e-01 8.359398832248725597e-01 8.783309352002486303e-01
3.350107075739166551e-01 2.387446937026230509e-01 8.266200768465291615e-01 1.924502322191482262e-01 2.205685637891292572e-01 2.281498516455850445e-01 1.403832417721555259e-01
2.250856138796088479e-01 4.578079321174756133e-01 5.875273754361023393e-01 1.947235492158557457e-01 3.099653124809265137e-01 6.149863438715168495e-01 5.469436460345719064e-01
4.016021978684856109e-01 5.209007129445529793e-01 5.236677408179502002e-01 6.895395578842339335e-01 6.353057820815593004e-01 3.432083422744435230e-01 4.550045704357563725e-01
8.457584422410713287e-01 7.074926231671585519e-01 4.849368884365706789e-01 5.292887523462904698e-01 3.612338497769087553e-01 9.130061125764357133e-01 7.837156255320439913e-01
3.887026819197752503e-01 4.171961130993930844e-01 5.979214009247042494e-01 3.896726321868027587e-01 5.483273833524435759e-01 4.039395847347214685e-01 3.363106651811222370e-01
8.472923065822643984e-01 4.834916038059533516e-01 4.526828451066096659e-01 7.984378751628886661e-01 7.613392996136099100e-01 5.853422090588289439e-01 9.565279995556770221e-01
8.419542841131264499e-01 5.022863168705234971e-01 6.203301332112085564e-01 4.351336761034462763e-01 4.477236669044941664e-01 8.415485199067930244e-01 4.783897433517826925e-01
5.997003131147882193e-01 3.382478962900226649e-01 4.877261369412291825e-01 5.839385164677008966e-01 9.429117997642606497e-01 3.503227162895916069e-01 4.434926700935732380e-01
4.985679287338846133e-01 6.767774545632576633e-01 4.789063556106438746e-01 9.894594013438935409e-01 8.955299395602196455e-01 4.009741519256694864e-01 9.115299694310342593e-01
6.034790443286427442e-01 5.235979170938986904e-01 6.283482700100899709e-01 4.372370740586187798e-01 4.174760938622057438e-01 6.587906624009658429e-01 3.953141004990503582e-01
9.761103568301199296e-01 9.699898493608112293e-01 9.905394392643386281e-01 7.917195570549554473e-01 6.547467373311519623e-01 9.172017788933007898e-01 7.039975955612373104e-01
2.560498416260106325e-01 5.167933047540628627e-02 5.686285077669097493e-02 1.111339202922641961e-01 9.021418169140815735e-02 5.836130396024408890e-02 7.517411165044232679e-02
4.183154701818228571e-01 3.540444390011244225e-01 3.927783068819366563e-01 5.269198219464367172e-01 5.947122629731893539e-01 3.063621474301948533e-01 3.809925176426310900e-01
1.656134547559955095e-01 2.497946677732201803e-01 6.675760430922060840e-01 1.155119889361140711e-01 9.069987991824746132e-02 3.372593667994132627e-01 8.232119854498300138e-02
2.687493767662565980e-02 6.296115893496097987e-03 9.422223300917053831e-03 1.522347164445206347e-02 7.867818884551525116e-02 5.766294047126932498e-03 9.433657243853522251e-03
4.655710529119892749e-02 4.645211590432723331e-02 3.227348443083340179e-02 7.208471686531182920e-02 6.399443210102617741e-02 4.746001210119413921e-02 2.561947902934968990e-01
2.714858675016755540e-02 1.862626649505945420e-02 1.637774183676668216e-01 2.039446438809876250e-02 6.799752567894756794e-02 2.266730247331699352e-02 1.519403960688858399e-02
8.758611393720278082e-02 4.359622003247314720e-02 4.150802325308374646e-02 2.121083398066038461e-01 1.928180009126663208e-01 5.401355851250543710e-02 9.970079316627580845e-02
2.023070636487049045e-01 1.620157186639895053e-01 1.454915896559297317e-01 2.277565344163703098e-01 2.331886151805520058e-01 2.582764923898692722e-01 3.372649753178031395e-01
4.831188167928388011e-02 7.586953197562794349e-02 7.872696447585396384e-02 3.786660172755700049e-02 3.906643250957131386e-02 8.781629103880783660e-02 4.405225624089550290e-02
5.305542077844864757e-01 6.431370268350277142e-01 6.482611335018197973e-01 7.816108791316038751e-01 6.788546370808035135e-01 4.431210151949003806e-01 4.624001393326074849e-01
1.021411048248508230e-01 3.294497987484228396e-01 8.034421084511205180e-01 1.034063962936119102e-01 8.404348650947213173e-02 2.306786543253474264e-01 7.227092750830674261e-02
5.289992520673179044e-01 9.112169773889353674e-01 5.737184794682866906e-01 8.113617075823149616e-01 6.763159898109734058e-01 5.677320471787661305e-01 7.285188798993237347e-01
2.974103263211068104e-01 1.926083612420643465e-01 3.174104972087982701e-01 2.156059706505763784e-01 3.859813064336776733e-01 2.543017627395300351e-01 5.098965378336149934e-01
2.922828989130156208e-01 5.484200552412975549e-01 3.645737122326058732e-01 2.514225654442538427e-01 2.498488270211964846e-01 8.134286561492483081e-01 5.537223171258087717e-01
3.829938131879473961e-01 2.483090173291649660e-01 1.369105708286734724e-01 8.857451930212829616e-01 1.787529955618083477e-01 4.187000083754838786e-01 5.817349917564558215e-01
5.588562717363417809e-01 6.499349722614603531e-01 7.863935484527571074e-01 5.757293905412121937e-01 4.635869236662983894e-01 8.710165022232458920e-01 3.981353261510625630e-01
6.707307684180329188e-01 5.609808170262171600e-01 8.206675655059570973e-01 4.129375056952442891e-01 4.941165547352284193e-01 7.126724093863396892e-01 4.427174715045781306e-01
1.162935322072363165e-01 4.466381258156341127e-01 2.414821648335582216e-01 2.673531172010634727e-01 1.991543804761022329e-01 1.163237213478001686e-01 1.338552124158056966e-01
7.589852019370069147e-01 2.037408915111514618e-01 3.888903249787921679e-01 3.874462334487850934e-01 8.946828327607363462e-01 2.541464400773440491e-01 3.349682404442956840e-01
8.191355958973877138e-01 7.098045570651453362e-01 9.363030735569475294e-01 7.572818405240544504e-01 8.453092335257679224e-01 9.189070332085251813e-01 6.712228998236376976e-01
2.336933324812900947e-01 2.476201392436575832e-01 4.662853093301161378e-01 1.479341726610828578e-01 3.225469021126627922e-01 8.352125802558540979e-01 7.905167396717305284e-01
7.854059331363993923e-01 6.086810633939405274e-02 7.264723114521931535e-02 1.375772620503659949e-01 2.078481435310095549e-01 1.001294519125463106e-01 2.104444325201073052e-01
1.695175214267499730e-01 2.191250944184052751e-01 1.025233438357416454e-01 8.034438527655116680e-01 1.922318192664533854e-01 1.276727550191463778e-01 6.602964845473474620e-01
1.158499301232277373e-01 1.219312599272067837e-01 9.748572056949418585e-02 1.005531403448635952e-01 8.448384189978241920e-02 1.429932325025412565e-01 1.402642403347266475e-01
7.795970177032306436e-01 5.433072632325813833e-01 6.865148380786445514e-01 5.713586428395672767e-01 8.658020272850990295e-01 7.878787007171735857e-01 9.983321081449875178e-01
8.132701902555743434e-01 3.987256108371748375e-01 5.823474359755224095e-01 4.136688404134175046e-01 5.281150215305387974e-01 5.814267109642845544e-01 4.528982865288568305e-01
1.124057965801452813e-01 2.056679045959021457e-02 4.359604210361411186e-02 2.457474594684924338e-02 4.562956583686172962e-02 8.336473500769793488e-02 2.811335596119097016e-02
2.772233809474783373e-01 4.488716472857652851e-01 2.156680621941766685e-01 6.761522825332791919e-01 2.569951198529452085e-01 2.575336897626279709e-01 3.986278555862398099e-01
2.548489959964685969e-01 2.728941367292456177e-01 1.215848187504684069e-01 5.746146359776644896e-01 1.408212915994226933e-01 2.876857119059440526e-01 3.233659073424376973e-01
4.121334193359257325e-01 5.624910984875094444e-01 5.359906948668677895e-01 4.491617927146575595e-01 4.575116436462849379e-01 5.348657921755693989e-01 4.230544941481475529e-01
3.048726766066181884e-02 3.733832678878235001e-02 1.186875827061511200e-02 4.807634256714984206e-02 1.306862593628466129e-02 1.930201780865754488e-02 3.194929780272559583e-02
4.849152746971068795e-01 5.897911620124681731e-01 9.559009664245055049e-01 4.131574040136381520e-01 7.454715182539075613e-01 7.435984894776149767e-01 5.646487032983860122e-01
9.001559651356779712e-01 3.698026748728445723e-01 5.801928469415522649e-01 4.393997751709609045e-01 5.622324482537806034e-01 7.674663999615655152e-01 4.939122846538158140e-01
1.685384440221200097e-01 1.263403527579406715e-01 1.708014526335910055e-01 1.514577745247929763e-01 9.633562280796468258e-01 1.885984913619130898e-01 3.653116671720241238e-01
9.860478009354397555e-01 8.779752729071780282e-01 8.321309841851936007e-01 9.356569103034648727e-01 7.656045563053339720e-01 8.679371044261863233e-01 9.801168313461838810e-01
9.306909036816529701e-01 6.854548708274179614e-01 8.223769252666549567e-01 8.954039547761396545e-01 7.800309960730373859e-01 6.174713886996001655e-01 5.808685080970265036e-01
8.375840600897294097e-02 7.472988174226573577e-01 5.934741149268117633e-02 2.147220321572323176e-01 4.690202372148633003e-02 8.090741067434233103e-02 6.530082084800786779e-02
4.355172332425881199e-01 5.964792804069914967e-01 4.573028990647791669e-01 5.338521419627070275e-01 4.863141241949051619e-01 5.531733677743844169e-01 6.266686548921905908e-01
4.104436837186035136e-01 2.935300706172322971e-01 6.509422428788562698e-01 3.141477733981434817e-01 5.326907979324460030e-01 2.554111122354276731e-01 2.333064375616038522e-01
6.020270116652191028e-01 1.062170097906814520e-01 4.825328265135517825e-01 8.656344212356210932e-02 3.949007750488817692e-01 8.155492337545200421e-01 7.586088130582294697e-01
8.691970321004853783e-01 9.797843796777624403e-01 9.270005861151283666e-01 9.914104458978328926e-01 9.900517531204968691e-01 8.450210409330859429e-01 9.324099299628920701e-01
3.863123230758392368e-01 4.522335654612927858e-01 7.210926656855585204e-01 2.221683819100829238e-01 2.344570010900497437e-01 9.207494039173310663e-01 2.677416244386940369e-01
5.297010991466630792e-01 6.607040376514778934e-01 9.433667443710457290e-01 4.622001189338198479e-01 5.725934116635471582e-01 8.566863767431606158e-01 4.499838493240474468e-01
3.027959315072111801e-01 4.725168408092961236e-01 4.939827586398488068e-01 3.175820346192196886e-01 5.695906055625528097e-01 3.306569237112709780e-01 6.219117826892416323e-01
5.299118281472832148e-01 2.467749669692316794e-01 8.232303009652640613e-01 2.180429113519805617e-01 6.503076995722949505e-01 7.289751950454778084e-01 3.278673853033072794e-01
6.425030284155714977e-01 4.855808911416600315e-01 4.431610449049791511e-01 9.330398284465952763e-01 8.838590474333614111e-01 4.763041547487673055e-01 9.057611396714054797e-01
9.029323597108748212e-01 4.206695498408057898e-01 7.138004118942038456e-01 4.537424697137197316e-01 9.234978184103965759e-01 9.712464457951713870e-01 7.952364019201421108e-01
