2.984366369838844513e-01 4.237758087853968347e-01 4.634554773357403845e-01 4.423894302453845739e-01 4.734446720972839140e-01 4.202947090197547975e-01
9.107799434365825286e-01 9.067795633865179949e-01 9.308748905201104096e-01 9.437647096347063780e-01 9.158219750201557208e-01 9.048072999951716211e-01
1.029765260056518666e-01 7.694487562872574793e-02 1.329041870620996380e-01 2.889348729513585567e-02 4.246851432884804489e-02 2.165026076900186669e-01
2.888684056012880697e-01 4.197218865887180073e-01 8.229003468766296625e-02 4.343481780961155891e-01 3.386300848861769630e-01 7.890936632606873613e-02
3.663597138329967584e-01 8.209018953256660422e-01 4.276179966463202198e-01 7.590835839509963989e-01 5.436493977535447053e-01 8.306275267319441769e-01
7.460563734705732974e-01 8.214036828929852652e-01 5.933771128993694521e-01 6.925069352146238089e-01 7.305087389198697823e-01 7.398478781497124235e-01
3.508500389658163465e-01 3.269044894145073932e-01 3.683326758442839188e-01 3.237082373816519976e-01 4.704691866985280524e-01 1.920449324679788239e-01
5.376346640020776002e-01 4.402320550424282386e-01 4.187048734658732618e-01 5.898703376296907663e-01 4.517782556517564441e-01 3.702220124841094639e-01
2.068802594277343587e-01 9.177117343736596045e-02 2.992712493675076524e-01 3.745238336268812418e-01 2.763192087729672841e-01 4.062835680840611308e-01
6.481401147077128222e-01 4.870507504753874839e-01 5.619071908355466327e-01 6.877729827538132668e-01 5.831607240748523102e-01 5.793746841923653745e-01
2.514688213096186176e-01 1.283468143883298440e-01 7.137065261710646979e-02 2.408345213625580072e-01 1.370939068870651867e-01 8.751198622972453101e-02
3.817061646020303844e-01 8.097447955753829252e-01 6.948886919831823716e-01 7.928036069497466087e-01 3.782883912230127765e-01 8.465245323186891824e-01
8.953720786543978294e-01 8.559484763813319796e-01 9.258859021656601351e-01 7.396626523695886135e-01 9.190829106747334665e-01 8.912519327896645249e-01
2.902618268128899226e-01 2.983290887480417597e-01 3.094605741000001076e-01 6.455710106529295444e-01 4.811637053530359309e-01 3.912728544137523135e-01
6.362220276993314494e-01 3.327389667900965686e-01 7.512085925945554132e-01 2.665448910556733608e-02 6.502430019156713037e-01 5.077767082565156631e-01
5.340216746487218558e-01 1.289846235808039809e-01 5.209477026460821447e-01 5.226153912954032421e-01 3.363145260587566687e-01 2.643883101660028934e-01
9.007571293747733687e-01 9.329181606593747178e-01 9.245944923146179883e-01 8.448539995588362217e-01 9.243765940818825522e-01 9.263689389143926478e-01
8.769125612731217823e-01 8.449232394042122118e-01 9.406781704345258399e-01 6.843870943412184715e-01 8.651746793600051388e-01 9.082351503437140483e-01
8.162406001405346778e-01 9.068364842405997051e-01 3.077070778355030511e-01 9.219677613582462072e-01 8.167765519422125475e-01 6.589812413572956329e-01
2.278934928194877862e-01 5.616902684696776227e-01 3.607838322997456992e-01 2.990187550894916058e-01 5.127830432634208346e-01 5.657573339332189200e-01
1.880012468665832048e-01 3.084100483361892908e-01 3.322941956131766350e-01 6.458025658503174782e-02 1.778872858257861123e-01 3.080306612912465658e-01
9.543702231668375058e-01 8.871908057250812440e-01 9.031427702448394657e-01 9.480751852970570326e-01 9.362714921476965602e-01 8.236682241479932332e-01
9.577322387028717188e-01 9.790929202349235583e-01 9.143694979528385058e-01 9.947418461088091135e-01 9.188637368175291975e-01 9.901168271007614319e-01
4.636703276489840403e-02 4.363176857186137347e-01 6.163404510080944254e-02 1.318530791904777288e-01 7.883525572420425898e-02 4.628971752741365964e-01
2.738621944920535123e-01 3.889611565656316272e-01 1.101274963561777454e-01 2.764966527465730906e-01 3.278415729329082207e-01 1.320313133555308105e-01
4.987168245540662403e-01 5.366753234866372679e-01 6.327460299982939906e-01 7.483238382264971733e-01 5.884943473376007539e-01 5.766777309040975741e-01
8.464691770864888332e-01 8.975026891290254216e-01 7.344055409906456999e-01 8.106928516644984484e-01 8.170100484296359822e-01 8.643880726440608120e-01
3.475547861406002026e-01 9.024472486589665832e-02 4.706164527689992716e-01 1.188893925864249468e-01 4.276986032199011634e-01 1.421925058024253175e-01
1.076237018482945756e-01 1.512813103190871755e-01 2.226902335437007108e-01 2.696812835056334734e-01 1.016128901297387171e-01 4.166355065136281843e-01
3.297404026436756008e-01 5.767466634280307147e-01 1.482842917315247144e-01 4.829882308840751648e-01 4.789291858338700636e-01 4.042875398258606867e-01
2.520110457022738948e-01 6.333118756450677178e-02 6.232373971915663446e-01 1.144354548305273056e-01 1.928546067432265407e-02 4.136173862519497146e-01
3.970027183800816095e-01 4.028088603402166235e-01 3.541268405634893646e-01 5.572519102133810520e-02 3.688205891428603111e-01 3.871124605464291157e-01
3.004010742660716965e-02 4.581970748273999083e-01 1.669471439918350508e-02 7.197740375995635986e-01 1.534513471423337369e-02 5.653715444130761325e-01
8.171959789574201327e-01 4.339391142148462666e-01 8.230823927486580205e-01 7.656707293353974819e-01 8.418699960563207352e-01 2.842210194090277198e-01
7.142090293145041402e-01 2.376606022979265709e-01 8.814252697898071753e-01 3.038437056820839643e-01 4.620620360668334925e-01 7.499049155978202430e-01
9.101681487028892015e-01 6.693379765615985466e-01 9.128960941262203033e-01 7.715778890997171402e-01 9.146557761982517798e-01 4.966986259151622840e-01
7.342284600956648921e-01 2.831076744314612870e-01 4.375953112617188556e-01 6.950125580187886953e-01 5.683156527039484596e-01 1.148910769559321893e-01
7.641408641528026902e-01 7.014240431866790582e-01 6.282728664948694641e-01 6.896084737963974476e-01 7.717674315421646503e-01 5.309817585090168546e-01
2.175268868887157148e-01 4.843647159199429009e-01 2.559932955950536271e-01 3.385628305841237307e-01 2.802281121470312497e-01 5.147949726163297823e-01
5.963313008163323133e-04 5.462986164625751939e-05 5.965425375735902008e-02 1.332388306036591530e-02 1.963234926172139044e-04 2.073944645983806789e-01
9.889663271335255024e-01 9.876238516895964326e-01 9.928123395363647186e-01 9.101453798357397318e-01 9.923686405221950890e-01 9.847917151200266117e-01
9.481506101308136980e-01 9.682655487979028308e-01 8.858020346623860508e-01 9.663146622478961945e-01 9.363244297091327661e-01 9.492227905001691113e-01
8.691231170550116625e-01 8.428636407817576837e-01 8.159473096754135124e-01 8.633463999722152948e-01 9.018640880002083415e-01 7.137948227472020735e-01
5.665885072183298732e-01 8.301275723078314073e-01 6.535185263297162983e-01 8.102205786854028702e-01 4.443987000168446722e-01 6.437708255946786862e-01
1.190015577360736543e-01 7.902334117928494495e-02 1.655012680554689419e-01 6.234185863286256790e-02 1.196154136009889984e-01 8.853984091319157257e-02
4.345054970940501748e-01 5.078093167891254422e-01 5.340442674955672153e-01 1.957515089306980371e-01 3.348806921117504221e-01 7.396811580575072265e-01
2.982849900826820000e-01 6.410655638529552114e-01 5.842423912819492138e-01 3.436705283820629120e-01 4.774931361682736020e-01 7.199683875894329343e-01
6.922913952564153650e-01 5.396980720565773826e-01 6.250779809244686458e-01 5.918562812730669975e-01 6.637979230792279139e-01 5.313795848006181988e-01
8.302720065182830345e-01 5.585512669258502205e-01 7.893656724995411489e-01 6.578510741237550974e-01 7.162319602579760858e-01 3.433075956894187653e-01
9.240676383006039829e-02 5.315676806501203749e-02 1.878803867416245776e-01 1.195411628577858210e-01 5.599574946835703115e-02 1.732474772009200414e-01
9.649571411894620754e-01 9.708473129983946626e-01 9.669663597649144071e-01 9.465821427293121815e-01 9.683610717757090702e-01 9.774210043940571024e-01
3.194802302153798568e-02 1.113701875187511348e-01 1.433717920109009621e-02 1.164375036023557186e-02 6.586140062483070157e-02 7.373412402563429835e-02
2.053695613682183230e-01 1.022194817353074547e-01 9.745310070066870445e-02 9.508164087310433388e-02 1.454498700490462482e-01 3.878584684922476572e-02
5.666461518125917030e-01 5.703100868239731058e-01 5.301211655347006779e-01 1.243691595736891031e-01 7.252947591663891913e-01 2.571559050126344115e-01
4.756488485136428634e-01 6.836517678015623378e-01 6.050933271367430200e-01 6.612201724201440811e-01 3.701469998324893318e-01 5.551975241472464351e-01
5.929920335307959922e-01 9.139179681442134440e-01 4.917858251616439857e-01 8.724660093430429697e-01 4.876022429333496944e-01 9.215962893356915986e-01
7.954684677919526825e-01 3.877939319388941097e-01 6.136743150356628318e-01 7.004981464706361294e-01 7.360462851325022537e-01 1.228935147911414949e-01
4.741873348030569146e-01 3.786563909210542977e-01 6.198920973573494031e-01 6.062368620187044144e-01 6.439208058410900160e-01 4.353786952917681474e-01
6.484410092971643058e-01 8.762819119682084823e-01 8.081220015933169298e-01 8.066445703152567148e-01 7.519103198132300880e-01 9.132284421465489688e-01
3.361419007248013235e-01 9.583188456699588686e-02 4.641257467666344838e-01 7.520846789702773094e-02 3.329393679241446358e-01 4.037056667538667654e-01
7.175086442227950334e-01 1.941986875337781693e-01 7.726237558453677989e-01 8.263981419149786234e-01 6.179284126464580362e-01 8.020499624726716847e-01
5.044290706326640672e-01 4.949556851758273313e-01 1.084678445479285991e-01 7.053825289476662874e-01 1.842817114464197770e-01 6.191336614482150225e-01
5.874441481615323424e-01 7.735202413349759887e-01 4.519906719069082812e-01 8.570857422892004251e-01 7.032592463809735905e-01 6.280806152841270640e-01
4.891028719905688993e-01 1.464917812091052485e-01 8.128339920932776685e-01 1.237523439340293407e-02 6.452892701685208898e-01 4.567804925728777277e-01
6.229815355626031614e-01 5.512067015046200752e-02 8.264371502984473317e-01 1.803769038524478674e-01 5.530869652132056613e-01 4.965857345841302450e-01
7.984538605055608862e-01 9.010083943173549659e-02 9.604368221317768350e-01 6.946275623049587011e-01 7.871064845778218411e-01 8.584824831362619646e-01
4.683229599012678213e-02 1.287585164443995900e-01 8.471819360738103155e-02 4.176692012697458267e-02 1.059948400312568234e-01 6.990047697693707596e-02
3.604288610628537115e-01 3.422468081984471056e-01 1.577085106264018710e-01 4.043516349047422409e-01 4.479861987698126047e-01 9.132022851704926780e-02
8.114080796186429190e-01 8.276959999081162644e-01 8.674861351335930726e-01 9.207445571664720774e-01 9.343287353671072548e-01 4.433964445145788802e-01
3.760260516190325752e-01 4.858131256623712813e-01 3.737184664478059859e-01 6.975929520558565855e-01 5.501345708276030866e-01 4.489635616831478826e-01
7.839341428558639358e-01 4.285140483006541490e-01 6.635289440164865438e-01 7.397250228095799685e-01 7.824655804309472718e-01 9.334196179321856135e-02
8.196896532799278212e-01 9.064370117846374253e-01 7.984377958047998991e-01 7.784811800811439753e-01 7.437637275183897057e-01 8.822347729734814070e-01
8.168223598087033244e-01 7.472819620565192000e-01 8.473821463845004898e-01 7.558702027890831232e-01 8.605704426116546069e-01 8.246711153159332897e-01
9.160368935391511869e-01 6.875584332599138371e-01 9.541262693032636077e-01 6.857823487371206284e-01 7.427547547698302166e-01 9.116761830529374055e-01
1.363767876009562008e-01 6.149461818719534900e-01 2.286353740327870254e-01 1.605083346366882324e-01 1.174536879493519731e-01 6.742955149919811486e-01
6.373158107316964083e-01 5.369497079295322273e-01 7.760105322372833347e-01 6.683973805047571659e-01 6.132518219048965769e-01 5.499829819817193544e-01
1.242306840506056109e-01 4.235563332111015322e-01 4.756409010999577691e-01 2.209862787276506424e-02 1.367522824859780661e-01 6.384575557457511374e-01
3.384629956868864253e-01 6.023855592327348463e-01 7.712658678806968426e-01 7.908130502328276634e-01 7.650263518709503607e-01 6.529351529502193108e-01
4.632407599014657373e-01 1.547671264459827556e-01 3.989983387157514105e-01 6.002488532103598118e-01 5.771022387414537214e-01 1.384219933378996459e-01
9.712960305482716272e-01 9.135584086671825199e-01 9.794611849127478065e-01 9.663406128529459238e-01 9.717663277653092457e-01 9.677668007927954230e-01
4.446044723075797123e-01 1.622052797637315302e-01 6.475667078600775284e-01 7.011188752949237823e-02 3.037987183425684412e-01 5.261754399399309889e-01
8.128774084588711313e-01 6.696339155292255763e-01 8.534150792258352602e-01 6.879903329536318779e-01 6.528599172363372949e-01 8.012318335958091842e-01
4.061979716752477931e-01 2.753222541491798792e-01 2.753062888293739130e-01 1.421191045083105564e-01 3.951519272270747063e-01 1.304931372372302445e-01
1.066290356237100806e-01 1.049067765201861374e-01 1.100722611129813649e-01 1.612643485423177481e-01 1.475033284946110079e-01 1.127609264190540944e-01
3.940883680901139524e-02 8.361204947857216185e-02 2.449257133210695769e-01 1.290668756701052189e-01 2.316305088281859492e-01 8.564721953763866635e-02
1.438607417985114656e-01 2.453631305348874525e-02 2.431580031708334977e-01 8.310293382965028286e-02 1.607680912721805300e-01 8.615580261773966853e-02
8.483069770332205550e-01 9.199083824465619230e-01 8.995160295994286681e-01 6.217828143853694201e-01 8.826879562189369199e-01 9.350903334122522281e-01
9.043919958312683915e-01 5.959751023305065454e-01 8.881230888532142265e-01 9.165416124742478132e-01 8.895056586346962169e-01 4.591040833613460048e-01
6.853745252018116352e-01 3.450620895160776413e-01 7.767670333294303120e-01 5.802952963858842850e-01 6.109866900657877631e-01 6.057471121209448972e-01
3.549081888024800402e-01 2.894623388766952021e-01 4.841358993164914803e-01 2.271185074932873249e-01 4.649759617426162395e-01 5.783321915298155202e-01
3.467357426574860790e-01 3.068871117706080676e-01 7.918611604240793911e-02 3.906281227245926857e-01 4.097315928912689253e-01 1.940182173666488430e-01
8.224852242558906568e-01 7.669959073272457628e-01 6.021672894089580286e-01 7.487341626547276974e-01 8.481354105415843669e-01 2.037361127613195599e-01
2.550786268493282494e-01 8.853145368305777307e-02 3.098456701368555444e-01 2.384399911388754845e-01 1.271665492877705750e-01 3.068190274524617567e-01
4.635170936205006420e-01 2.787672372730322645e-01 2.997970153588492281e-01 4.498329027555882931e-01 4.454027725067537524e-01 2.743454382835301408e-01
8.857507194018211516e-01 9.010559246927493104e-01 9.113382111336898461e-01 9.051720192655920982e-01 9.110565667219570063e-01 8.730755640069048917e-01
4.874642820838799850e-01 3.110540761927998443e-01 6.180811820294475067e-01 1.324874856509268284e-01 4.730703724388482523e-01 6.112405898325879994e-01
6.312562334232678651e-01 7.484102642523953186e-01 7.556778330773215036e-01 3.410558707546442747e-01 7.228846488541399440e-01 7.117685082094242777e-01
3.020068690168731806e-01 9.554665334542880029e-01 7.268628521904495488e-01 8.676709744613617659e-01 4.564912679432083786e-01 9.614129078770812242e-01
4.396085640467349842e-01 6.376271056652389468e-01 8.426489872488600597e-01 6.907123357523232698e-01 6.311154698288025111e-01 8.355022213667845365e-01
2.227291686937530324e-01 1.632535993537339025e-01 7.869711947905107252e-02 4.061117938254028559e-01 2.359635693371463783e-01 6.665394987947223515e-02
3.697591469457948143e-01 3.162010386857466160e-01 3.425148512726977623e-01 3.632758916355669498e-01 3.595468257187103278e-01 3.543529012334036832e-01
6.362143704476286299e-01 5.009031930041362157e-01 7.159470128737087657e-01 4.692470065783709288e-01 6.558441558113839998e-01 5.725335989375527346e-01
7.672446895439098968e-01 6.229621544222646579e-01 6.048880031206733676e-01 7.453169054351747036e-01 6.605757867412129780e-01 6.228447684705273879e-01
4.414657158789211389e-01 4.584986452398862045e-01 5.295225141249823020e-01 3.651623055338859558e-01 5.378231900935128706e-01 5.075476138999108766e-01
8.443968407533376519e-01 7.115503137487423357e-01 8.280893939096228840e-01 8.062276574783027172e-01 8.592947030115442031e-01 7.327857652804172783e-01
1.215204688578578190e-01 1.153843554582309992e-02 7.689517302583187552e-02 2.227548719383776188e-01 4.855990568581863842e-02 2.026548324757893385e-02
7.274555893056182665e-01 6.407278527987433359e-01 8.507907302858210841e-01 6.414040680974721909e-01 7.560824896548656859e-01 7.987738351927858860e-01
2.416137360763666031e-01 6.592378440175959975e-01 6.057908500248868622e-01 1.642070121597498655e-01 3.424976696337226345e-01 8.398757034791658471e-01
8.591041526778976367e-01 8.842920643467812036e-01 8.420099198417818620e-01 2.912227374035865068e-01 8.703455852458999997e-01 8.729762355923609274e-01
4.199907018936395453e-02 2.549552884497066629e-01 9.085076681753299910e-02 5.955192099791020155e-01 7.084799943995548528e-03 4.694058279487662300e-01
5.743129071159510657e-01 4.364063959536073067e-01 5.567881209500848971e-01 7.453253953717648983e-01 3.951484223755200031e-01 5.820456292198206150e-01
8.346203181823412809e-01 7.571002313586846499e-01 8.603194175516852837e-01 8.947819876484572887e-01 5.961018900865374670e-01 8.577205536242525907e-01
1.348292228250063118e-01 6.574233169850612901e-02 8.094424365226476903e-02 2.198763624764978886e-01 9.792837337745481652e-02 1.225454583379320533e-01
6.831192797402849681e-01 8.346747346478615714e-01 7.312137096381639001e-01 8.874351861886680126e-01 7.575358109190080125e-01 8.037058479637677610e-01
7.181866725935135420e-01 1.096626510444585478e-01 8.248414004975551661e-01 1.441474407911300659e-01 5.433184614086995490e-01 6.159831075276089862e-01
5.199454961078961990e-01 6.779481320209405082e-01 4.036781815014557906e-01 7.676601707935333252e-01 5.449771407794644640e-01 4.966486634548457624e-01
2.451262573734264150e-01 7.318546647329026156e-01 3.490288179100607957e-01 8.047254134435206652e-01 2.164105319255116011e-01 7.131331939582906676e-01
6.218797770226985877e-01 3.145175049967053882e-01 6.446273021545257942e-01 5.885862885043025017e-01 7.221948723994466857e-01 1.751338193392726339e-01
3.324602007751439881e-01 3.928191992237871633e-01 2.766740044610219718e-01 4.838605048134922981e-01 4.108092452958942431e-01 3.620961197924291164e-01
8.209566078633158126e-01 9.114207605809591106e-01 4.786030470400202685e-01 9.191318580415099859e-01 9.010207650236425891e-01 6.228389943145204999e-01
2.904108816654951686e-01 3.343844454885098183e-01 2.002070680582353213e-01 6.059096925891935825e-01 3.683404461783951200e-01 5.799228305973094244e-01
3.565413461080189639e-01 2.773401872091265652e-01 3.842032248002266726e-01 4.514320511370897293e-01 1.592130600725890355e-01 5.607285743019029267e-01
6.342158464988553179e-01 6.788724644451190615e-01 5.113027265100200669e-01 4.110783622600138187e-01 6.113127986755735321e-01 3.695445391840674332e-01
3.245743721124652037e-01 3.073055336011491501e-01 1.120867382432927800e-01 1.620994431432336569e-01 2.964540044445546085e-01 1.979098004001495215e-01
3.940153251325762551e-01 4.225676387648557020e-01 1.538893226744994236e-01 4.073570403270423412e-01 5.612814583526469780e-01 2.018941172958672176e-02
5.582001237857334153e-02 2.532467842182656304e-01 1.756518454591841083e-01 3.271060669794678688e-02 1.081538090064513846e-01 4.346634559210563187e-01
8.363439003659917104e-01 7.168912493458813318e-01 8.946979539662326397e-01 7.020048398990184069e-01 8.599648647923806566e-01 7.921591677133577036e-01
5.448386110571147301e-01 8.047730005093095551e-01 2.540016586438968993e-01 5.677901182789355516e-01 6.161636579344841325e-01 6.870143501182124357e-01
7.706047286546766628e-01 9.446746152894972548e-01 9.172727391823031207e-01 9.134513479657471180e-01 9.445025150849905016e-01 9.300961074305824638e-01
8.683937679865862957e-01 9.113889528808428730e-01 6.497831981165205217e-01 8.421000912785530090e-01 8.498330075204313383e-01 8.397090321819712377e-01
8.277461495415461279e-02 1.881136311007150785e-01 3.598489261279963491e-01 2.351938812062144279e-01 1.158785389283489980e-01 5.245196780706317119e-01
8.673106598995155014e-01 7.729214988166908107e-01 7.268226203351083603e-01 3.950720266439020634e-01 8.588539369585265204e-01 4.592975930873345325e-01
5.422854561258785289e-01 8.064068032201191505e-01 8.555735982006602569e-01 9.215770023874938488e-01 9.154624760833268704e-01 3.991913474992674904e-01
7.537742633671519199e-01 8.914168101102034614e-01 6.218444390183250903e-01 8.756219330243766308e-01 8.068968717133149227e-01 7.637212998041180700e-01
3.300859510267540320e-01 2.105152759801764140e-01 3.688345245866418431e-01 7.195467173587530851e-01 2.820073299364717623e-01 3.098548844028932159e-01
1.748138229380206410e-01 7.394475876223508548e-01 3.948040272390335725e-01 4.925666537601500750e-01 3.037061586070594621e-01 7.841333443907919643e-01
6.056025863263034964e-02 5.347223502071679624e-01 4.500954480346728293e-01 1.899336539208889008e-01 2.719993746367488363e-01 5.333035140003493657e-01
1.588656383259319793e-01 2.007832664005523848e-01 3.800121908121788517e-01 1.851727352477610111e-01 1.566496345496760645e-01 4.264215236332774550e-01
8.933066172800968596e-01 9.145757555679506767e-01 8.442740127980028486e-01 8.010451698210090399e-01 8.951492977746455804e-01 8.353584507951508087e-01
6.093300464820333717e-01 4.981224205979404851e-01 6.244324691589098197e-01 3.929232102818787098e-01 6.354621649730206601e-01 4.764893699585097120e-01
7.103183331822782165e-01 7.712569341255925970e-01 8.086011633424718958e-01 6.926103427540510893e-01 8.260630878885375505e-01 8.056759984465390323e-01
4.985257847572459045e-01 9.104114298003891659e-02 4.913219196184822612e-01 5.332254096865653992e-01 5.179644630928501581e-01 2.563760587472209695e-01
1.093343092795437226e-02 2.553430853419965674e-01 4.609400893195910592e-02 2.948904882650822401e-01 7.727458408064542643e-03 4.833892335008207475e-01
2.930263130505296743e-01 2.982479795437237291e-01 2.502687190748394963e-01 1.300322297029197216e-01 2.192331175879831395e-01 2.691169676853469306e-01
9.398079971943795741e-01 9.322154641751848603e-01 8.500690156943064846e-01 9.092515562660992146e-01 9.296584865773245276e-01 8.397112498117378365e-01
7.340704194491711743e-01 4.800883012883936929e-01 6.727889621357476813e-01 6.215535656083375216e-01 5.546399564677437777e-01 4.871571504747075343e-01
4.678306000013572885e-01 7.555551200468516582e-01 4.685964883718404250e-01 6.806413813028484583e-01 2.623717378589733307e-01 7.136907916031330901e-01
5.261950580374272768e-01 8.737621032567967072e-01 6.194448132814445174e-01 5.877261790446937084e-01 4.347297951159690976e-01 8.856436115340994286e-01
4.151222402918988696e-01 9.490361389311853246e-01 8.199954050803017758e-01 7.858572662808001041e-01 8.570639207368782042e-01 9.380225539065778495e-01
2.353505480442577014e-01 1.799223527613416640e-01 4.009268756500156128e-01 8.623290550895035267e-02 1.878166357700268019e-01 3.274555514267025735e-01
4.988151761375784199e-01 3.613259619517756316e-01 3.254900575206140512e-01 6.790825254283845425e-01 4.797318907757405770e-01 2.011199616346694696e-01
5.319617086681538431e-01 9.475070173856968703e-01 7.491823427284477477e-01 9.368172565009444952e-01 5.832264667430592242e-01 9.503041420602819089e-01
8.299007716457368344e-01 6.896795331410638941e-01 7.459416857110706678e-01 8.738575188908725977e-01 8.592831289600711964e-01 2.686231008445038038e-01
1.654957423757331403e-01 4.003444365021543438e-01 3.215180107371581331e-01 1.391448413487523794e-01 2.604427316017587368e-01 4.831569750812596542e-01
3.986666775675088981e-01 1.124710169047903052e-01 3.134892697025846720e-01 4.357078194152563810e-01 2.422984213703511525e-01 1.602379157254139042e-01
2.602237374399872238e-01 1.907774757366247353e-01 5.745495679603992434e-01 9.471617173403501511e-03 1.622295939586012037e-01 5.802072404696360097e-01
4.754609273065867336e-01 3.634005823291887038e-01 4.536866821927554305e-01 2.567737752106040716e-01 4.984451868404784491e-01 2.561445258930273861e-01
8.422092878376836733e-01 4.744044894247280708e-01 8.450821354779218808e-01 6.819593929685652256e-01 8.553164946284183001e-01 3.113453368832451718e-01
2.943682294555570733e-01 6.637162741472729666e-01 2.459347891899645588e-01 8.414087307173758745e-01 4.815806793522512397e-01 5.873388378932674625e-01
8.473359462267175957e-01 7.765644908274474956e-01 6.679561184251515682e-01 3.410005623009055853e-01 8.903431904556174947e-01 9.688172534922426249e-02
3.462735629795565817e-01 4.276724137441149654e-01 1.877507363838172572e-01 3.905905175488442183e-01 3.802434281797613114e-01 1.668946308030811454e-01
7.286692105962961907e-01 6.591774287998457549e-01 8.976415168028222258e-01 9.768578726798295975e-01 8.734016779742923564e-01 5.214124225323134576e-01
9.175327975943630143e-01 9.129144829182115339e-01 8.767790199346163771e-01 9.113868714775890112e-01 9.260059522183740066e-01 8.155693622071886750e-01
4.987795273344268754e-01 6.521926446031421631e-02 8.193051785916812824e-01 5.833240603096783161e-01 6.668884720797434440e-01 5.798340855308881103e-01
5.711607616132958753e-01 4.507377963784007791e-01 1.103720557543251823e-01 5.306726903654634953e-01 5.665388485299236443e-01 2.245641605747602243e-01
2.467819519749645529e-01 3.688995532857805015e-01 4.922111203430193926e-01 3.210140408482402563e-01 4.637285926909546774e-01 4.144261322815201432e-01
2.438100172006266442e-01 5.634809260890025207e-02 1.837941902673833894e-01 7.397460225038230419e-01 1.134362969342388450e-01 1.095055333610932095e-02
9.263187291627049680e-01 8.439956260594261295e-01 9.696722753613451484e-01 8.931386498734354973e-01 7.474810248049118533e-01 9.424337339586830176e-01
1.009191469343488079e-01 1.997989439018373337e-01 1.863648431361792090e-01 8.933181874454021454e-03 1.703804059096808710e-01 2.146691145751201124e-01
4.772707268698821448e-01 5.965517977204873867e-01 7.853679236462710600e-01 6.995598846115171909e-01 7.089123469555325130e-01 7.495646900211641039e-01
3.292090439415565339e-01 4.965322577713254804e-01 2.291810058400754468e-01 3.078895031940191984e-01 4.105450536137849604e-01 3.102363096624521921e-01
8.198706168485352386e-01 8.230917764479892540e-01 3.862573324202900893e-01 8.615370763000100851e-01 8.470056510929725446e-01 4.230255015585616118e-01
3.748514353941938548e-01 4.647455299202101209e-01 3.536623511881561988e-01 5.285727458540350199e-01 2.734241044373914020e-01 3.569185551631365305e-01
5.734275075068714367e-01 6.694032447275123365e-01 4.885782993328846024e-01 2.923782258294522762e-01 5.373533857271888259e-01 5.908458404493018845e-01
7.849229380032167747e-01 6.723115374352309770e-01 8.235850335497709729e-01 6.826962139457464218e-01 8.177367497967364951e-01 7.469786391943993298e-01
8.879725236989089998e-01 9.096023002955452297e-01 6.480328669111956597e-01 8.877457387279719114e-01 7.652432535905532296e-01 8.369875186443812565e-01
9.410703899935414229e-01 9.020684196823048895e-01 9.524916749243720338e-01 8.621956645511090755e-01 9.548806873995355771e-01 8.432569592341045972e-01
2.294066493387063865e-01 2.424868892908345619e-01 5.248890149621274759e-01 3.592158015817403793e-01 2.098744618926552674e-01 6.172922687976366563e-01
3.830670632304295498e-01 4.150587652139027250e-01 8.484464216519156388e-01 3.611415815539658070e-01 6.209102278529161634e-01 7.683995800944571908e-01
3.616497262182366296e-03 9.639208034100665021e-04 3.960841414536460381e-03 2.050908654928207397e-02 1.270615533374945668e-04 5.833747375794074916e-03
8.006087556441443542e-01 7.483448385387923008e-01 5.659011232519646217e-01 7.904208935797214508e-01 7.387144664820174400e-01 4.805439012989981551e-01
7.978994135667652476e-02 3.508621078146362260e-01 2.826812659245849790e-01 2.802135213278234005e-02 1.924210270025256131e-01 3.369359396238046367e-01
3.365231658098749024e-01 5.744454978966933023e-01 4.132445202621425895e-01 4.012312912382185459e-01 3.193924876710639293e-01 5.803373951798304065e-01
1.988717641815480053e-01 2.071485191870989229e-01 2.314415699476799482e-01 4.896594495512545109e-01 1.722660246084150582e-01 2.883725833699318786e-01
6.974186224947288570e-01 4.316202950847287667e-01 7.149147084486241477e-01 5.103474245406687260e-01 4.726676576704368915e-01 6.433070748730407296e-01
4.373165357324190206e-01 4.037893036029501781e-01 4.463366190757414587e-01 1.965643595904111862e-01 4.660502377629274218e-01 4.383303191023805723e-01
2.582238696615558049e-01 4.823585014840756080e-01 6.246641028668753481e-01 1.253748387098312378e-01 1.379109538296933724e-01 7.768114435621631397e-01
2.850483591553012452e-01 8.323300730641811640e-01 6.581619919212816638e-01 7.495338530279695988e-01 3.987186970845505996e-01 9.613590053936278412e-01
9.505523295373564663e-01 8.012782968322713639e-01 9.064868479519404554e-01 9.325249004177749157e-01 9.492870686232800503e-01 7.376803620513860960e-01
8.538143146574302955e-01 6.652217356141043592e-01 8.961898868130560025e-01 8.306787393521517515e-01 7.799176968616043926e-01 7.023243731914207144e-01
7.845122089661801246e-01 8.683553245784324526e-01 6.409002489117699985e-01 9.339925968088209629e-01 7.285921824031957872e-01 6.865260853090392468e-01
2.185800355389979910e-01 4.735429115733054140e-01 4.101605201138943113e-01 2.110697759781032801e-01 2.209829531234608624e-01 5.790350004659062799e-01
7.987012547272434038e-01 7.844314811930929165e-01 6.188483497174038783e-01 7.281647606287151575e-01 7.820032876644408271e-01 5.546826912873042970e-01
9.818760239536268308e-01 9.765539084382220958e-01 9.490216714878703108e-01 9.814999359659850597e-01 9.832165169994760978e-01 8.608182352616785549e-01
8.820598895642302040e-01 9.004403176548385623e-01 8.532973139585181555e-01 8.804108670447021723e-01 8.449793421262916659e-01 8.434850467918806327e-01
5.086520067602519068e-01 7.994526528253962372e-01 5.636782091223120350e-01 8.916342372540384531e-01 6.792822639254252337e-01 7.860786521684783867e-01
5.471230695208837425e-01 7.989127245637026586e-01 3.200417114276233321e-01 6.003068508580327034e-01 5.041221002413401875e-01 7.696667332855845478e-01
8.218147977050376668e-03 1.112643256468600315e-02 7.991976168979569861e-02 1.252157541457563639e-01 7.848403999319880642e-02 1.233745801729499089e-02
4.199495353539471343e-01 2.184440616171929028e-01 5.008082978133017171e-01 9.105670102871954441e-02 4.339627637761152013e-01 1.967343286911165112e-01
6.407233237015671490e-01 6.761931891693222507e-01 8.883055645167150516e-01 9.115975056774914265e-01 9.081681521199276297e-01 5.042093800078608634e-01
5.351013189819565641e-01 6.886143602992679247e-01 5.366793760370234256e-01 6.005851645022630692e-01 6.670973033573938116e-01 5.988460739303349545e-01
4.181721392293092365e-01 7.124767571041152880e-01 5.316725014483401068e-01 6.923735991585999727e-01 4.175653570308925366e-01 7.024826145325093751e-01
2.368602649068212579e-02 1.667654458737361511e-01 1.185140880360611992e-02 3.604516335763037205e-01 7.935359568846924111e-04 1.353517519764905197e-01
4.968577751314154183e-03 2.170334904511411062e-02 1.826290280563264840e-02 5.297555751167237759e-02 5.322953287017530462e-03 6.757296317941521857e-02
3.249030404602056832e-01 5.769875764335252732e-01 2.099680886296970417e-01 6.919181388802826405e-01 1.017604636113190880e-01 3.718246742946191841e-01
3.949229408984363254e-01 1.586857219307109823e-01 1.962138601352861889e-01 2.093182739336043596e-01 3.631553297318665940e-01 1.558738049618896837e-01
1.654049665290173166e-01 3.470059826408244397e-01 1.298959758701198897e-01 1.357893196400254965e-01 3.106071949929107845e-01 2.295072717028866782e-01
7.087322070867985158e-01 8.974899904220103863e-01 6.093871805835160416e-01 8.349267572630196810e-01 8.564454859942662868e-01 7.395546781032487083e-01
1.059587592058104794e-01 4.610004686895716186e-02 6.203303696604520745e-01 3.783703732769936323e-01 3.407269661152146911e-01 2.197027841627888778e-01
8.627293398153140780e-01 6.923186743433151769e-01 7.926750256277889095e-01 4.540657969191670418e-01 8.033181585845614592e-01 3.382162903244846919e-01
1.824165464224296873e-01 7.733269620983634907e-01 3.363767225937357441e-01 5.173008928541094065e-01 2.629457638989324830e-01 7.690725917940695044e-01
7.161693841121195003e-01 7.453918423908897362e-01 4.149495630062243201e-01 7.703937182668596506e-01 7.643377180331092369e-01 3.530958036523209609e-01
3.635395466403280040e-01 3.405411482405789614e-01 3.270773621031844436e-01 1.028151963837444782e-01 3.339952075430535072e-01 5.499109501010888135e-01
8.626709034242635576e-01 8.416773797125051138e-01 8.871366281964988554e-01 8.716934737749397755e-01 8.877186656087907579e-01 8.691608695634125414e-01
5.573607585194779723e-01 4.154030679243106428e-01 2.825247205857943089e-01 4.936580248177051544e-01 4.911811900560801303e-01 1.855940820322504459e-01
9.225339437416507637e-01 8.872952685825139518e-01 8.995478349493659653e-01 8.978192787617444992e-01 9.076639575460874187e-01 8.245547106196919884e-01
4.772411498003842900e-01 4.505824294639231287e-01 3.638691760189372570e-01 6.413279615808278322e-01 4.611705667774895212e-01 5.356912128341573265e-01
7.503242240448845246e-01 7.331986467585535072e-01 6.651930112998134526e-01 7.919240838382393122e-01 7.527554490044511271e-01 6.675404435362748412e-01
9.982148319150387916e-01 9.987069434602883211e-01 9.992508203295707991e-01 9.973907538224011660e-01 9.987061347594959893e-01 9.989202566637465086e-01
5.059568047831433102e-01 6.849530500225494700e-01 2.627818520309551098e-01 5.358424508012831211e-01 6.553978512986159410e-01 4.374500799896108294e-01
5.025811016057381009e-01 4.062063445416584373e-01 3.349154907734305797e-01 5.592536807525902987e-01 1.846210422291339193e-01 3.364306302606369092e-01
3.729978017096369225e-01 5.015783563794599109e-01 7.883413620571032565e-01 4.531998590100556612e-01 3.753999354153782497e-01 8.251646426611658480e-01
5.287453780485730226e-01 6.457939549044648953e-01 3.944048312316312255e-01 7.041554825846105814e-01 7.631210177139101658e-01 3.101926455587031284e-01
4.222689656242766820e-01 2.328224809346770563e-01 5.286798709466652424e-01 1.035778913646936417e-01 3.739539798590716946e-01 4.808571507784473731e-01
6.181027856849683477e-01 5.111403009191705094e-01 7.006196557338985054e-01 5.828669685870409012e-01 3.951494777930004143e-01 6.379024413923022330e-01
8.241130298452131742e-01 7.971714938203413592e-01 7.196962043598255088e-01 8.246440566144883633e-01 8.735975122188578412e-01 4.741627790245878105e-01
8.174879004662424231e-01 5.431943845897361234e-01 7.368419250560684919e-01 9.051204228308051825e-01 7.038249993814723604e-01 5.503611602638177613e-01
9.904765987637508262e-01 9.901258372331778190e-01 9.906657711382084175e-01 9.971264097839593887e-01 9.971984597155368890e-01 7.160306203438179251e-01
4.233114948610512407e-01 4.627010744039839474e-01 2.079226767393177466e-01 6.654594670981168747e-01 2.538389189720021699e-01 4.043059660000985489e-01
4.454043101584663489e-02 1.260417621628108498e-01 1.639663550604611997e-01 4.134719655849039555e-02 4.415053037709273237e-02 3.155020113450577313e-01
6.074510956924999983e-01 6.707569629130631927e-01 2.425765407083739778e-01 8.493970746640115976e-01 3.593095102562833265e-01 3.445482266462611132e-01
9.457520946977379106e-01 9.396689075486392984e-01 9.664862221290371203e-01 9.367481290828436613e-01 9.017441806518882164e-01 9.689325493498921471e-01
1.768269441228911276e-01 1.700489812903847320e-01 1.244790292410122706e-01 2.255372204817831516e-01 1.659955871710393216e-01 8.047067460169682329e-02
8.031737450440058490e-01 7.728875227092837363e-01 9.732708881770891773e-01 9.134793726261705160e-01 9.177802565588017991e-01 9.497688004017442731e-01
1.797264649753354537e-01 6.478685245406166082e-01 7.897896938691173485e-01 7.827485767193138599e-01 1.960509400091540178e-01 8.551980275298601830e-01
4.610335266182220559e-01 4.703035096090266154e-01 3.755461022075956001e-01 7.883579609915614128e-02 5.438208689111395655e-01 3.921803974313178842e-01
4.821333175921579950e-01 2.021546568621861717e-01 3.253967596402818074e-01 2.915651467628777027e-01 5.632376949709796410e-01 8.112780488848649052e-02
1.522846352535653092e-01 8.898255003849425693e-02 4.009519724876848268e-01 1.867264788597822189e-01 1.918391241127719304e-01 3.437762396367413098e-01
1.386011905797196742e-01 1.304511054618456289e-01 2.624240990854158628e-01 1.289219052996486425e-01 4.750125572389920364e-02 4.683800544731682725e-01
7.475864341707716410e-01 6.892108133932707270e-01 7.258218585730092931e-01 9.107901023235172033e-01 6.526453489319294921e-01 8.173872396958165032e-01
1.930554403926021444e-03 2.178039480953312124e-01 2.753945144331369499e-01 3.459323868155479431e-01 4.304033663566591422e-02 6.499792129507172556e-01
2.552149813141612045e-01 4.776887378147109398e-01 2.484634375620787539e-01 1.561094145290553570e-02 2.397502992886418882e-01 4.907678454988713135e-01
9.849907056665592187e-01 8.991459493071930487e-01 9.765371583479504070e-01 8.728219356853514910e-01 9.831135292404439285e-01 5.274080789649766565e-01
3.342721944377846643e-01 4.043243363599036688e-01 3.376832828830101385e-01 5.759553015232086182e-01 1.871120971116567999e-01 3.290168367759172541e-01
4.426332878196155840e-01 4.007116491365788069e-01 5.493308772758312974e-01 7.634869753383100033e-01 6.560379814454855296e-01 2.120533523618647054e-01
6.253116202967682336e-01 5.807030755924373899e-01 5.906427547335798556e-01 4.368545424658805132e-01 6.675116801382654508e-01 5.901721757364135623e-01
7.912138352013460274e-01 6.293036980801774982e-01 8.432903853387253568e-01 6.459201220422983170e-01 7.355640668175948971e-01 7.629414969462414708e-01
9.220821649050825464e-01 6.112338102479086821e-01 7.875730529102908939e-01 9.415421832818537951e-01 9.098086284560092940e-01 4.607527042197688272e-01
9.728620353786228137e-01 9.717866897751087363e-01 9.716521605269908823e-01 9.535008624661713839e-01 9.749234427486035415e-01 9.628823305185101322e-01
5.965020205370745732e-01 2.766240776618923425e-01 5.381264501007680945e-01 8.815681235864758492e-02 5.208438258656700182e-01 3.082003413334994391e-01
4.416951503123489053e-01 7.554689939129752840e-01 8.859298204220479589e-02 6.452579330652952194e-01 2.964441734007783880e-01 6.630709238009256934e-01
8.702297841006861878e-01 8.437928799493699117e-01 9.361264605708813358e-01 8.575808780733495951e-01 8.684895520704333238e-01 9.259359406706685336e-01
9.421110725294544741e-01 7.848092185819148803e-01 9.289238553704810553e-01 3.252293264959007502e-01 9.472260871095418144e-01 6.401196386806677907e-01
2.242592776893167356e-02 4.601114227632056020e-01 7.458537452714637805e-02 2.116772916633635759e-01 2.316556855186874542e-01 2.593861277708936486e-01
7.052707612315110008e-01 5.385081104449586098e-01 7.328054134702945976e-01 8.104055195581167936e-01 7.736902546320519880e-01 8.161734714533314117e-01
6.948517425957925209e-01 5.081363076742188012e-01 4.940455093596262670e-01 5.381966962013393641e-01 4.754938715378274061e-01 2.833009523735154911e-01
6.936886186552602140e-01 7.323577538881672622e-01 5.006294839323014445e-01 2.738706818781793118e-01 5.676352168102658524e-01 5.995968468488933611e-01
9.557891238423386060e-01 9.491186174474312010e-01 9.002129729014509696e-01 9.535690874326974154e-01 9.595379318786149136e-01 8.846118692443785125e-01
9.913441078469560352e-01 9.626554174052066593e-01 9.905268885993466776e-01 9.762337815482169390e-01 9.875506888473826184e-01 9.435798951287740488e-01
7.657630487321003265e-01 7.512050230617191016e-01 5.865531958210660202e-01 7.517783863004297018e-01 5.486447667832728969e-01 6.967761704893108421e-01
8.294131459605077472e-01 7.331635378212002507e-01 8.504217936467971528e-01 5.896396224852651358e-01 7.828075270166544586e-01 7.059720473572069777e-01
1.580290299739811610e-01 4.770067948073963837e-02 2.833812796919412125e-01 5.343314609490334988e-02 1.373037335570905515e-01 2.375158340015695244e-02
1.463650617099244988e-01 1.747195105699121398e-01 3.823649570902188932e-01 1.341481392737478018e-01 5.972868174366152694e-02 4.537094633225372542e-01
1.685015822383246764e-01 3.026458679053048995e-01 3.264602206871664580e-01 2.258995003066956997e-01 3.616564232502072485e-01 2.555239700689678761e-01
4.377352882652208454e-01 6.071712060739122840e-01 6.030277808818282903e-01 3.111343518830835819e-01 4.766326435482458046e-01 7.472104999215085641e-01
5.530074512945788445e-01 7.420116308730759780e-01 5.600240456176551751e-01 6.571968577336519957e-01 5.376742057556193055e-01 7.589215558946794671e-01
5.952139326701990640e-01 6.041958549730341854e-01 4.647828213110984374e-01 1.374590755440294743e-01 4.758527983050717669e-01 6.002099908050166910e-01
5.276012003800548689e-01 4.155628371265370213e-01 2.060706594545500536e-01 5.835369667038321495e-01 4.337009424561544257e-01 2.371523030234819196e-01
6.128247193773400658e-01 4.882513599008984073e-01 4.004285913043643119e-01 7.546452512033283710e-01 3.467099744216515789e-01 2.384934434560469219e-01
3.331500595826908939e-01 5.290275782654927372e-01 5.563934164722126458e-02 4.817462936043739319e-01 1.777223392817915970e-01 3.991237074308852106e-01
3.366657152076985571e-01 6.310528870756944020e-01 4.285932327055354957e-02 6.140166416298598051e-01 2.152587326766905451e-01 2.667441344682373594e-01
4.123701937416196506e-02 1.655467235958930916e-01 2.831861734863539912e-02 1.300547891296446323e-01 5.476203956725877314e-02 1.670867083522474539e-01
7.970412764584895449e-01 7.670121209459735967e-01 6.672484908367755096e-01 6.351489913649857044e-01 8.216543534872883248e-01 5.281829810613907217e-01
1.527517171322830269e-01 9.404392022972461740e-02 1.937277239925986883e-01 2.975389650091528893e-01 1.596539931107917587e-01 6.930570649085444901e-02
7.273460187035978297e-01 6.402817858057329170e-01 6.677913607967197462e-01 5.023461107630282640e-01 7.227715756416095427e-01 6.994024655878120500e-01
6.732943959989989846e-01 3.040670800578278987e-01 8.631700379785464117e-01 7.874254870694130659e-01 8.173180718187956773e-01 8.129029329495984779e-01
1.287419117146904324e-01 7.329768470629510757e-02 8.991961127916663077e-02 2.843029901850968599e-01 8.388925946976610870e-02 1.132062306737984109e-01
7.932771710589002767e-01 9.856269257710319476e-01 8.855024640652241485e-01 1.526871598325669765e-01 8.162605153454385309e-01 9.894154017166034709e-01
7.513237492442633725e-01 1.417144343991345035e-01 6.764330724385574367e-01 3.004969088360667229e-01 5.001698829532407187e-01 4.301926124910328969e-02
6.351958192995715846e-01 6.664010182744112276e-01 8.182812275544686376e-01 4.224288412369787693e-01 6.958508729258441328e-01 7.704425296793432354e-01
7.169996832516116747e-01 3.170704802517306242e-01 6.545430685867953402e-01 4.592592983972281218e-01 7.206428273458790335e-01 2.481271835250115354e-01
6.397046127633297663e-02 1.255212039496153564e-01 1.273386801306843064e-01 2.039101156406104565e-01 1.853134596973746162e-01 2.043595907969583680e-01
5.404347200114617555e-01 3.960126099587686910e-01 4.873229543592280666e-01 7.309208586812019348e-01 6.922379247775455324e-01 1.793552258337744176e-01
8.292766058984992750e-01 8.769740838705377683e-01 5.554412065312126501e-01 7.655315850861370564e-01 4.238559648301772342e-01 9.445492784209313930e-01
2.535121237184528864e-01 1.544028908759529639e-01 2.958595736073449736e-02 7.833517435938119888e-02 1.664721488194761678e-01 1.546547616200644702e-02
2.601422929533372952e-02 4.414727276117931531e-02 1.021509013608683410e-02 7.331535709090530872e-02 1.801581197826860811e-03 1.459820653405593804e-01
3.883873052693330719e-01 3.894654128289987693e-01 4.794565145383868354e-01 3.428605585359036922e-01 4.712004896915303886e-01 4.216316781994239871e-01
2.954558063261361611e-01 5.971693796975041657e-01 1.496735760141140736e-01 8.009842857718467712e-01 4.832588277411234978e-01 2.106688190609793399e-01
7.232102364967103458e-01 8.550561913681183901e-01 5.646463083540761430e-01 8.631121546495705843e-01 7.888546229793794717e-01 8.504437493094298972e-01
9.415633396785177966e-02 4.889014162637430605e-01 2.239354348493871327e-01 4.710975717753171921e-01 3.479592922918765541e-01 3.996782890264550803e-01
4.785916350783621653e-01 9.557302585616396229e-01 7.328062811373301511e-01 8.005008252803236246e-01 4.494271737859513172e-01 9.693349229092435015e-01
6.756101399555177744e-01 5.835408573489390127e-01 3.517672908026524548e-01 7.281644034665077925e-01 4.974543065768767813e-01 2.368366238803575885e-01
7.403487231717377215e-01 8.481748847775758549e-01 6.378924386686979364e-01 7.722577352542430162e-01 7.748673244353908585e-01 7.698752082327655621e-01
7.324367171266156218e-01 4.046885770415505901e-01 6.658283779162084137e-01 5.723251856397837400e-01 4.670965348870522171e-01 2.457476802494849843e-01
1.522731397390043873e-01 1.024975990932608105e-01 3.957168064268313801e-01 3.419919877778738737e-01 2.696000224590816563e-01 1.098418382535114174e-01
5.228007594595150964e-01 5.097846454904337854e-01 6.100093831826458590e-01 2.654963580425828695e-01 5.723084566352363289e-01 5.384254566513976270e-01
6.965588109655669324e-01 6.954691394965949458e-01 7.856484114975663680e-01 2.453887690789997578e-01 2.988464293977423081e-01 8.721387084654653732e-01
5.253855739839606853e-01 5.086071267338355684e-01 4.415678477771071697e-01 5.862066119443625212e-01 5.800460636425329719e-01 3.958116317433428288e-01
6.727718821308920072e-01 7.632218013235471110e-01 4.996334045725968620e-01 8.241814963985234499e-01 6.041339051993436238e-01 6.421019433389947295e-01
3.762338887239202734e-01 5.526105009958534042e-01 3.295355828717423385e-01 4.784868890419602394e-01 1.984775909928999105e-01 5.997273319118275881e-01
2.496496890138456271e-01 3.985062452422571400e-01 9.540129295154953226e-02 5.929091160651296377e-01 3.956191508431679965e-02 2.163017838182942076e-01
9.074593560493883215e-01 8.857808304492018614e-01 9.050596364549291506e-01 8.917157722171396017e-01 8.893924265987702693e-01 8.944307878930475297e-01
7.031713287361619491e-01 7.071955656611185193e-01 7.951231801990273906e-01 7.839851502794772387e-01 7.989709717094604091e-01 7.675853957119227466e-01
9.093680318253160033e-01 8.485910371793845552e-01 7.281446180028753323e-01 7.001240565441548824e-01 8.874063678355664786e-01 4.374242531931541444e-01
8.759236384935890074e-01 8.143465835849218459e-01 7.161030194083162215e-01 7.571308859623968601e-01 8.867164106836780135e-01 5.826968805708857557e-01
9.321873625012321030e-03 4.338527366084570652e-02 6.444728723944113946e-02 6.991245085373520851e-03 4.266321610140436787e-02 1.132671785542081200e-01
5.941495628541184626e-01 6.944622576872877540e-01 7.270859679100569739e-01 6.724633609410375357e-01 6.227839338531839797e-01 7.768457949332047141e-01
1.793962136420076403e-01 2.480457309830431598e-02 6.259524313413501739e-02 3.503885327372699976e-01 4.777326858270626586e-02 3.659606300910261956e-02
9.267031016461229065e-01 9.650962549573901539e-01 9.523664262140936199e-01 9.117146413773298264e-01 9.303953619720970458e-01 9.767103462130729552e-01
3.338211855708134168e-02 2.392286418034113987e-02 7.574348096199834401e-02 1.093384842388331890e-01 3.046204810935065899e-02 1.416474366576719879e-01
9.591810841620834749e-01 9.698408383136538635e-01 9.657781329983996521e-01 9.639478882309049368e-01 9.646931256548216815e-01 9.717914057827660157e-01
8.457405356432518007e-02 6.968382540276756298e-01 2.758523664690791799e-01 4.402433221694082022e-01 6.992424952694145102e-01 3.018376585525888167e-01
5.101120025265199615e-02 9.210496487331738813e-02 1.342942980521951712e-01 1.079265424050390720e-01 9.233340295714381751e-02 6.169829926308260243e-02
8.429441001660933352e-01 8.386605342268267371e-01 7.279136098482735795e-01 8.783407178707420826e-01 8.961972725942995988e-01 4.188467834714797999e-01
1.440537758648432753e-01 1.305446686897314135e-01 1.837723117354343183e-01 3.660329491831362247e-01 3.511443896684345867e-01 1.332870957322362659e-01
5.634081605161667117e-01 8.054593705515005198e-01 5.726531201216926714e-01 6.743258498609066010e-01 7.137040558620498798e-01 7.261245671915992350e-01
9.177179861030000385e-01 1.287634516589953870e-01 9.110064326451731143e-01 8.096458455547690392e-01 9.245935242000229426e-01 2.433259400261510996e-01
5.050061166471730978e-01 9.503098700934404786e-01 9.324074243833663234e-01 9.365771263837814331e-01 8.136352657768602947e-01 9.559522894424933304e-01
4.354472532858412182e-01 6.767821061644011538e-01 6.227231529798037402e-01 7.237177046481519938e-01 3.547609425819139850e-01 8.017268260228731513e-01
9.995187550779033314e-01 9.994495806568152174e-01 9.994570894033164565e-01 9.995278562419116497e-01 9.995933638681563371e-01 9.992173568060945810e-01
2.176372487548688395e-01 4.314373679886018831e-01 1.621752759102495500e-01 2.969018658623099327e-01 2.939646491977997433e-01 3.855900962354762429e-01
7.330834922662186059e-01 6.945854692250186257e-01 2.092632057429175130e-01 5.717799041885882616e-01 7.709971642474315878e-01 1.734619315685075047e-01
9.816506637321652518e-01 9.519268455447842392e-01 9.296034989528693115e-01 9.858016336802393198e-01 9.848297504762326682e-01 3.798935540775973951e-01
5.780939454972444658e-01 5.398279810191612960e-01 5.384849402419732423e-01 4.498554524034261703e-01 5.279381651495750338e-01 4.286988425534458136e-01
3.269233268814412119e-01 5.220304563148173704e-01 2.645631412327568710e-01 1.235551259014755487e-01 2.399434253380866022e-01 6.851134767458200159e-01
4.471099137348203412e-01 6.816117224971746102e-01 1.777056037956572798e-01 1.095701500307768583e-01 4.977733075542712937e-01 4.954170357011555281e-01
1.900822057873889359e-01 7.965492353990792918e-01 3.803907633537498278e-01 7.942400879692286253e-01 4.743659806312877647e-01 6.781258005053653060e-01
7.243384643216874696e-01 8.869039077252737213e-01 8.109304664457693823e-01 8.665714717935770750e-01 9.085230424804598970e-01 7.073293721130190503e-01
5.404774166108269329e-01 5.352392716933830341e-01 3.650044291067490176e-01 6.474775986280292273e-01 4.540784353007465968e-01 5.257568027144945422e-01
5.553502648216065429e-01 6.886838006751822006e-01 4.624991971870008878e-01 5.041290770750492811e-01 6.712374715328117691e-01 5.764283983861886451e-01
2.346731227976331102e-01 7.925928845076860019e-02 9.616497507689442115e-02 3.880928971339017153e-01 3.408947848842350248e-01 6.154263023150349093e-02
3.090383175663860560e-01 8.613559796099446997e-01 4.980937848779432575e-01 5.303871058858931065e-01 4.982350399128210316e-01 8.787288203923694363e-01
8.575473881532493792e-01 6.343315669686880875e-01 7.634318084530825610e-01 6.429043505340814590e-01 8.412076346243803071e-01 5.549877426655500656e-01
2.451718851080850192e-02 1.136229174240526579e-01 1.270300285806634788e-01 1.528604957275092602e-02 4.140332269253877567e-02 2.151194154429763028e-01
7.665137268485121558e-01 7.958354582660781551e-01 4.024870465355389060e-01 8.023298045154660940e-01 6.799996651799686820e-01 3.892165632878933357e-01
3.235777415762185472e-01 5.699129191741814093e-01 1.036397259129600602e-02 4.113731912802904844e-01 4.142460413981428613e-01 9.017554827864733558e-02
8.614153129319249702e-01 9.244099513678718516e-01 8.912918552498922953e-01 9.359515747055411339e-01 8.429116737927755398e-01 9.415604155239412076e-01
9.964404600086148589e-01 9.887560595341583491e-01 9.978151412249025576e-01 9.545001520309597254e-01 9.973267059183813510e-01 9.909066817912655090e-01
8.351641370974861589e-01 7.615598631209962166e-01 8.396033307211483443e-01 7.447135227266699076e-01 7.473407983201362237e-01 8.311430785995699289e-01
8.735754510458386690e-01 5.855429107551259893e-01 9.068861771175117381e-01 7.966002130415290594e-01 6.541292378937932916e-01 8.875218417764308976e-01
9.085307078366049449e-01 7.282153242372245705e-01 9.775881527663425885e-01 9.435255727730691433e-01 8.376822873299905048e-01 9.720599816900300505e-01
4.653056315478682620e-02 1.774813978042765958e-02 2.567201633558531260e-01 1.040805862285196781e-01 5.634729051221798457e-02 1.064466643079739760e-01
6.213679251358006361e-01 5.246124345738742978e-01 5.879661627908223664e-01 6.198776646051555872e-01 6.851814500746643555e-01 3.094234921479007694e-01
5.907637800694758301e-01 9.770424945594642363e-01 9.852810993512209903e-01 9.776006923057138920e-01 4.957663146727718795e-01 9.971118473770004265e-01
7.824870616302328497e-01 5.446669267635698697e-01 6.340135578709792386e-01 9.349941583350300789e-01 7.366459024751202955e-01 5.507162917372401267e-01
9.530882920033493244e-01 8.659312824347624726e-01 9.712782624050205760e-01 8.282884205691516399e-01 9.781921687548552624e-01 7.906046052471078500e-01
3.598401934529746327e-01 3.565185984575682809e-01 7.462940196689156203e-01 1.417021476663649082e-01 4.600233764765446764e-01 6.806176069191373079e-01
6.859556830154940332e-01 5.285397038787313928e-01 5.957381538129453702e-01 8.140948079526424408e-01 7.860554899589277111e-01 7.160202860912282530e-01
1.217494264717009500e-01 1.294324884739518344e-01 2.027525970319266624e-01 8.760359929874539375e-02 1.469885612843784273e-01 4.428262738382164332e-01
1.316893287766426612e-01 3.209814779458694534e-01 6.208144156020302118e-01 1.523205561097711325e-01 2.582412088865169153e-01 6.748282367845169771e-01
2.391130310666322312e-01 1.606671068886622866e-01 1.215438626230857938e-01 1.785229195374995470e-01 1.892718470024118138e-01 9.999618076318421422e-02
6.558283844863553869e-01 5.551880477323375418e-01 8.464439977324587083e-01 5.401043994352221489e-01 7.735879636084186384e-01 7.606296567043240309e-01
1.871551894200132737e-01 3.295787265261525545e-01 3.393898725630672963e-01 9.755231859162449837e-02 2.504138886358949212e-01 3.015854721415910933e-01
1.899308414642198739e-01 1.065557204632226751e-01 2.428186794850637972e-02 3.566781501285731792e-02 1.905726531628600395e-01 3.439497074863476656e-03
7.731550378248568389e-01 7.082936879958511289e-01 4.869865560427897866e-01 8.486581509932875633e-01 6.811594666710262258e-01 4.937531684451017533e-01
1.800456574320189185e-01 1.190132698696375613e-01 3.069586493654783976e-01 1.184210767969489098e-01 1.090116723950580457e-01 1.376076208289897240e-01
9.967250992354979022e-01 9.757826732167833583e-01 9.945903602737321547e-01 9.977369452826678753e-01 9.935801633089680340e-01 9.778814070562339422e-01
6.427060204038292923e-02 7.968402791146469433e-01 1.013361068717734265e-01 6.562838610261678696e-02 1.364071535104932342e-01 8.097255557284438465e-01
2.029423143726442613e-01 4.586747056642566100e-01 3.850280004958642754e-01 4.119864804670214653e-02 1.261039952984189527e-01 6.183250178466207503e-01
2.387097800408603254e-01 5.833236737796125837e-01 5.850400162686163197e-02 6.446697337087243795e-01 3.619897036198703177e-01 4.200316439334898511e-01
6.562469467627699560e-01 5.811864823152413928e-01 5.757946664089029776e-01 5.082287790719419718e-01 7.614185929245995688e-01 1.406918604225163849e-01
6.728342097413503309e-01 8.154389490594423640e-01 8.438320206768004095e-01 7.868535369634628296e-01 8.275921943175962303e-01 8.751539577081247634e-01
8.648407513722828899e-01 3.251442150413547671e-01 8.872603401706435911e-01 9.120891396887600422e-01 7.362268444004889112e-01 6.872065849939849036e-01
2.591395619539291206e-01 2.081774631520942609e-01 2.760243851910140211e-01 1.954436558298766613e-01 2.467419000893396330e-01 3.776709381521209941e-01
4.789140256348400904e-01 6.812052888834961850e-01 5.185069967816865466e-01 7.049226525705307722e-01 1.978668901645570244e-01 7.256617773727933596e-01
4.379218321436486594e-01 3.829918493283551717e-01 9.488766430589802570e-02 6.376823293976485729e-01 3.920111612713824689e-01 1.993628989388197825e-01
2.386103292846851465e-01 2.454074363006964188e-01 4.577910251804778730e-01 2.461021204944700003e-01 4.722910763775861054e-01 2.692706859390065488e-01
3.758340051895854295e-01 6.184882204214051660e-01 2.265275433437784203e-01 7.234913231804966927e-01 4.390680025721582780e-01 4.327487296744250700e-01
3.038935674808495579e-01 7.344392030339678135e-01 7.813612193970526087e-01 4.572840775363147259e-01 6.234994927866226444e-01 8.268754214061195817e-01
9.202768013430030480e-01 9.551997930422698735e-01 8.722327607170072827e-01 8.771218953188508749e-01 9.289956773178011940e-01 9.351409558195762362e-01
5.164984938542696025e-01 1.580092495687886178e-01 6.088204740509460811e-01 1.883207487408071756e-01 6.225092137096852607e-01 1.729387099979033393e-01
7.744534775686315875e-01 7.652439920379893179e-01 8.019630449687884521e-01 6.982778040692210197e-01 8.274439662413993757e-01 7.946171319568484659e-01
2.613364887852474561e-01 9.732888932108114954e-02 1.630854743701639908e-01 8.512590406462550163e-02 2.470641171000867720e-01 2.743361244154752339e-04
3.510800888716281154e-01 3.278204850370155521e-01 4.212402223821082314e-01 5.521738100796937943e-01 3.979428770402620441e-01 4.306959944252372607e-01
7.598208693532733093e-01 3.319085384795075755e-01 6.037802999406476356e-01 1.833303016610443592e-01 6.632976655464161153e-01 1.834792874482661373e-01
7.881854731996699170e-01 7.544326394464481167e-01 7.107463745571145353e-01 8.514516220893710852e-01 8.187512386125777031e-01 3.527860175184154845e-01
2.192501785873073317e-01 3.068885366061964715e-01 4.375858614180697659e-01 2.459955799859017134e-01 1.786585236574118329e-01 5.174999269577122973e-01
1.660951748410437745e-01 4.548765281131120913e-02 1.608972081985182156e-01 3.413045546039938927e-03 1.925816216475290943e-01 1.878662871050738523e-02
7.723502945154878674e-01 5.100950726135077273e-01 6.143933256116629327e-01 6.999093408230692148e-01 6.345878382731612311e-01 6.842893973851587042e-01
4.058732303291094357e-01 3.892730281277345661e-02 4.030381707379216416e-01 3.504000371322035789e-02 3.213791392424378279e-01 3.312605213657370679e-02
8.209226963356830442e-01 9.173222335923207904e-01 9.857065483065053924e-01 9.502173813525587320e-01 1.912017561681534361e-01 9.953512631144262324e-01
4.530716265285581468e-01 5.119741778128179648e-03 6.479859337097938488e-01 6.648293193429708481e-01 7.832005581071578293e-01 8.635864379020804366e-03
4.124050845722069814e-01 7.857136989177934128e-01 4.805683745523022243e-01 2.612466593272984028e-01 4.741722425010502784e-01 7.593758497895478632e-01
8.495731959098048458e-01 8.182740206833363228e-01 8.081060860018356440e-01 7.958447509445250034e-01 8.099268581959486735e-01 8.608583994533065553e-01
7.672686472395804369e-01 5.843641781539867797e-01 7.313727816013032568e-01 8.676461402792483568e-01 8.519279864527529167e-01 7.643798785396120898e-01
8.719854737666675459e-02 4.580296745764509542e-02 3.429798159818533976e-01 2.604924954939633608e-01 2.295996979165621649e-02 6.515521883084279819e-02
1.300198734007297630e-01 2.319963474191931996e-01 1.423241808570363531e-02 2.040370698086917400e-01 4.092501326860454453e-02 9.975089127412256618e-02
5.873536389027896876e-01 8.836073165411069408e-02 6.772692943030670376e-01 2.771843860391527414e-01 3.520811763349266932e-01 4.060661807303534987e-01
9.022900783487106668e-01 9.570292632549110001e-01 7.777102359251836239e-01 9.481880816165357828e-01 6.210615700639802172e-01 9.625850922029376422e-01
4.105705223905796175e-01 4.620690495415299970e-01 1.260850909984264634e-01 9.993204171769320965e-02 3.103515580413838681e-01 3.934449407731558934e-01
4.750123221887603830e-01 4.234355554425063284e-01 4.034957334396406803e-01 5.273167707491666079e-01 3.213246574983283921e-01 3.772692127767492964e-01
4.416804129660932832e-01 5.246587352809688465e-01 2.904739622466688265e-01 3.021953585557639599e-01 3.527599044113662874e-01 4.964630687675918863e-01
4.348384543729466589e-02 1.398696825296957547e-01 1.296629715553389121e-02 2.935736919753253460e-01 2.285463920146593025e-02 7.235059272043380119e-02
2.233134548582980938e-01 2.311557847140790489e-01 4.550830608374577535e-01 3.231148847844451666e-01 2.641551852462056815e-01 4.636216292388181670e-01
9.108657708945663289e-01 9.562296164821071365e-01 9.709633786865640159e-01 9.573651077225804329e-01 9.150698694245921194e-01 9.810285418058546369e-01
3.672413859282936954e-01 5.537204450723305360e-01 1.179022983686118103e-01 5.425672740675508976e-01 7.849735410440684957e-02 1.885851307047655412e-01
7.390566459716780834e-01 5.836069305150974884e-01 4.482196833703645522e-01 4.132950361818075180e-01 7.645289437713977954e-01 7.412186026452663445e-02
3.181386398435124274e-01 3.142467172006910281e-01 1.811681980524289526e-01 8.685814938507974148e-02 1.403136357469944029e-01 2.309482685162641269e-01
4.540604464025480708e-02 4.251340080777089026e-01 4.337221013985083640e-01 2.447366283740848303e-01 3.715774490895900062e-01 3.361928544772782579e-01
5.191053237152777333e-01 6.634661879378421778e-01 6.336556045588154218e-01 3.343930498231202364e-01 5.871677278763417496e-01 7.364432631265023232e-01
3.334709276647170872e-01 5.768741460484066996e-01 7.826192724041131088e-02 4.910146596375852823e-01 3.158319648779938094e-01 3.793891327430989890e-01
3.744014219709947411e-01 2.484337881361706468e-01 4.470467934269873322e-01 2.465680455788969994e-01 3.891936388970085869e-01 3.528259178885962966e-01
7.664622424535119105e-01 8.493913709656427669e-01 4.195167291814783789e-02 8.392014754936099052e-01 6.324327644667524506e-01 3.622723142231831228e-01
2.535956146582101223e-01 4.609436850585850176e-01 2.090932741831958153e-01 1.760527964215725660e-01 4.793513788842382883e-01 1.949920700286532083e-01
4.556993941331489717e-01 2.114333529892072350e-01 6.086093112720821763e-01 7.640228366944938898e-01 6.684489740639373290e-01 5.712659250355270890e-01
2.084395380709171963e-01 2.008436830467806022e-01 2.312582100266969976e-01 2.139076404273509979e-02 1.960800379068833865e-01 3.044331101346555712e-01
7.439287505381397825e-01 9.605430703293674766e-01 6.509068565406292972e-01 8.217255515046417713e-01 9.223498550860547152e-01 9.127058706909476626e-01
2.239431381906340779e-01 2.043062451560160031e-01 3.336528257888854432e-01 3.437526954803615808e-01 3.299332068494154613e-01 1.757349855440505648e-01
6.704083252886838817e-01 7.998584174239512512e-01 8.026603268179822726e-01 7.456481128465384245e-01 7.364535091498090047e-01 8.816003049448914997e-01
1.361062026859269636e-01 9.331939316577313875e-03 1.520180604961350601e-01 1.918102777563035488e-01 7.812991595494896135e-02 8.248744472758445800e-02
1.724915002003948317e-01 1.113656930096088155e-01 1.340833044823545595e-01 5.912921228446066380e-02 1.393196807158442740e-01 1.861429203194734372e-01
2.781993739760460493e-01 2.223204169121082152e-01 2.512284634277293649e-01 2.481467055622488260e-01 2.534142669655662372e-01 1.703375006169212669e-01
2.388555954225590749e-02 6.931176310788503270e-02 1.870396370410878917e-01 2.274384931661188602e-01 1.135601033431386658e-01 3.765458223442114116e-01
5.786014300407122946e-01 3.219500287507870984e-01 4.544961483954067516e-01 5.889249697793275118e-01 5.513180538837736400e-01 3.476328844279640284e-01
9.471180681645677835e-01 9.671505441987395812e-01 9.488473992563511983e-01 9.589963254984468222e-01 9.664802754891300696e-01 9.345718507191120850e-01
1.657968730609263863e-01 9.881084642869632229e-02 2.838002091544385430e-01 1.075984074268490076e-01 1.593143124153418855e-01 2.293964390865367853e-01
3.809015470932389236e-01 2.763672844178508559e-01 1.912364634169333444e-01 1.933612383436411619e-01 4.448782689529516277e-01 8.236209340150620062e-02
4.119113809371228729e-01 6.121638737715220380e-01 4.173613551685755318e-01 3.256568198557943106e-01 2.448668217768565636e-01 6.855465520016380543e-01
8.202410381849359888e-01 8.179642330166623232e-01 5.704066638965399338e-01 7.806776347570121288e-01 7.771090686196659991e-01 6.050725409432362589e-01
9.461864505529549163e-01 8.933863233426398986e-01 9.208798052437634496e-01 8.361212457530200481e-01 9.240732853867521523e-01 8.256492209286923067e-01
1.938715292233373078e-01 1.175635986881489459e-01 2.263969558086460498e-01 1.922260576393455267e-01 2.504697640645882073e-01 1.652916632775679462e-01
4.334643084364666055e-01 2.748303029945016740e-01 2.536846988238170564e-01 3.341286347713321447e-01 2.808364229760467179e-01 1.061827291835782255e-01
5.508855725564737460e-01 6.613129793355586594e-01 6.468606985433571488e-01 6.952132408041507006e-01 5.867192500684037526e-01 6.478130175950602698e-01
5.808878483416808347e-01 5.751725468488786408e-01 3.274389253827478252e-01 6.256528790108859539e-01 5.822100314475124883e-01 2.836026014245762727e-01
2.830641643031437393e-01 6.979083792695852662e-01 1.151937389016381569e-01 5.581780825741589069e-01 3.664194340737254030e-01 7.218311341519176860e-01
8.943245364838321443e-01 8.279237087774717896e-01 8.848488036450716798e-01 8.101789355278015137e-01 8.992472501286842279e-01 7.662648749764198186e-01
1.362647750720995081e-02 3.575328150678728362e-02 2.955005132002047619e-01 1.944298029411584139e-01 4.283754940230840094e-03 2.399600412359934876e-01
1.329155540401878999e-01 4.117328778821083834e-01 3.193539481220349086e-02 1.676017306745052338e-01 2.680166760164695017e-01 1.760265504854310048e-01
8.960434854320574738e-01 9.828902488398570947e-01 6.837798468792083417e-01 9.203304953407496214e-01 8.766596569582862930e-01 9.741080850622954035e-01
7.801582114448675498e-02 3.687101394875518801e-01 4.556870987648474758e-01 5.727003540378063917e-01 5.550433845801879817e-01 3.355826150001137154e-01
8.301219764770977338e-01 6.923045377094900754e-01 8.273742658076435053e-01 8.059588647447526455e-01 7.074450782977006469e-01 8.418035210333099094e-01
6.018777646223301137e-01 7.435181415324452203e-01 7.232129362679697859e-01 7.788889445364475250e-01 6.184559892404705161e-01 8.424271538262174674e-01
8.063761594956804224e-01 7.562511185125543323e-01 8.793755064559221069e-01 8.810642906464636326e-01 8.892035496093038116e-01 8.574600465912050051e-01
5.083160397055582758e-01 2.941599147283709970e-01 8.092238684084890332e-01 2.976936381310224533e-02 4.215778941300429850e-01 6.853560974843956322e-01
6.784486250499499604e-01 8.873108494681519742e-01 8.317711394007528680e-01 5.615775859914720058e-01 5.332011665697833358e-01 9.186530692693628541e-01
7.684549328077935337e-01 7.095641878340178677e-01 6.960115464760662229e-01 5.198517937678843737e-01 6.774268806160709255e-01 5.792365781131560976e-01
9.263780676797711555e-01 9.471078979754641303e-01 9.236716278715162431e-01 9.419646009337157011e-01 9.202528061156075578e-01 9.511604369295059147e-01
5.893917568180158106e-01 3.590632565613474103e-01 4.841905938898166673e-01 2.923165902029722929e-01 5.122565605543237810e-01 6.139275749687760353e-01
3.090374780573283409e-01 7.257255098974343399e-01 4.057314420874211236e-01 5.478813741356134415e-01 4.205368184714192714e-01 7.094783501082135846e-01
9.741439903362471009e-01 9.775827647145569621e-01 9.644970554180893885e-01 9.901163389440625906e-01 9.462376057597067236e-01 9.856691906458172614e-01
4.418225126567263961e-01 7.804461691537435408e-01 6.959243907197046886e-01 7.881525622215121984e-01 6.206476190069328824e-01 8.568578666737814986e-01
2.523217983454970614e-01 4.768101710075756672e-01 1.907889135604775299e-01 5.514947359915822744e-01 2.518333912741738123e-01 3.932200671675984416e-01
5.282089202276482043e-01 4.824590638513986396e-01 5.312447726548383820e-01 8.203205596655607224e-01 4.078431107338489903e-01 8.010831833070416463e-01
1.444228853066372997e-01 4.461407876758035629e-01 3.071257491301709538e-02 3.557410724461078644e-01 2.862805437577078393e-01 1.362977318735980603e-01
8.140001950205572046e-01 6.358331182029891560e-01 6.455739252364897096e-01 7.132018886040896177e-01 7.939252397338120160e-01 1.661018416355903304e-01
5.968252709166559367e-01 6.234959998718395680e-01 5.832543020006778489e-01 7.466587049420922995e-01 5.684537058877010551e-01 6.065452921653335938e-01
5.825352238654564474e-02 4.654370331979926223e-01 3.970828652751887122e-01 5.986975776031613350e-01 2.507798264872373450e-01 5.956174308540009843e-01
3.091618728838331775e-01 5.198980056719495341e-02 3.765589169051863916e-02 1.648472999222576618e-01 1.692963423313663951e-01 1.810051356672178202e-01
2.198652775563945949e-01 1.578239545721920323e-01 2.731163754969884727e-01 1.637424067594110966e-01 1.834398771167865261e-01 1.428131295689960278e-01
1.894874814245451067e-01 2.110025496808172751e-01 3.152209322469040065e-01 1.412698617205023766e-01 5.210456795602623481e-02 4.632288427326061164e-01
6.312562009421959219e-01 6.446163534754313362e-01 6.619949651144996228e-01 6.848737262189388275e-01 6.269587837683004983e-01 7.233987883287029685e-01
1.995166559067157730e-01 5.931654196250117916e-01 5.722190332762624315e-02 5.528899189084768295e-02 2.001396180096238764e-01 5.881526575992501726e-01
3.671960189618986292e-01 4.805133554194280232e-01 1.698250300491237486e-01 1.370458414312452078e-01 4.795318050743309080e-01 1.839878583177228522e-01
3.471119199010057610e-01 4.241374476897352697e-01 4.965255372241440535e-01 1.004470740444958210e-01 2.171129399401898752e-01 6.076335809484318951e-01
1.264901874262542789e-02 1.573299041112538876e-01 2.208952928026040041e-01 7.862596190534532070e-02 4.762717469445938712e-02 3.131655419511625293e-01
8.070388329309800823e-02 2.232242193938332175e-01 3.653915042825231496e-02 5.346758221276104450e-02 1.503435646649733393e-01 1.479221227473265787e-01
8.196450766603265992e-01 5.859043136870729640e-01 8.465039141986642202e-01 7.970946102868765593e-01 7.835582204933337902e-01 7.292712961192682197e-01
4.314320782314505776e-01 2.217277990723701686e-01 3.401030898368772037e-01 3.825969626195728779e-01 2.496356617065400019e-01 3.200023435964977070e-01
3.890846340021545530e-02 5.320819929747944155e-02 1.302053980696701307e-01 3.377901995554566383e-01 2.182595910490004593e-02 3.084233641880690935e-01
3.705613255420993624e-01 3.679627776894223157e-01 5.104615860977055330e-01 2.279472760856151581e-01 1.465762335345054401e-01 5.108745349199290686e-01
4.013414396746280977e-01 1.676422691580004287e-01 2.666991407147291659e-01 3.049848140217363834e-01 3.387688427503852129e-01 1.070039693012231515e-02
9.843855886327160798e-01 9.582524251355283296e-01 9.386277244870804282e-01 9.847925817593932152e-01 9.660878173344316089e-01 8.278455601136470721e-01
9.940629794943921238e-02 1.543779164842863649e-01 3.013519852655354159e-01 2.001084636431187391e-01 1.122427120589136601e-01 3.916222855611881104e-01
1.189224418649472842e-01 4.403806784200426927e-01 6.557391096627903683e-03 2.358195937704294920e-01 2.308319978871117839e-01 1.785108510826849126e-01
8.885463071785022482e-01 2.182829692289323109e-01 8.234239239999701088e-01 7.544957420323044062e-01 7.132267931987966714e-01 6.310468430427601527e-01
8.905090124493301174e-01 9.799903292351845874e-01 5.229052517002279465e-01 8.673059970606118441e-01 9.356220923367826181e-01 9.761857904571322742e-01
5.342169719815784701e-01 3.178310630396102288e-01 1.872499194656925825e-01 5.721354561392217875e-01 3.557843669419222810e-01 1.378696258722492823e-02
6.389511727190725354e-01 2.318987512088835912e-01 4.229406786479705804e-01 1.463037077337503433e-01 4.764216547769106747e-01 3.707397023540486836e-01
7.386465261336624399e-01 3.533958469860479790e-01 8.564238628460248970e-01 7.371771922335028648e-01 6.516719535240581562e-01 7.817198127283595532e-01
4.831873204232828289e-01 2.808060756975350736e-01 8.097766035902298487e-01 2.782064103521406651e-01 5.011471983157419485e-01 6.555473178947534008e-01
2.432205835406626993e-01 7.105208578228226768e-02 5.843792390869788633e-01 1.455532985273748636e-01 4.040918314841173142e-01 2.968955483727701572e-01
5.037362478054803194e-01 8.594836011881992199e-01 7.193803367618332167e-01 7.008380130864679813e-01 6.085969051333947055e-01 9.002425884926108512e-01
8.186051494502898096e-02 3.583776513649519768e-01 4.226480903333249689e-02 3.792822270188480616e-01 2.597691338551718077e-01 2.035869038071002612e-01
6.307076960423267931e-01 5.454197618416667392e-01 6.864476318147494371e-01 2.599481374491006136e-01 6.645820306520012766e-01 4.677450932559279462e-01
5.992017006829136738e-01 7.056786288857315181e-01 7.598691115230000737e-01 6.714561511762440205e-01 6.154574966832146998e-01 8.127575814654636188e-01
5.614645158362608912e-01 6.644437358658781267e-01 4.500142155997222670e-01 2.757082930766046047e-01 2.470572019439957190e-01 7.457396724701740309e-01
6.307988112215399124e-01 4.896338360319548721e-01 4.181898218207505957e-01 7.631146144121885300e-01 6.379052184846064621e-01 1.378413277591926112e-01
9.487862405145421896e-01 8.771565227805155907e-01 9.770572784823224888e-01 9.125012808945029974e-01 8.625769006882935130e-01 9.707238828980696566e-01
8.640009505584255178e-01 9.822758922583300079e-01 8.357086741593482415e-01 8.984870449639856815e-01 9.485462910685038551e-01 9.704543252517202623e-01
4.185123075795131320e-01 5.963628596651628921e-01 1.003172346518492464e-01 3.268448766320943832e-01 2.954115557845061191e-01 5.817278528985344588e-01
6.645598372471027693e-01 3.242097224837791059e-01 5.369162629669855802e-01 7.338625709526240826e-01 5.815342465726388577e-01 1.873532933346244711e-01
8.724274076809704903e-01 8.985063637778847312e-01 8.697450197425817819e-01 7.323093179147690535e-01 8.868074518137817330e-01 8.857900767579106605e-01
8.643719279592018134e-01 8.412724586387198000e-01 6.829679076460187792e-01 9.053614411968737841e-01 6.610474365934696506e-01 7.004201911289549276e-01
2.416644994203736296e-01 5.603572737339760357e-01 5.339440920247898736e-01 5.040733306668698788e-01 5.996369429309260646e-01 4.825902139807170532e-01
9.117977216335577256e-03 1.787473352981889044e-02 2.977710829660637493e-02 7.331382809206843376e-02 1.751771243261687544e-03 4.657753108829065097e-02
5.075307252256663348e-01 2.636829544230247513e-01 4.833225193754295268e-01 2.434233722742646933e-01 3.826706145129144532e-01 3.602962740708414158e-01
2.536699299870661620e-03 5.495974819124027546e-04 2.685945987890764677e-02 9.822534653358161449e-02 1.851662773563179454e-03 8.090421019069770486e-03
8.879345916916474568e-01 8.481281671880219752e-01 7.801376753036199929e-01 9.265980175696313381e-01 8.563003392668649960e-01 7.624814192351742070e-01
2.847170234948223078e-01 1.474919392471026602e-01 1.444828151505111180e-01 3.055740019772201777e-01 2.970194588529443402e-01 4.281442530124648232e-02
2.732251855051422498e-02 5.765406823850852680e-01 1.587177858846452461e-01 9.571161400526762009e-02 2.315216871516478647e-01 5.606732012752961847e-01
7.193253530533730844e-01 9.643922167539541457e-01 8.816185871005565167e-01 9.233082637656480074e-01 7.022588148538793096e-01 9.719965194963856581e-01
3.181228044441503644e-01 4.021744504413195531e-01 4.923395431874869055e-01 4.254455352202057838e-01 3.738863137548499305e-01 5.373447974423174456e-01
7.320894179462082985e-01 5.192353196629420076e-01 8.304796811197316941e-01 3.321714452467858791e-01 2.061813112090878364e-01 7.862273559157436642e-01
5.951402609213175543e-01 5.532927609920561540e-01 6.490329846199135444e-01 6.509433768223971128e-01 2.295780959446331593e-01 8.206544643827600183e-01
4.518786881196507621e-01 6.013167651307173012e-01 2.036232024132373364e-01 2.706499933265149593e-01 5.415265610685463527e-01 4.277351359539668385e-01
6.161247473890798521e-01 6.477876778987634587e-01 7.358280540481737519e-01 7.612984953448176384e-01 7.678746727457399501e-01 5.361957650166123690e-01
5.045818256467103913e-01 4.561893384213739910e-01 5.575755735462699647e-01 6.610258314758539200e-01 6.697049281402756016e-01 4.193072234032438894e-01
3.226987562014062561e-01 2.639977667690540097e-01 2.410176332774393582e-01 7.927059435751289129e-01 3.959889389244650726e-01 2.581274736181824458e-01
7.862552368351445331e-01 6.716048149256830246e-01 8.028665351407265893e-01 2.644039250444620848e-01 5.086747286594779371e-01 6.470199652556108960e-01
5.243078290783508288e-01 3.447174536128234656e-01 6.868259913426306706e-01 2.174173824023455381e-01 6.053494278610735968e-01 3.991288849272907613e-01
