5.458549204897543694e-01 5.575757072534994752e-01 5.593212208589837253e-01 6.051790786441415548e-01
8.651579707058203450e-01 5.592248475178435152e-01 4.880678767608732094e-01 9.067137166857719421e-01
5.938920753236315297e-01 5.164213472996221910e-01 5.736987247484351959e-01 7.329783653840422630e-01
6.252775853025384079e-01 4.672186527511484333e-01 8.421311215880120660e-01 7.854357408359646797e-01
6.101189294210808134e-01 8.644328593259275051e-01 6.128208629781104477e-01 8.819037841167300940e-01
9.086133600344755701e-01 8.375717131905663360e-01 9.141105148364530031e-01 9.296924839727580547e-01
3.622144236955550101e-01 1.421036311317054601e-01 6.887749228897492859e-01 2.066768615040928125e-01
7.289014409914947867e-01 4.821950227527053712e-01 8.031389449578009154e-01 7.569643575698137283e-01
2.643760891945630132e-01 3.453666364611768236e-01 9.545084723670144156e-02 1.418213595170527697e-01
9.205363915884838821e-01 8.168527755859922301e-01 9.432038474279064166e-01 9.453908030409365892e-01
4.000704975682305431e-01 3.320235241850136299e-01 3.067944917174478814e-01 1.109215421602129936e-01
2.747894554083178953e-01 3.674201444137233374e-01 6.901997751424242544e-01 9.638191550038754940e-02
9.162252088244413617e-01 7.682886310839074362e-01 9.604530245173823477e-01 8.810514956712722778e-01
6.591882480878520356e-01 6.300921703297026610e-01 4.028466280729300908e-01 2.403467805124819279e-01
7.568372054404720606e-01 9.744728370313666677e-01 6.638187379517069830e-01 9.294362373184412718e-01
5.651241565383839927e-01 4.821607168862341863e-01 2.469475125943033089e-01 5.418871042784303427e-01
4.602757127607073895e-02 4.469665398532431111e-02 2.046607474720029407e-01 6.478405906818807125e-02
1.144195077567181362e-01 2.141429657036764411e-01 3.358479393825340720e-02 1.119362832978367805e-01
9.232905054156282931e-01 9.343714910006059027e-01 6.951014519892243504e-01 9.174277386628091335e-01
5.966738969372589185e-01 4.472479050764700537e-01 6.889920138879642719e-01 1.958738765679299831e-01
1.053474995811221615e-01 2.136146999711932282e-01 1.684240141552994230e-01 1.663837952073663473e-01
6.947311193650498318e-01 4.062024395584445391e-01 6.430319342231584079e-01 1.352880366612225771e-01
4.459797367172369520e-01 2.955572327385070919e-01 5.931917942032430835e-01 6.217648112215101719e-01
5.674032137138287357e-01 7.551506897912010352e-01 3.404228719031777706e-01 5.140583717729896307e-01
7.347228336540512217e-01 7.944147129282371766e-01 5.524791968324754832e-01 8.451014691963791847e-01
8.856234616681469829e-01 6.608656531333895190e-01 8.616973613744973726e-01 6.841856366954743862e-01
3.790057182866435892e-01 4.887047294605313952e-01 1.745729019965558404e-01 1.696193895768374205e-01
7.057100125523273482e-01 4.633113338282374705e-01 5.942633212735869419e-01 3.694572364911437035e-01
6.396312814147908643e-01 4.792630915411303927e-01 4.354700444443801999e-01 7.399850781075656414e-01
2.640146407990865904e-02 4.923168347800485622e-02 1.288648981278155137e-01 9.244223986752331257e-02
6.093747495276541359e-01 7.023745705038736409e-01 3.918851197054648017e-01 6.988315312191843987e-01
3.789272321455948167e-01 3.335401365653363204e-01 5.562585890130976596e-01 4.502801354974508286e-01
3.244953071781863096e-01 1.914712352997720302e-01 6.023840962282696054e-01 3.803688280750066042e-01
6.342592561065689694e-01 4.247209008192046609e-01 5.850586695821577976e-01 3.577916498761624098e-01
5.219358522979805626e-01 6.146587369528458966e-01 8.332095771934261430e-01 5.545084152836352587e-01
1.487343090785270827e-01 1.295878806036370456e-01 2.823659795829148722e-01 1.055110762827098370e-01
4.197903209651272505e-01 2.326564580456191578e-01 2.696103134161423887e-01 3.037498653866350651e-01
6.520030891402758266e-01 6.940021267591138798e-01 5.761561069984739714e-01 3.853716587182134390e-01
8.438655931472113236e-01 8.450675355913411790e-01 8.539612460240644243e-01 8.368442242499440908e-01
6.469840471717681618e-01 5.302579320095706095e-01 6.869205123519940281e-01 1.929690595716238022e-01
8.079589781250687275e-02 1.561008060509857034e-02 3.268319411492484616e-01 6.776751810684800148e-02
2.854460747018974787e-01 1.897673280505581261e-01 5.768173714609572400e-01 9.343291702680289745e-02
7.356153210617356608e-01 7.750278229179687894e-01 6.109827531552446400e-01 7.211369106080383062e-01
9.896051616217634850e-01 9.892198298308192417e-01 9.856846460233371632e-01 9.204892443958669901e-01
7.883076281954402020e-01 5.046301715426354528e-01 7.816945787221758479e-01 4.029079845640808344e-01
5.817937224057320167e-01 5.648868318292206148e-01 2.092536045272669620e-01 1.486770540941506624e-01
6.444452762745521424e-02 3.935555260058297145e-01 2.567364385973886498e-01 5.665529437828809023e-01
7.242872817393167795e-01 8.614463039221943452e-01 7.671884306374278095e-01 8.037704778835177422e-01
6.823238192416694048e-01 6.991914077925469595e-01 5.421903279006957677e-01 8.642857535742223263e-01
9.951643784699448769e-01 9.992809994654646699e-01 9.971991534315354233e-01 9.993520898278802633e-01
5.631734870932340042e-01 4.228891329235892060e-01 5.893702589044526041e-01 4.028461049310863018e-01
8.610070774525705461e-01 9.541139721429046094e-01 8.158297386888092584e-01 9.091416951268911362e-01
2.698074414186260039e-01 1.014495017642808999e-01 2.542956267286123895e-01 4.733751318417489529e-02
7.637780100136193351e-01 7.611927191061043096e-01 6.477178353927612875e-01 2.114924702327698469e-01
5.170051522558103407e-01 6.248160793002314195e-01 6.311310771609487391e-01 6.439159226138144732e-01
9.650381068586965094e-01 8.318924515659956720e-01 9.942789148027473267e-01 9.815393958706408739e-01
1.315697770192369477e-02 1.408606302011710665e-01 1.278839213301363222e-02 6.155376438982784748e-02
8.562305247577775003e-01 8.471434280765300917e-01 7.206548166587158910e-01 7.674249911215156317e-01
5.882604672513148669e-01 6.975969973304896321e-01 8.605361429375445459e-01 7.860145671293139458e-01
1.140770836137642349e-03 2.333692020812499785e-03 4.794908147981755131e-02 4.494667041581124067e-01
7.190472443867714780e-01 6.627814051211865509e-01 4.811659325458516462e-02 7.668506887275725603e-01
7.518527611927477983e-01 5.391376377576493351e-01 6.647723119198740704e-01 7.625837081577628851e-01
5.916874774954038463e-01 7.644574587956554090e-01 8.019392688264357361e-01 8.405829733237624168e-01
5.386240931621530947e-01 6.399865458665007223e-01 5.187204631193803595e-01 4.481065867003053427e-01
3.609798950270987072e-01 1.481152627990128534e-01 3.328399626525489485e-01 2.332751145586371422e-01
7.085605292274216316e-01 3.515611661417814005e-01 7.658807218599538169e-01 7.344226310960948467e-01
6.067109720354279395e-02 7.117073406863748397e-02 2.242418893148000747e-01 2.269609125796705484e-01
5.357324839794178617e-01 5.983501227438016157e-01 6.130033138584515262e-01 6.281966450624167919e-01
8.829220249479278193e-01 9.430836250892240535e-01 5.058514643524125720e-01 9.302897322922945023e-01
1.836979533231764550e-01 5.731338711484649240e-01 3.362785647194339034e-01 7.398352618329226971e-01
8.179770138179147665e-01 5.024635762852516230e-01 7.547929727318719584e-01 4.859760361723601818e-01
3.853278942111580396e-01 5.196743254465997497e-01 4.021063723970843551e-01 6.271759227383881807e-01
3.662708988234241181e-01 1.702083028674189757e-01 2.136449736831341206e-01 8.952077641151845455e-02
9.104860333274066297e-01 7.548071398079801986e-01 9.309089890587378679e-01 9.252463097218424082e-01
2.712871364691157305e-01 2.636405317539406989e-01 2.209941956491818515e-01 2.277195318602025509e-01
5.609882983961219649e-01 4.203799545372596813e-01 4.690891283185558702e-01 4.185261172242462635e-01
4.707011022286455293e-01 2.834600677462324470e-01 2.918999677513956503e-01 9.219712670892477036e-02
2.347106883368462182e-01 3.807385322169117847e-01 9.521467067021902042e-02 2.296783388592302799e-01
6.865301569158770434e-01 1.349230522427402601e-01 8.209531856966847396e-01 7.144064344465732574e-01
4.895906157220848987e-01 5.587972161938474791e-01 3.802592418928427143e-01 2.412181848194450140e-01
3.924923094260501094e-02 4.191076309730564220e-01 1.731351713093750855e-01 3.596314757596701384e-01
9.892298648509982861e-01 9.733710756975735290e-01 9.613751386785850395e-01 9.031910889316350222e-01
9.798483631418246631e-01 9.203246118458943137e-01 9.904113327063993610e-01 9.639779804274439812e-01
6.315105742928360799e-01 5.013438397129814650e-01 2.567540591275460637e-01 1.327205060515552759e-01
2.130905397766386378e-01 3.817414265546282826e-01 1.118304956578952819e-01 4.606951603200286627e-01
4.917593134012576694e-01 3.126023739515535471e-01 4.969049779502971997e-01 7.175083411857485771e-02
9.639318683065375981e-02 3.098360997218176371e-01 9.958834497077233283e-02 1.490099595393985510e-01
1.139600149884106711e-01 7.663835625093533277e-02 6.709572123738485327e-01 1.450665497686713934e-01
9.082934792996758544e-01 9.019965725780237920e-01 7.294519103506015290e-01 6.444228063337504864e-01
7.387175730437733900e-01 6.097389803088166804e-01 6.852585862072640976e-01 8.099853498861193657e-01
8.105360645958434307e-02 1.306418600999932067e-01 3.584631934371459994e-02 8.417109539732336998e-02
6.932340604832061270e-01 4.876081930141568099e-01 5.979102205569936102e-01 2.160813172813504934e-01
4.034079785498628223e-01 2.701874916836899954e-01 4.559565822600324392e-01 5.241059598047286272e-01
6.328156344076315554e-01 7.037480574171618430e-01 3.385668258734214064e-01 1.960046838503330946e-01
3.627708442347657436e-01 6.255205644034208534e-01 1.880498727545141802e-01 2.767296463716775179e-01
2.133145012364638382e-01 1.203845697433211653e-01 7.026197580285096222e-01 3.896911635529249907e-01
8.797380886984056403e-01 9.497420483771978894e-01 8.044542784690568160e-01 9.057624158449470997e-01
6.749719116242308692e-01 4.677255679241387742e-01 8.027067647139931594e-01 6.029554987326264381e-01
4.813501848502553804e-01 7.424555050385904797e-01 1.862903747990433956e-01 6.236865569371730089e-01
9.616215330612735146e-01 9.895617661186094649e-01 7.628039941470776686e-01 9.689480918459594250e-01
6.336169490356472478e-01 7.125119954622947116e-01 4.590510080816023741e-01 7.616842549759894609e-01
9.145828806940122790e-01 8.666844890774521026e-01 9.207736006080309288e-01 9.187903695274144411e-01
6.975559179207692084e-01 6.849161596675901187e-01 8.633461095709148436e-01 8.511371638160198927e-01
1.268219698948235830e-01 2.116762214464254221e-01 2.483324970940540000e-01 2.181695923209190369e-01
8.654787336748880344e-01 6.616777199925506503e-01 4.000828129938474587e-01 4.881204813718795776e-01
8.651010582030109475e-02 7.077280246055102086e-01 7.893539481316143025e-01 4.484622974414378405e-01
8.022627540281470626e-01 7.306763134522720193e-01 7.505176068333034856e-01 4.564835478086024523e-01
6.735222138979974904e-01 9.382437683583685351e-01 9.220062269822817402e-01 9.846990548539906740e-01
3.166108895240818955e-01 4.888603916048324671e-01 6.745432891677120013e-01 4.263878071215003729e-01
2.083098379998624128e-01 2.019607722640809344e-01 5.409940816897157445e-01 3.956543854437768459e-01
1.610961876808664484e-01 2.185429724711363264e-01 4.989461352808626793e-01 3.445630436763167381e-01
7.842377457711590116e-01 6.026335937283705535e-01 6.526570749066786803e-01 4.785980428569018841e-01
6.889812801551794541e-01 8.089566001906428605e-01 5.941506344132396755e-01 5.681230130139738321e-01
2.206739894727312301e-01 6.987842441873853838e-01 5.911587404008389335e-01 5.016453959979116917e-01
9.772404862880489373e-01 9.351486591732279807e-01 9.186697952458448002e-01 8.410624375101178885e-01
2.545444701541754728e-01 3.598163763324215836e-01 1.115886369515955573e-01 5.904339323751628399e-02
4.501942492555154329e-01 4.738654088727801694e-01 1.840322827929067873e-01 5.084833130240440369e-02
8.471799556960523114e-01 1.308736873646732801e-01 9.066419311967689465e-01 2.188367343042045832e-01
7.494972883378185902e-01 4.757089879783114594e-01 6.927739783886993630e-01 4.543275756295770407e-01
3.583245074842919542e-01 1.720163877049457613e-01 3.012500374203899156e-01 1.058092140592634678e-01
1.247379743547840092e-01 4.184847980486777752e-01 7.263640245004223672e-01 7.341424571350216866e-01
6.417878328174025926e-01 3.927349621798552071e-01 7.109752684999277594e-01 2.742892238311469555e-01
6.048488640784459580e-01 4.827456379039117840e-01 7.544804312165960258e-01 4.256122736260294914e-01
1.870552951671297093e-01 3.850656622834426335e-01 2.459104652419757953e-01 1.819891724735498428e-01
3.969476387769486914e-02 1.152820256514657804e-01 7.824830475263453225e-03 2.403648644685745239e-01
8.439023460959871326e-01 8.025075575912963277e-01 4.739209594403693826e-01 6.175998558755964041e-01
1.728368713991435546e-01 2.535972158523568942e-01 3.090109496777744824e-01 8.709466294385492802e-02
9.576817672166596518e-01 6.879879142498303013e-01 9.737908943581231602e-01 7.767126401886343956e-01
2.156122572840473706e-01 6.750273310431942342e-02 5.743952767239187684e-01 1.836485720705240965e-01
6.048399604887050307e-01 7.656308267339626550e-01 4.035674574888191701e-01 8.643544544465839863e-01
9.727668955405559537e-01 9.694707709151434427e-01 9.252420000359037333e-01 8.912779528181999922e-01
4.652830049615859220e-01 3.492154168771446909e-01 4.173697152502552354e-01 4.425309614744037390e-01
7.223556382493842021e-01 5.238169909925074474e-01 6.386198846882246150e-01 3.714732488151639700e-01
4.608264547281850504e-02 4.568672938805551920e-01 4.725389089542466059e-01 3.332432082388550043e-01
7.153180340864961906e-01 4.806151498154667134e-01 7.126451296091091958e-01 2.821677785832434893e-01
9.445946722972476950e-01 9.528621565236319313e-01 9.366259642737341240e-01 9.731231948826462030e-01
4.651927259170507423e-01 5.656077544888062913e-01 5.716384496499673507e-01 4.895843206904828548e-01
7.520168717893006560e-01 5.824621740251832991e-01 7.800881987372568771e-01 8.995555981528013945e-01
3.779569692967710282e-02 1.670769287160460137e-01 1.030455825717904728e-01 9.457082068547606468e-02
3.518167934540035735e-01 1.896238553414035799e-01 2.040349742248645792e-01 7.598332765046507120e-01
1.537617073641455445e-01 6.371972056702984721e-02 3.278461210597062858e-01 5.184378242120146751e-03
5.104490223260427229e-02 5.206527533043423667e-02 3.852183492617446137e-02 5.703523755073547363e-02
3.210845235217086313e-01 4.072202209001290485e-01 7.950143021346528505e-01 8.706381376832723618e-01
8.954404360976890853e-01 9.262162754032449152e-01 9.438373314803786274e-01 9.457962808664888144e-01
2.912709678711252748e-01 4.527592500197075709e-01 2.514539979185120289e-01 1.817193394526839256e-01
4.622784918844372037e-02 2.903728006230330005e-01 1.507519822136305608e-02 4.798396744299679995e-01
9.898610286383813239e-02 1.286631880209416767e-01 1.099986397032932939e-01 3.334081079810857773e-02
5.536010500235929443e-01 2.459180485545092720e-01 5.718496103427573862e-01 6.729522556997835636e-02
7.311908461940395121e-01 5.126915260019205833e-01 7.709366885062540753e-01 3.247388522140681744e-01
5.016844613911489725e-01 6.074115964259101386e-01 5.699951903970321698e-01 7.287933519110083580e-01
8.056621030242010206e-02 5.359674820492994485e-01 4.601683795404803989e-01 7.163533580023795366e-01
3.110489057066938567e-01 2.134334695049038555e-01 3.860898004518547033e-01 1.640062259975820780e-01
1.850854047781512121e-02 8.717859415125682465e-02 1.955245390575022224e-02 3.033857035916298628e-01
7.759749000452935697e-01 4.402054019876426305e-01 7.556365745661738353e-01 6.226346376352012157e-01
5.921666583738618428e-01 8.664445362267340078e-01 7.937150852227596864e-01 8.063252703286707401e-01
2.300166349594841564e-01 2.787651309097685104e-01 1.164997205679475928e-01 3.409717697650194168e-02
5.293931391493308380e-01 3.980996824929857736e-01 5.666627575891489688e-01 3.910424895584583282e-01
4.718239543303181516e-01 8.095167742316308757e-02 7.026914394175304279e-01 2.215896430425345898e-01
4.882390318510630434e-01 6.581856450400760394e-01 3.049379806433926143e-01 7.340816182550042868e-01
5.090040595824570913e-01 6.171457332791002726e-01 4.689585707943574322e-01 7.641535878647118807e-01
5.444080532861568233e-01 2.671256841857903019e-01 5.537177225094780386e-01 6.873583828564733267e-01
4.276458405801031315e-01 7.347159984911417752e-01 6.897031273647233895e-01 7.209123144857585430e-01
8.410801939719737552e-01 3.207906351009257029e-01 9.661275041382723083e-01 8.951639297883957624e-01
4.230257982609814116e-01 2.277546605439804972e-01 5.511310206117926436e-01 1.899676856119185686e-01
4.886080460441459827e-01 1.834732994281688123e-01 7.338287451926216454e-01 3.138244838919490576e-01
4.384762000328910059e-01 3.782353043612283749e-01 4.523387894137464449e-01 1.387584346812218428e-01
4.500010591091063161e-01 3.141222659275273443e-01 4.184013178442295144e-01 2.232630504295229912e-01
6.667359596995093840e-01 8.921348140565310558e-01 7.344310208397186734e-01 9.428611614275723696e-01
9.563250352038027424e-01 9.748919060465897068e-01 9.752685474953023403e-01 9.844367695041000843e-01
2.768652442988206452e-02 1.334129446293914334e-01 1.646445482231846322e-02 3.777251492720097303e-01
9.500332504528754551e-01 9.797347787532337815e-01 9.566422230175646302e-01 9.717496035154908895e-01
9.357868121847054965e-01 7.370294233785853466e-01 9.692396983592556081e-01 8.164754679892212152e-01
4.705144937462173438e-01 2.920598446848549634e-01 6.697970214782665750e-03 1.927064475603401661e-01
2.044067411331286499e-01 1.173530000727675687e-01 8.027993289718193815e-01 2.218047219794243574e-01
4.012091719945485441e-02 2.974080235556104679e-01 1.839925946996676109e-02 6.196496917400509119e-01
2.457870468697389565e-01 2.205814806240892767e-01 5.720251482448107661e-02 3.311703819781541824e-02
1.743859030100344543e-01 5.649672365940781038e-01 1.754799714021723911e-01 6.576039441861212254e-01
6.093793008115223619e-01 7.374011070072391538e-01 7.428673624938459952e-01 6.091631234157830477e-01
5.136746158930736161e-01 4.683496117585351226e-01 5.386446971049487775e-01 6.628656168468296528e-01
9.471314979247027477e-01 3.762122965014560450e-01 9.523709858644513471e-01 8.031403727363795042e-01
3.920027523605765229e-01 4.984604540067793521e-01 1.605521077064853419e-01 4.462765913922339678e-01
7.975031924738568145e-01 9.409855151369028725e-01 8.203578062734691034e-01 9.387323069386184216e-01
7.441206100408502555e-02 2.923004821053806768e-01 2.561415324295431006e-02 2.711735998746007681e-01
7.350293721973398808e-01 6.738811378895608328e-01 3.374444733347632397e-01 2.867096383124589920e-01
9.536811580908147179e-02 2.029645052262221971e-01 4.884677640043257052e-02 1.055300589650869370e-01
8.731129535289550159e-01 8.717640862733996299e-01 7.110239283549697475e-01 8.796978215686976910e-01
2.229380491361947769e-01 4.778392661983477674e-01 2.480030863234193861e-01 4.864659972954541445e-01
8.124354276558752586e-02 5.016042558936785190e-01 4.131955691690564203e-01 2.957200089003890753e-01
2.773998820746318428e-01 3.826529532882738116e-01 3.880467640296213494e-01 1.944369738921523094e-01
7.323480696476514229e-01 6.077025002432497880e-01 8.157890347477247950e-01 8.824925988446921110e-01
1.732321054171301056e-01 2.099251661805521252e-01 2.035982662718376635e-01 1.287225666455924511e-01
9.250799046806909010e-01 9.432323429452931229e-01 9.340453237192097857e-01 8.834813656285405159e-01
9.809939148084312333e-01 9.782312252688794008e-01 9.682667698758032904e-01 9.611346488818526268e-01
9.855432761154443722e-02 3.556731822176038005e-01 1.099252251969796562e-01 3.898274514358490705e-01
8.411278913365572985e-01 6.881092265023366350e-01 8.253417975586593291e-01 6.518616261892020702e-01
7.746836140319299790e-01 7.096057681190751643e-01 7.945473340457447353e-01 6.467093687970191240e-01
5.275578184859629483e-01 2.383116844823625624e-01 1.983203132471152708e-01 5.967600801959633827e-01
7.154566936068061933e-01 9.288616001908034381e-01 6.964178192216288199e-01 8.717663886491209269e-01
7.864237317991651377e-01 7.692661306448986824e-01 6.531433798207375574e-01 6.581685014534741640e-01
1.947992440870478445e-02 1.207477995413893945e-01 1.831349297813168742e-01 1.097566469106823206e-01
4.171066069450840019e-01 6.358762101119017629e-01 2.917413362847787739e-01 6.808233964256942272e-01
2.786232130750114500e-02 1.065135288786898393e-01 3.039796976399575801e-01 3.745522710960358381e-01
6.425947981053814484e-01 3.248394517391641201e-01 7.038821922822552368e-01 4.048470766283571720e-01
7.085531515554807092e-01 8.812842999703475177e-01 7.973074835270644867e-01 6.333196524064987898e-01
5.043326281254805199e-01 6.739279933471647999e-02 6.001199707478005463e-01 6.769588631577789783e-01
5.314372091674215426e-01 4.691109688043736403e-01 5.313074223636351512e-01 2.704089975450187922e-01
9.168959946765565805e-01 8.241884415687537047e-01 9.134313054550381450e-01 7.306655684951692820e-01
2.478780458368068096e-01 3.992213216644926455e-01 1.796997570163005598e-01 3.447509550023823977e-01
8.609559871768855954e-01 9.600888123691180276e-01 6.410298230912565565e-01 9.106090357527136803e-01
5.866290235496003369e-01 7.070620274199787003e-01 6.137610301992714179e-01 7.261004419997334480e-01
6.750278416563066930e-01 5.757969998986447457e-01 6.917763037294559769e-01 4.511850490234792233e-01
2.833366031615248137e-01 1.666298014648265324e-01 5.266138488615763613e-01 9.165890468284487724e-02
3.374251580681653095e-01 4.909078961506016525e-01 9.202491108801187647e-02 2.333624027669429779e-01
7.699360993372148521e-01 2.233510713259692637e-01 8.597285925105859761e-01 7.293602009303867817e-02
1.362124879131229316e-01 3.322432800394852781e-01 2.899411182898374850e-01 4.169983374886214733e-01
7.186611283250728954e-01 7.144054614491032185e-01 6.710176840549383348e-01 4.963854420930147171e-01
6.304252404846576174e-02 2.153381255634793101e-01 6.210475682824303512e-01 5.824274492915719748e-01
6.488915600285015683e-01 9.305826627723106093e-01 3.831235192951150115e-01 8.711822405457496643e-01
3.678000133170161168e-01 2.479979116539641204e-01 3.954465817527915150e-01 6.854116516187787056e-01
7.721629798096339981e-01 7.257553701995937967e-01 7.016596579399487776e-01 3.806408303789794445e-01
8.607534973688041324e-01 9.523657911064934423e-01 7.232434281201919335e-01 9.360280833207070827e-01
9.837625253539822312e-02 2.578556628952144991e-01 5.800550693259713952e-01 4.422292306553572416e-01
9.613238920212628935e-01 9.592075760999572154e-01 9.733926105997701139e-01 9.599310704506933689e-01
6.944167161887772055e-01 7.294101851297645212e-01 9.429276249812525990e-01 9.190181368030607700e-01
2.645799596491701933e-02 2.224031291782382902e-01 1.828080079132249694e-02 1.698162991087883711e-01
5.748328661004803442e-01 2.308629254431791566e-01 3.937124510989283843e-01 3.829331796150654554e-01
3.256664601614514543e-01 5.952718282807517580e-01 4.626556820185582231e-01 3.057136964052915573e-01
9.454041181193506560e-01 8.177559393711781865e-01 9.721616081422844724e-01 9.366717615630477667e-01
6.866904351575410237e-01 7.407458984376242839e-01 7.740166041759262150e-01 6.886785624083131552e-01
9.075425902794040933e-01 9.250884129290077862e-01 6.961023369623300372e-01 7.557021477259695530e-01
6.116756224436794565e-01 9.688941664925948549e-01 7.513998965999364454e-01 9.875668513122946024e-01
8.953721668097904818e-01 8.405348986457383820e-01 7.277860668247991827e-01 9.107776205055415630e-01
3.629861141929233148e-02 9.096476431390977668e-02 3.863242941075381576e-02 2.407557107508182526e-01
1.290070002358782997e-01 1.284493936055274010e-01 2.586725370778233599e-02 1.648579398170113564e-02
4.491955285851517155e-01 2.474485410826307297e-01 2.541757763365666833e-01 1.244781583081930876e-01
9.716478395064066798e-02 8.383717174592950072e-02 3.195873326224309419e-01 2.869920483790338039e-01
1.218231827737458195e-01 8.049442754758914798e-02 5.317455550751829518e-01 1.330755136441439390e-01
3.890793345030195138e-01 3.055109900852840399e-01 3.946267173384137572e-01 5.274601164273917675e-01
3.066261668946256361e-02 3.644290784714055986e-01 2.605039207940878510e-01 3.724173109512776136e-01
6.950631804826973292e-01 7.480936427749376172e-01 6.251598988168191040e-01 5.446497998200356960e-01
2.066732429617390010e-01 2.280251807195878555e-01 2.168440206082427046e-01 2.878438665065914392e-01
4.869286632561674044e-01 4.289492500608294567e-01 2.302179872713381592e-01 1.808755230158567429e-01
2.935622470963944464e-01 4.532542557648295278e-01 1.122921155825193276e-03 4.329578848555684090e-01
1.018622190930509354e-02 3.697931967163137212e-02 3.515968801268874993e-03 4.144166200421750546e-02
4.632591592127434654e-01 4.500645659933391607e-01 2.083669983735295939e-01 7.547371648252010345e-02
7.470957074026224332e-01 8.337764114591434961e-01 5.339609546934951378e-01 9.080607241485267878e-01
9.822204292012143290e-01 9.806886769815041927e-01 9.789989269821619544e-01 9.882766699884086847e-01
8.773988987762415537e-02 2.659416649541938016e-01 1.729896695433685572e-01 6.769413149449974298e-01
4.459441145423434505e-01 3.566663932409459004e-01 5.276175549041640656e-01 2.597074755467474461e-01
6.521619664598362620e-01 9.752894534873490784e-01 9.102062592122712736e-01 9.788077934645116329e-01
2.177343888503711633e-01 1.507513986097367698e-01 2.546598097691295526e-01 4.368104343302547932e-02
9.990612825069647984e-01 9.969036995869224871e-01 9.992918707563960279e-01 9.970705413725227118e-01
2.074473110141724155e-02 1.557694561700005975e-01 7.435644271279717721e-02 4.140483892988413572e-01
5.475648187036468162e-01 3.773976134905375757e-01 7.648593552416343977e-01 8.048689765855669975e-01
3.607522614549495965e-01 1.664733491485977657e-01 4.668010968484821999e-01 5.092781998682767153e-01
8.547712853538620426e-01 8.878850986348826302e-01 3.834198460669585029e-01 8.126458213664591312e-01
9.317567235269905712e-01 9.265823769634938811e-01 7.386705226486366405e-01 5.429247510619461536e-01
7.649356599940067003e-01 7.924865730628185556e-01 5.348903258134937166e-01 4.472706087399274111e-01
8.640573224251884010e-01 6.026289241162099408e-01 7.711565580242081275e-01 7.189706051722168922e-01
7.290395337222315142e-01 3.541126208623847083e-01 6.493537205250411448e-01 2.013333863578736782e-02
8.746135736461069232e-01 9.132911253546095454e-01 8.492928291625277959e-01 8.737675473093986511e-01
2.742095584780596673e-01 3.038571242486652890e-01 3.861673724923654349e-01 6.083167910110205412e-01
1.502847982392140590e-02 6.863693461616762748e-02 6.387050914346985298e-02 7.695905887521803379e-02
2.702882544425938005e-01 6.108099807919026292e-01 2.352334115488819155e-01 4.026495306752622128e-01
2.849336669297015123e-01 1.828522016213820697e-02 7.229758869751619355e-02 3.542858206201344728e-01
7.700699697793408349e-01 7.222973809348134377e-01 2.378166681037229002e-01 7.130304870661348104e-01
2.635076219643618378e-01 2.282784677758074865e-01 6.626413716455531455e-01 2.910335671622306108e-01
7.690855404975881493e-01 5.138187967648489840e-01 7.498456912184259249e-01 6.820290752220898867e-01
6.811524664666472884e-01 9.640486458915182855e-01 8.838254570054004944e-01 9.755246338900178671e-01
9.239776799439884947e-01 9.723995130501602580e-01 8.322968174714012735e-01 9.746789608616381884e-01
6.779596445775767366e-01 3.802123557416053345e-01 6.618151740405400218e-01 6.102737297769635916e-01
9.931655992884186324e-02 7.247300046331657530e-02 3.765746246582507561e-01 1.025175147224217653e-01
8.681121372751224863e-01 9.548175442167432525e-01 2.961948381792485763e-01 8.985061657149344683e-01
2.251640503843686525e-01 7.467657403486742396e-02 1.502847133531889090e-01 2.006974255200475454e-01
4.167033612421564004e-01 3.997983043814745119e-01 1.150671998301268095e-01 1.080173193477094173e-01
2.116787166351586369e-01 7.382948263365764208e-02 2.734427168545178199e-01 3.547612680122256279e-01
9.199509877242190159e-01 3.737889839926267777e-01 9.012050409438179255e-01 8.563912566751241684e-02
6.320967412057347523e-02 4.978280021366164321e-01 7.922343339186996292e-02 5.684096026234328747e-01
7.113594638285901661e-01 7.009122650308247104e-01 6.962922361950075745e-01 6.002991069108247757e-01
8.416990234367263124e-01 8.099351440177855466e-01 9.676048741475918868e-01 5.991116920486092567e-01
4.016152625066944926e-01 4.328223108760272941e-01 3.153411228382688170e-01 5.981756076216697693e-01
9.989597518363324546e-01 9.993865804248290852e-01 9.976347827191787143e-01 9.968473881017416716e-01
3.882985105356430711e-01 5.060609374332241117e-01 2.433639387060552439e-01 4.616852409671992064e-01
3.492525561342056384e-01 3.952960703393350039e-01 6.452248822991750732e-01 1.049621475394815207e-01
7.243521151202911845e-01 5.354258212555338403e-01 6.310841705665013457e-01 6.572239524684846401e-01
8.552097246317587054e-01 6.727455669771597035e-01 7.760992118988463417e-01 6.603398614097386599e-01
4.796878737273069238e-01 4.055817327046417620e-01 8.044090796197879145e-01 7.544728859793394804e-01
4.630144075104357659e-01 5.313380613491001103e-01 5.475228011442300202e-01 2.545834262855350971e-02
6.362532048928857265e-01 5.402892707797302130e-01 7.737618159432039233e-01 5.728179386351257563e-01
5.055969378388095459e-01 5.781580398710085555e-01 2.172379908662058212e-01 7.099499502219259739e-01
3.727230744689750686e-01 6.224601187084729537e-01 2.737044551528056702e-01 7.973539740778505802e-01
4.888377398944728780e-01 6.031314152870087542e-01 2.777101509582847183e-01 5.742513290606439114e-01
1.154146017563446175e-01 9.690590040655823467e-02 1.150091307165587440e-01 4.001924053300172091e-01
7.273824470511409679e-01 6.853506754444672611e-01 8.603479573003787184e-01 7.866056840866804123e-01
4.163635987954702328e-02 1.919495542936544008e-01 1.653835388246877869e-01 3.203771100379526615e-01
6.878372454193419916e-01 6.403532361804304962e-01 5.434095158160232586e-01 3.544000210240483284e-01
1.099102279490113410e-01 2.633085639552770751e-02 5.421143340738339145e-01 4.270185448694974184e-01
1.891660380420724930e-01 2.794078317866734440e-01 5.863014918838164308e-02 9.228172199800610542e-02
9.020569118187575508e-02 1.123167169498517776e-01 4.159192742754524441e-01 1.851487034000456333e-01
8.127543074996076422e-01 3.099328977216337933e-01 7.600865420662319405e-01 2.758632586337625980e-01
6.098225553254029707e-01 5.437617861973993438e-01 6.133100608754715743e-01 2.896080792415887117e-01
4.103624286683681954e-01 3.450247000761478278e-01 4.959686624607136385e-01 5.694985832087695599e-01
3.969778424503861980e-01 5.482701419510526142e-01 8.768734048839542661e-01 8.328946072142571211e-01
1.153376701560717699e-01 8.948916717089732548e-03 2.013128018759959836e-01 1.902019022963941097e-02
2.423658668719496645e-01 1.857980885149834727e-01 4.174916136148421053e-01 4.124353828374296427e-01
2.070511365649709556e-01 3.981603706124172137e-01 1.675181446626819171e-01 5.271912980824708939e-01
8.375595302075763415e-01 8.849204966749336654e-01 8.778049930621860675e-01 8.764046370051801205e-01
3.159567349872742237e-01 4.261761004686783205e-01 4.004063351998055076e-01 2.177776468452066183e-01
7.745312722215507151e-01 7.991826782223536707e-01 6.677758858219170479e-01 5.779763413593173027e-01
9.658508746053536820e-01 8.853168474638313246e-01 9.751084711634319113e-01 9.719217293895781040e-01
6.247277936352332306e-01 5.747162596320407602e-01 6.764883666079287705e-01 7.712951465509831905e-01
3.173160966040697861e-01 3.141281131352486322e-01 4.501611820363424221e-01 3.871177579276263714e-02
6.035401195752864573e-02 1.334278843207462872e-01 1.180618653664953083e-01 2.185482711065560579e-01
4.943247671829307799e-01 6.194392339638353784e-01 1.327082202225308150e-01 3.058741716668009758e-01
3.689707948598179854e-01 3.126804479637470546e-01 8.247585413867195570e-01 2.582713286392390728e-01
5.007027036670550491e-01 4.666617797713859539e-01 7.056568473409216002e-01 8.219959652051329613e-01
9.365839150324605233e-01 8.749385335512044337e-01 9.268318572103162456e-01 9.406971903517842293e-01
2.910522832103474844e-01 7.388963859203673268e-01 3.925959726333320132e-01 9.477507830597460270e-01
6.766075211825415270e-01 7.150528007177154866e-01 3.397907068458965174e-01 2.613068534992635250e-02
1.247345348437215173e-01 4.428712856969551498e-02 2.479568216633420280e-02 2.803715683985501528e-01
5.343993248941374397e-01 7.495977749194974171e-01 7.055710482203281231e-01 7.149943164549767971e-01
5.557972333271810061e-01 7.237158582820176767e-01 2.412523300233313794e-01 8.312809341587126255e-01
1.277635890967977750e-01 2.064729372307670952e-01 2.447331063124065856e-02 4.761708094738423824e-01
9.004265494696461758e-01 9.232853156701412711e-01 7.134124119772997652e-01 9.077801366802304983e-01
2.063749290357760058e-01 7.714529954792732902e-02 6.285399057069206152e-02 6.556508927606046200e-01
2.272770732054893161e-01 3.746977607803159693e-01 5.096485925233118497e-01 7.137047972064465284e-01
1.384233347329806851e-01 3.353362097070115566e-01 1.260972977254332279e-02 2.161264184396713972e-01
3.046376631723480277e-01 1.196497955329113849e-01 2.496683135349806737e-01 1.043883035890758038e-01
2.864030458569984949e-01 3.414365950905041136e-01 7.691745191758145306e-02 4.636505784001201391e-01
9.972881896679930414e-01 9.983184187992459879e-01 9.945617833345368197e-01 9.977561715058982372e-01
9.404842924521836789e-01 9.616398638200644999e-01 9.686509202850905886e-01 9.800428361631929874e-01
4.374717533896518851e-01 7.874887569900428375e-01 5.945707689506654070e-01 7.585868849419057369e-01
9.616633236246069361e-01 9.061760520252256645e-01 9.633845853442778440e-01 6.248059675563126802e-01
8.856121593974202177e-01 7.975717387917383716e-01 8.576268348495392768e-01 5.226662608329206705e-01
4.980635132876341520e-01 4.597558753336853932e-01 1.640597719027929446e-01 3.699357816949486732e-01
2.174788134213027080e-01 2.880319020321025492e-01 2.903670662111552669e-01 2.415048440452665091e-01
3.900438202126175757e-01 3.164445886591543133e-01 5.848557282708044536e-01 4.040790819562971592e-01
6.891268896183484483e-01 4.394681514881463302e-01 8.495338594525133624e-01 2.533573789987713099e-01
6.402542318872919136e-01 2.643410863343865214e-01 3.118680504351041827e-01 3.210098643321543932e-01
4.717930598646795093e-01 3.789453294958337604e-01 3.225001126936229423e-01 4.253815666306763887e-01
6.412185783628594482e-01 8.214421494454037243e-01 8.810549572985851841e-01 7.504252344369888306e-01
5.609680171226630874e-01 6.315916887069386032e-01 4.491190150788845203e-01 8.476926584262400866e-01
1.422809054629717296e-01 3.728771122048695208e-01 2.984659979765156290e-01 4.976482393685728312e-01
4.539564412939829929e-01 3.771063021964796702e-01 4.607680019589229237e-01 4.161957278847694397e-02
4.484296377134978639e-01 5.143198102308838005e-01 5.363743664371700692e-01 7.682904705870896578e-01
7.152229310607622903e-01 3.906401091062549624e-01 7.001940933996302352e-01 6.806400783825665712e-01
9.928467416339767926e-01 9.951503658767855143e-01 9.870170432353213563e-01 9.858945193700492382e-01
2.249208397958101791e-01 3.332625655103797491e-01 3.489410734598799579e-01 5.430314852856099606e-01
9.344300502633358096e-01 8.462817770801418504e-01 9.640773782550001725e-01 7.986076998058706522e-01
1.015237793169734143e-01 2.525084613450553905e-01 4.855842973121435313e-01 4.987025258596986532e-01
8.860239615871385865e-01 6.898007684845400833e-01 9.845248737671078443e-01 8.272684589028358459e-01
4.580092062350191728e-01 5.315231023816437972e-01 4.445870185174446987e-01 4.286363783758133650e-01
8.350728490852460384e-01 8.172094935901066393e-01 8.547597797529707941e-01 8.222378476057201624e-01
5.405114152971223218e-01 5.967840134594646351e-01 5.344645623280275953e-02 7.665968220680952072e-02
3.597918302190866169e-01 6.118636168652246132e-01 5.870720972100385016e-02 4.566446486860513687e-01
8.057473923980505992e-01 8.234763277985325258e-01 6.013646162783128357e-01 7.322935988195240498e-01
4.265303605805942921e-01 5.004589179717635616e-01 3.664900389826770133e-01 6.801638607867062092e-01
1.205389965277486458e-01 2.495045375115283182e-01 2.331147840489700418e-01 4.619545429013669491e-01
3.035650235497593386e-01 2.391505747913666713e-01 4.368570272069713378e-02 1.012054525781422853e-01
7.634909018629995048e-01 8.217879151692311090e-01 7.237772650998949286e-01 8.505347301252186298e-01
2.568338154374953941e-01 1.841789100916546851e-01 4.935692483728248980e-01 2.081378547009080648e-01
5.562870047279712127e-01 5.646338054862735101e-01 4.757246248184273663e-01 6.866272124461829662e-01
3.301948714476664604e-01 8.770888920462503865e-04 1.623589860617594693e-01 7.175922626629471779e-03
5.639244744435701895e-01 2.945459350752377414e-01 5.664515918760246738e-01 6.452846834436058998e-01
6.215991593473191301e-01 7.461155321939337559e-02 8.167170408154905692e-01 4.312121041584759951e-01
2.853585169682834044e-01 1.564521753856360498e-01 1.012150512464879970e-01 5.270417677238583565e-01
6.250693867319334629e-02 1.903548231378240640e-01 1.008007481260035920e-01 2.738722460344433784e-01
7.213578953206145616e-01 5.745586403443411205e-01 6.468446073304715549e-01 4.637949196621775627e-01
7.108240760616039156e-01 7.560259017899116918e-01 6.319518997961114382e-01 7.881630773190408945e-01
1.714172418286426802e-01 7.583376039116415668e-02 1.608669911544470255e-01 3.407972953282296658e-01
5.681898108458056651e-01 6.921576396637652007e-01 5.440864715418953779e-01 8.514641609508544207e-01
1.201781162045818113e-01 1.507717312200895256e-02 3.774970897257247104e-01 3.145495809148997068e-01
7.130381938662003760e-01 8.748653440350855348e-01 8.065540402578145196e-01 8.350383643992245197e-01
6.240820685952511715e-01 5.297154420232867977e-01 7.260778444445966651e-01 7.877883519977331161e-01
2.267383840823026797e-01 5.641713805078173438e-01 4.990169397135605922e-01 6.525781124364584684e-01
7.100921821261992894e-01 7.233822181486139202e-01 7.828793836154410712e-01 5.606341785751283169e-01
3.099200526248614418e-01 2.406330110578789871e-01 1.778449303713334761e-01 1.396503711584955454e-01
9.714200188130224234e-01 9.728233053755849236e-01 9.776816038769641226e-01 8.764322570059448481e-01
2.654242202567994036e-01 5.792175348344792696e-02 4.045085156254298875e-01 2.587207702454179525e-01
5.169868103299938289e-01 3.342106400468072280e-01 2.859471900452461579e-01 2.130514429882168770e-02
3.696809464734589490e-01 7.100157414048712257e-01 3.915791106867018145e-01 7.512532272376120090e-01
3.675891574571106823e-01 5.319175341026547432e-01 1.894882641202310647e-01 3.392833406105637550e-01
5.932110642692716151e-01 7.611754789573774715e-01 9.297935964897247052e-01 7.976462105289101601e-01
5.524924928855619033e-01 3.063479920557210523e-01 1.645692981109259934e-01 3.957460997626185417e-01
3.005427373847088246e-01 1.479399343103204867e-01 4.512417389144613433e-01 2.228124258108437061e-01
4.571390881555445485e-01 4.369933152008552701e-01 3.003032984685392037e-01 2.630228155758231878e-01
3.597087774533606619e-01 4.691602389248821225e-01 2.905683898631715167e-01 4.639246412552893162e-01
8.302003403978941432e-01 8.267988004927250278e-01 8.437985989198633074e-01 8.848578624892979860e-01
6.131637038412481866e-01 6.877780544579854549e-01 2.081784148361376374e-01 8.056777301244437695e-01
7.134537739432899039e-01 3.736070802087337328e-01 7.085079497718339558e-01 3.475904613733291626e-01
7.651307476183594192e-01 7.896572973555150421e-01 7.298161968015586254e-01 8.296542353928089142e-01
4.581562655423400132e-01 4.350020541260052886e-01 3.410029600355631296e-01 8.530590482987463474e-01
2.759031976652733809e-01 4.909508581221860291e-01 5.940983096576263334e-01 3.667277542408555746e-01
4.442217828592621709e-01 4.959097873372569354e-01 2.521424579670468735e-01 1.913877509068697691e-01
3.419796881371450770e-01 8.730723533761367561e-01 8.363125077074031744e-01 9.063473150599747896e-01
5.416208537538064194e-01 1.721569647897594479e-01 8.062326932854536610e-01 8.459645751863718033e-01
2.773909781825020238e-01 8.710023092220255114e-02 3.445969257467199065e-01 1.393878124654293060e-01
3.581565331443202216e-01 4.008637170518041248e-01 1.298876445213635322e-01 2.700033436994999647e-01
6.148326337381972984e-01 7.770870164157518412e-01 4.133577952740259964e-01 8.138071561697870493e-01
8.980226425302897386e-01 2.225044793179176972e-01 9.676219631586652214e-01 1.087395215872675180e-01
8.906345273833553566e-01 4.487877914649016087e-01 8.824450440350004587e-01 2.992593236267566681e-01
5.212917876246125903e-01 5.384095366653216530e-01 3.381034233217843910e-01 9.606974199414253235e-02
3.210857547742675955e-01 2.108640658941957624e-01 5.493872564749048282e-01 6.798268409911543131e-01
6.024853246716005417e-01 5.889964538310921149e-01 5.671763909853196894e-01 1.030425988137722015e-01
1.728136547765127540e-01 6.476345371867350820e-02 1.584315190333526746e-01 1.309538765344768763e-01
2.430400679701684441e-01 1.185880002565693342e-01 6.899749661338818729e-01 5.303884705062955618e-01
2.472905918815865300e-01 2.205158694894790716e-01 1.117071961338802072e-01 2.337393234483897686e-01
1.908297394519126167e-01 1.115729604548884729e-01 4.200087310812349317e-01 3.495631548576056957e-01
9.630929906016619801e-01 9.461499382080216236e-01 9.445464610806769690e-01 9.566480021458119154e-01
5.199360605123689583e-01 5.131814180856065777e-01 5.947094773846762772e-01 4.103711396455764771e-01
4.983452609715418591e-01 3.161089967403328260e-01 2.743741845608279051e-01 4.284471308346837759e-01
3.261413727174538590e-01 1.815281395165891098e-01 2.591273439833479131e-01 3.428463868331164122e-01
5.273397156623923498e-01 3.350492889599851476e-01 5.472079194888307407e-01 1.371274066623300314e-01
9.791752409369782750e-01 9.891271293564579681e-01 9.215515074527962369e-01 9.838891210965812206e-01
6.350955251236215515e-01 5.141211198723855125e-01 8.595866044067022038e-01 8.815002420451492071e-01
9.309055335882849835e-01 9.703504186048755864e-01 3.937465658739315311e-01 9.825295619666576385e-01
4.527879748338536348e-01 2.282527400992973021e-01 7.216808349985491533e-02 1.005387397017329931e-01
7.614871305403176915e-01 1.698012001210445487e-01 8.350777141697993677e-01 3.637249674648046494e-01
5.700913306163395838e-02 5.248815554626836549e-02 1.208145265952172420e-01 9.527315199375152588e-02
3.043337443404710574e-01 4.534246885094561641e-01 2.308585885027448492e-01 5.897018848918378353e-01
1.321751491063531958e-01 8.405252715440361122e-01 2.330299331082145986e-01 8.111860882490873337e-01
4.773742921852860976e-01 3.052855829513957397e-01 6.081571457654623147e-01 3.100248675327748060e-01
5.078676346485138104e-01 6.222577048725472793e-01 1.801069462610305205e-01 6.346845189109444618e-01
6.767629422427359209e-01 4.042015568772431289e-01 3.785887220883797921e-01 5.502166766673326492e-01
5.453169344842320188e-01 5.738900521710195157e-01 5.134666942640891962e-01 6.460464769043028355e-01
9.982026694008926393e-01 9.960423630251109550e-01 9.961213696379611626e-01 9.841684927232563496e-01
5.963574368960772309e-01 3.158268458166253456e-01 4.532810032379420706e-01 8.147490071132779121e-02
8.789742625508979446e-01 8.454928719558745254e-01 9.001455126100407211e-01 3.023107484914362431e-01
3.336775117955090852e-01 2.709426860297837192e-01 1.718279945848395218e-01 4.104723206255584955e-01
3.530436156437040118e-01 1.654937897173209826e-01 4.984008664972558456e-01 1.992649750318378210e-01
8.705991173396694302e-03 1.471809306456113298e-01 2.298745620848298143e-01 8.262066822499036789e-02
4.982234884302089162e-01 3.152116739914068710e-01 2.800986067065311946e-01 3.394348779693245888e-03
2.880491741491983393e-01 5.693599735672371098e-01 1.385028002398037694e-01 4.354150206781923771e-01
9.688421717488137075e-01 9.622686930524863014e-01 8.839745307786048834e-01 8.963100665714591742e-01
1.363102772358115444e-01 1.424761961529661114e-01 1.405016907116438118e-01 1.561496851500123739e-01
1.219203942513088224e-01 2.050867497795823627e-02 9.280647681186385278e-02 4.944564774632453918e-03
2.224382598027153102e-01 5.761432939948792908e-01 2.697636228766425170e-01 5.746859142091125250e-01
5.571784888688675608e-01 4.320610649261192315e-01 6.833498496933317901e-01 3.400557695422321558e-01
6.399056576729129642e-01 6.871806017873617334e-01 5.668366498334633796e-01 4.480989130679517984e-01
4.356414735916092074e-01 5.478080618773257804e-01 5.491645560366402723e-01 7.012881147675216198e-01
1.859096358226934587e-01 1.839522268661770710e-01 7.562642391600456204e-02 3.719014325179159641e-02
4.303547084683882473e-01 2.657636387371872799e-01 4.566812781855170700e-01 4.126085068564862013e-01
9.546383985687205698e-01 9.528453729451614729e-01 9.228674714100453258e-01 8.400311209261417389e-01
5.794175880625519470e-01 1.206146788321291047e-01 6.828072744267785765e-01 7.603672789409756660e-01
7.675751559316400519e-01 8.039164636407676312e-01 8.289584060804949806e-01 5.560059542767703533e-01
5.089765712663160691e-02 1.218748449490980462e-01 2.089010088047568367e-02 8.940828917548060417e-02
9.169772602843041520e-01 9.316032217195597820e-01 9.090735248823577086e-01 9.206345342099666595e-01
6.076834345433249629e-01 5.031559117852972829e-01 4.053151462135929917e-01 5.507831382565200329e-01
2.783186172797034175e-01 2.509804301770107715e-01 2.806685638182521147e-01 2.121632029302418232e-01
3.261020555416387356e-01 4.683182061289093978e-01 4.946889740709723426e-01 6.587562614586204290e-01
2.440766314900693068e-01 4.033935525430459856e-01 7.418310309110315304e-02 9.234572201967239380e-02
5.301664971635043910e-01 5.911370589617954696e-01 7.292612649613133824e-02 7.314743073657155037e-01
9.243967930098069274e-01 5.679235584434527695e-01 9.713374959496835492e-01 8.526674243621528149e-01
6.239691678913001915e-01 6.688675055283350712e-01 6.138831045738016856e-01 7.358253803104162216e-01
6.276275154076378371e-01 7.690208927425095098e-01 4.608310134997981034e-01 7.553993056062608957e-01
7.137501515458042345e-01 5.301415748017259677e-01 7.095501321065841305e-01 8.679005294106900692e-01
2.386183016986229699e-01 1.090769394316167401e-01 7.904430980537888174e-02 7.398909702897071838e-02
7.443206236648710616e-01 6.356811262543026197e-01 4.374775070760424378e-01 1.903072143904864788e-01
1.228357521688180562e-02 1.381014913701559821e-01 1.573175739861398248e-01 3.290514228865504265e-01
6.492166329385717916e-01 3.043029274676931628e-01 8.641780652968692467e-01 5.663856703322380781e-01
6.525530453790732988e-02 6.415523556640211067e-02 1.173536304526720531e-02 7.545078755356371403e-02
5.691141611015332336e-01 1.291931053472611390e-01 5.482624131327122896e-01 3.281748762819916010e-01
5.687444132435252181e-02 3.128409238990207952e-01 2.866938935979077008e-01 4.866684537846595049e-01
9.432521417771343453e-01 9.463103278394434659e-01 8.815853518802679867e-01 8.506631825584918261e-01
7.614170589615093521e-01 8.447676706322981843e-01 1.700931021762819850e-01 5.421028989367187023e-01
6.613187519686093419e-01 7.088110908857178094e-01 8.413316967518071898e-01 7.787446710281074047e-01
8.390686706619427948e-01 8.079400944245410665e-01 8.022140225870881824e-01 8.401003016624599695e-01
9.987207629278253007e-01 9.986067316630251600e-01 9.977131139409390892e-01 9.928734230343252420e-01
9.682271632607141187e-01 7.296876613135987455e-01 9.617736350726767691e-01 3.799371246714144945e-01
3.710134575306617832e-01 5.340989162141255298e-01 2.648017952212587955e-01 4.035039138980209827e-01
4.035975704973180367e-01 2.312624745167353446e-01 1.866373852520302190e-01 8.303633169271051884e-02
5.611603243642722394e-02 7.528175188037516952e-02 1.599239971736902965e-01 2.103229837957769632e-01
9.125671616406155762e-01 7.499001696659418625e-01 8.936515045853029582e-01 8.777626913506537676e-01
2.889419591059407266e-01 4.823416873141140315e-01 1.926113034700126792e-01 7.388107767328619957e-01
2.601436102052783195e-01 1.172651042503959906e-01 1.593061697675961785e-01 3.579079310875386000e-01
8.846801306467428905e-01 7.087738287105075363e-01 8.536078115688707779e-01 6.869759697001427412e-01
7.679385907168142511e-01 6.313640820209371896e-01 7.747157423950010724e-01 5.808206975925713778e-01
8.762362607116630508e-01 8.397804644002334618e-01 7.867528163039280154e-01 4.377864296548068523e-01
5.097205935531611276e-01 7.623532492171232189e-01 5.243451305073266733e-01 6.369952778331935406e-01
5.211123645001722871e-01 7.013083672639135457e-01 5.999994412939204658e-01 6.421622219495475292e-01
9.464189059108230051e-01 8.707306824340663720e-01 9.137595312149922044e-01 9.509457880631089211e-01
3.612693812678829941e-01 1.094967531584003645e-01 5.246101714257964677e-01 1.130361820105463266e-01
2.565073004582700267e-01 1.967100997216827962e-01 5.892851359080897994e-02 3.519652783870697021e-02
7.397099012888832537e-01 6.874654263348832783e-01 8.084507357456222065e-01 4.346862775273621082e-01
3.795225460061988909e-01 2.586214969203975422e-01 1.016264154606109638e-01 1.119065918028354645e-01
5.839854180355490421e-01 4.112265530324007989e-01 8.008226572982732883e-01 5.899063860997557640e-01
6.640816561331003287e-02 1.420605272946904099e-02 5.042427795078818081e-02 9.989931434392929077e-02
1.496062757180095515e-01 1.282482718562204249e-01 3.359857862690780461e-01 1.918946839869022369e-01
2.040152137150882949e-01 1.388596556364137813e-01 1.988972912524611947e-01 2.267316558863967657e-01
1.224552511208790995e-01 2.337423866976068125e-03 1.704557545756847370e-01 2.098518190905451775e-02
2.187874002906995963e-01 2.999032726677565153e-01 1.957019568667270337e-01 5.528775160200893879e-01
8.619602558927107472e-01 8.251428098874573624e-01 9.159552989700200376e-01 8.461871964391320944e-01
6.901285474286363852e-01 6.948337280134243843e-02 7.820273115713362033e-01 5.154257633257657290e-01
3.782841414703155825e-02 1.356018318883589202e-01 2.115812618918807286e-01 2.149357064627110958e-02
7.415534932255207767e-01 6.551091079149157226e-01 8.643627291213417108e-01 2.038803708273917437e-01
6.635894699163544797e-01 7.705764136313978385e-01 7.592962533840397210e-01 6.695987328421324492e-01
8.462251277570091990e-01 9.574003972314842903e-01 5.250813634639103222e-01 9.624763636384159327e-01
5.564021170501062263e-01 4.282266728840324332e-01 6.967944470135083446e-01 1.308330313768237829e-01
8.346739417204798173e-01 6.783195518076764463e-01 6.079844192060458452e-01 2.340955650433897972e-01
8.322588269078751155e-01 7.240039061578492641e-01 8.227689174864623034e-01 6.755810107570141554e-01
