5.760292515135594787e-02 7.663550444897934133e-01 5.022950321377831623e-02 4.632983494988775486e-01 4.332669628784060478e-01 8.584841856274898486e-01 7.175907430816301780e-01
7.794375581849344314e-01 7.587675943282330415e-01 3.846114271436487653e-01 2.773252447858999270e-01 6.912860157899558544e-01 5.354265098259602951e-01 7.221183135432894806e-01
6.962584822443191879e-01 2.330992490094450920e-01 1.108251898533638008e-01 2.061130379183611361e-01 4.518254729919135571e-02 9.042838746517739210e-03 2.422828232496543333e-01
2.566354081622814753e-01 9.359229735739807987e-01 3.586378982359418321e-01 7.918524030990367057e-01 7.157546393573284149e-01 7.746735164040959853e-01 8.759480615124602965e-01
6.683161690529439980e-01 1.979460679861712036e-01 9.107710211622904728e-02 3.466784179892891116e-01 3.125455935951322317e-01 2.066120559498334230e-01 5.753497589336171725e-01
5.478952648587001040e-01 1.877942008708759491e-01 7.499762894293197091e-01 4.495545248402734728e-01 7.469270585570484400e-01 3.512634472999951601e-02 3.183138044015331736e-01
4.458131986018771808e-01 9.549866228596542994e-02 5.360820408314964647e-01 2.213284549671302726e-01 2.546523634810000658e-01 9.633557425758557669e-01 2.501869681469453544e-01
9.702208671509899851e-01 6.410592202890732505e-01 8.690159154656047491e-01 4.994454154830800241e-01 1.953356910962611437e-01 4.087691761478623453e-01 9.480813046910271380e-01
6.562027110656740714e-01 8.556899925544552143e-01 8.829602151867173010e-01 3.707682860744372921e-01 1.041328557766973972e-01 7.747723136238093833e-01 4.618283348746390349e-01
2.013618273603648146e-01 5.883188321693975098e-01 2.955958034157597503e-01 6.378299893937879883e-01 8.470467266160994768e-01 4.325335607941029337e-01 6.788093279666722601e-01
9.911422565398033679e-01 7.630649365902182346e-01 9.382175320219449111e-01 9.025157268677822531e-01 9.593297571409493685e-01 9.078934990575076025e-01 8.892775742179866993e-01
7.318474473653728829e-01 9.386610869398925860e-01 7.261761234503150142e-01 9.054300501295267090e-01 1.736752314027398825e-01 9.901896826897460535e-01 8.530240521634163686e-01
9.406352684198238112e-01 8.772485194617983817e-01 7.947014740541797906e-01 8.552059344493542214e-01 6.541979699395596981e-01 1.580745514007183272e-01 9.246732023720618532e-01
6.327849867683563168e-02 1.806082099731998736e-01 6.497521736951945570e-01 3.657209601909352514e-01 1.830920097418129444e-01 5.535658623021645353e-01 1.887759548513018026e-01
6.030133680938972729e-01 1.332166786246714585e-01 8.615100070247561082e-01 7.073192454955518071e-01 7.735519816633313894e-01 7.618135134025930677e-01 6.455477800387126042e-01
4.420258698820415666e-01 5.643522726665763933e-01 2.274684724089644228e-01 6.735319510478726679e-02 6.603001977782696486e-01 1.431123545452448464e-01 7.450019932386618693e-02
2.705563912774433533e-03 1.825781204574393815e-02 4.026535547088881395e-01 4.967038508372106365e-01 7.063863887451589108e-01 6.016352403706735075e-01 6.187570517048370661e-02
6.483865546810845260e-01 9.644234667889045598e-01 6.932590535250936492e-01 1.980536910098841252e-01 9.370428544934839010e-01 9.367138802986418877e-01 7.903228186073049111e-01
6.503586839675996600e-01 8.288167031426235676e-01 2.711809353465049477e-01 2.490628808027504915e-01 8.140950179658830166e-01 8.058506823465723112e-01 8.110304752649406534e-01
4.707907165689399487e-01 7.731815429738478906e-01 1.123658115203509528e-01 6.588274907616624709e-01 6.432422278448939323e-01 7.030733271914392235e-01 3.881231765597293881e-01
1.739327513627744737e-01 6.273344427223402908e-01 2.680573141126694203e-01 1.543444344246734656e-01 5.132827300112694502e-01 1.051539537731713131e-01 6.478189497765314275e-01
3.252839814437303301e-01 2.186094728139906934e-02 1.406396455638648235e-01 3.284206050517106124e-01 4.276409659069031477e-01 1.135773727072106332e-01 4.240758305702899689e-01
6.444488275811187661e-01 5.001430931349826192e-02 6.138901554987364895e-01 3.104159585524794429e-01 3.233202886767685413e-01 8.250897924596691801e-01 2.625180825168688115e-01
4.603444567664678466e-01 5.566987109452946614e-01 4.305768269909114321e-01 1.002394830508956253e-01 4.472347311675548553e-01 1.064210760127030225e-01 7.257536190268876197e-01
5.645026022246836250e-01 8.697482564995963061e-01 9.621149477038100084e-01 6.955465969740053100e-02 3.852190775796771049e-01 8.876180522811120133e-01 7.311090189022221297e-01
7.440624815391767566e-01 6.645706200236229932e-01 8.763207826268487599e-01 9.109121412507507065e-01 8.563748991582542658e-01 3.225265550650620039e-01 6.146682501690569067e-01
6.432194680807615805e-01 8.832181976209222407e-01 9.556582281396788225e-01 3.745356222261342349e-01 7.589263038244098425e-01 8.660157000174754094e-01 9.502450464696996502e-01
8.650932232409773714e-01 4.567417889608060277e-01 1.161743881707147930e-01 5.555959043514366869e-01 5.950917943846434355e-01 6.616427346669374598e-01 5.201454587989736700e-01
3.258112556952482558e-02 4.387165726676767741e-01 3.636942597779270758e-01 4.025218282534260283e-01 4.419388968963176012e-01 3.359184448403351730e-01 5.666490949139489641e-02
4.389897312123061668e-01 3.794791919711864581e-01 4.400222888005830280e-01 3.496282963021660195e-01 2.024460735265165567e-01 2.500677051449134991e-01 5.339501559791023366e-01
3.911452140109248354e-01 2.637876119013382037e-01 5.011108397757723099e-01 7.482305193640861329e-01 3.280591187067329884e-01 5.948249739190859531e-01 1.364711231799496938e-01
1.160904180575104416e-01 4.401668361930618362e-02 3.387930301796126531e-01 6.706568689719953902e-01 4.360879552550613880e-01 6.143804889274139674e-02 3.199809678493671927e-01
9.113384643021148479e-01 1.121900760758112181e-01 8.338502437800873190e-01 6.347634377774691306e-01 6.593160703778266907e-01 6.617176359620127180e-01 7.288765857920628255e-01
8.401708167009007688e-01 6.059655075097756249e-01 8.518722630661664796e-01 7.634105229439785978e-01 5.118877228815108538e-01 6.089992830382275901e-01 7.803329315643093844e-01
4.515702848602990566e-02 3.611437131703749692e-01 7.024102173323520937e-01 4.362755444168355257e-01 4.753863690420985222e-01 7.873370021608619984e-01 8.151701547199187159e-01
2.438047191431459981e-01 2.025226778086679780e-01 2.437918072810681958e-01 1.723981008927339131e-01 4.801523028872907162e-01 1.742944942415680654e-02 1.676307844045964168e-01
7.156804004674099939e-01 4.715282575650785180e-02 5.771369645750759059e-01 5.595791912418602854e-01 5.576681592501699924e-01 2.388553488343900244e-01 6.420095925071703236e-02
5.407059279768355181e-02 2.151459674935391753e-01 1.031187890232052595e-01 7.137115008329996124e-01 6.478289817459881306e-02 2.175254169254877412e-01 9.821900310489290256e-03
4.131841176088589251e-01 3.340112039808355027e-01 6.753922283202574706e-01 6.349434625188187242e-01 3.187920455820858479e-01 1.123288612625953503e-01 1.584383650284458267e-01
9.677366428265573584e-01 8.061757571257033295e-01 9.073639988118498145e-01 9.105283283289633545e-01 9.726959234103560448e-01 4.333712418491419416e-01 7.911021870499538311e-01
3.743098466363066201e-01 9.215766096372518534e-01 9.317984274427044689e-01 7.540688556002370646e-01 8.762972035910934210e-01 8.013075194860287409e-01 7.519037706310603975e-01
9.859015198337639507e-01 9.977919572710599594e-01 9.982723273894898997e-01 9.970703058063485891e-01 9.921183856204152107e-01 9.215201054687006677e-01 9.706440335038601930e-01
6.287182394629116100e-01 6.662354588462521265e-01 9.251144294342097396e-01 3.480306110481783399e-01 7.880985310766845942e-01 7.050880293737136206e-01 2.523793111391479660e-01
5.201637941482755156e-01 3.426720830211033575e-01 1.724644682509341442e-01 7.048304368194596714e-01 6.483367905020713806e-01 8.560138820255356329e-01 7.560163760535076882e-01
5.218119215226869612e-01 7.250589196696261007e-01 2.243407844627333392e-02 4.585049848708732112e-01 6.701463966164737940e-01 8.030870636750466751e-01 6.754409908860892209e-01
8.906964305268648685e-01 8.002391091827988356e-01 1.279537908081936071e-01 8.498744558527979720e-01 4.656141451559960842e-01 8.956221981484103756e-01 9.613739865613198932e-01
4.294041757427575351e-02 4.001112418911706992e-01 3.603991965758274185e-02 4.717111295646452818e-01 1.378251356072723866e-01 6.889783069373037749e-01 2.552797198365337472e-01
7.871513904281733920e-01 5.303266046687388213e-01 3.562103033212764558e-01 3.357710234945235905e-01 5.125617936719208956e-01 4.298451010786564219e-01 8.302522887949613795e-01
1.436829518569778148e-02 6.873311075658184999e-01 4.912365206792820849e-01 6.113020018234565089e-01 4.828734719194471836e-01 4.398453878515901604e-03 2.472683023785621215e-01
1.514428070397454140e-01 8.603332849321035924e-01 3.098873827973402592e-02 1.345886343778445460e-01 2.268595865461975336e-01 1.507665224140064021e-02 1.031546555374560775e-01
8.763599121186965712e-01 2.719500916629778442e-01 2.955124887197959627e-01 7.463910387925603018e-01 1.250169009435921907e-01 5.788214390444441637e-01 9.162670497442247930e-01
2.733627810170786709e-01 7.078928679675914326e-01 3.382670100568611615e-01 6.534472022339722352e-01 3.066933832596987486e-01 4.627389318695300235e-01 2.778025300712312906e-01
5.782758316988882985e-01 1.087751164873846654e-01 6.737632073746304684e-01 8.832661061186557194e-02 7.490020524710416794e-02 8.588351771316334871e-01 5.312750211909715858e-01
7.025184089965206269e-01 7.034175232664455768e-01 6.342185055892997081e-01 1.484280657289380190e-01 1.240028662141412497e-01 8.274337425722018136e-01 3.041378191097910411e-01
4.333099207123747298e-01 4.720221195687717697e-01 2.490883782808667457e-01 3.124425312870787175e-01 4.271851514931768179e-01 4.169293336364300884e-01 2.470575609143015605e-01
4.062733136872690443e-01 8.264121331227641809e-01 2.505586961839282312e-01 7.627194148419889075e-01 2.809059920255094767e-01 9.412927280774054106e-02 2.875352323465646398e-01
8.517757634576699211e-01 1.442558313348454302e-01 9.287419759310791001e-01 2.542993534284643253e-01 2.872744190972298384e-01 8.415378140114262440e-01 8.238712098026103048e-01
6.897348651770764949e-01 6.161769036460090776e-01 6.325595877751080121e-01 5.719331430734142518e-01 3.721561147831380367e-01 6.675341800321169528e-01 3.580489242935259719e-01
8.357353877366268113e-01 8.873400183913078276e-01 3.694806509706077824e-01 5.507237727111741199e-01 3.573690899647772312e-01 4.049757524944716525e-01 4.301591494692166284e-01
3.091916967600312760e-01 1.888286631731036364e-02 2.064775381257532849e-01 1.303362614127512031e-01 9.146948112174868584e-02 1.298832341455885830e-01 1.055086024593526739e-01
9.366197464377072901e-01 9.765111867219761210e-01 6.790596254852425684e-01 9.950273610052358109e-01 7.193609036039561033e-01 3.213611582036345893e-01 8.588804149332252003e-01
1.470864846439744189e-01 6.246583624159705028e-01 2.278668043446928360e-01 2.765889195569901648e-01 4.868588848039507866e-01 1.745123472123622510e-01 5.014815129691364559e-01
2.740072792434569138e-01 9.042622558869678473e-02 4.168664272188150055e-01 1.280176515456377950e-01 3.151277154684066772e-01 2.252396170511831719e-01 4.978623053138420129e-01
7.413025184853850869e-01 2.362416778265637174e-01 7.042275942794967714e-01 7.636926444942075953e-01 5.630826619453728199e-01 2.784228154475650863e-01 7.755971325572451613e-01
9.999748954585200300e-01 9.998689877589396202e-01 9.948878075501123019e-01 9.998517763536390879e-01 9.789617864880710840e-01 9.999403048407319305e-01 9.998448533863623089e-01
7.469069112702096946e-01 9.820035760016272430e-01 4.429343734299354685e-01 8.631284642797424356e-01 7.385884884279221296e-01 3.363340658832413288e-01 6.315601405944761826e-01
4.398700976237235882e-01 3.781078691290736815e-01 5.431987773542945597e-01 4.571442221179843890e-01 3.736024380195885897e-01 3.931369981226620625e-01 6.008104240572282873e-01
8.720525026446264427e-02 5.942145912984414524e-01 1.440262902236753850e-01 1.710556290639998478e-01 3.326742902863770723e-01 4.849019864957986314e-01 6.687675885435330203e-01
6.923417345143592083e-01 8.757269830630225460e-01 6.117377986814712676e-01 5.666597606030587819e-01 7.375334801618009806e-01 9.182720149820643440e-01 7.600837230164716463e-01
6.147018861539510493e-01 7.015917840839480668e-01 5.283021623684739376e-01 5.557253315772412439e-01 7.094630890060216188e-01 9.362672787827219789e-01 6.879853888868840972e-01
6.692721956618408186e-01 5.222612200655384340e-01 8.052509430371184163e-01 7.889740716855998537e-01 3.330144444480538368e-01 5.818861105807127121e-01 1.476052904748026695e-01
2.813116262049560334e-01 1.146831100239980722e-01 6.720885479366136561e-01 8.156720978509748310e-01 6.456507013645023108e-01 4.981647269849149295e-01 5.204926568980465795e-01
3.345885900879190800e-01 1.053753007250441132e-01 6.119413481299156299e-01 1.184099451426787880e-02 5.914989025332033634e-01 9.462107424803743727e-02 2.336097284718563760e-01
8.446951101584908583e-01 2.705112753366771816e-01 4.417086333362933437e-01 4.452482560676915835e-01 7.477353287395089865e-01 2.298017253355967016e-01 2.056944656233420932e-01
6.521240139362343147e-01 1.323841434290122521e-01 9.588235485204439634e-02 3.840350216907392755e-01 8.354969322681427002e-02 2.112389360585601727e-01 8.169165424801840825e-01
4.251400052707777349e-02 6.793468748523009970e-02 1.536507024194358750e-01 2.631485681342022875e-01 9.798900852911174297e-02 3.625957046173394205e-01 1.765785505908753772e-01
4.270994231071169600e-01 3.769630857693326842e-01 4.458530900949208009e-01 4.264248651013366476e-01 3.843855247832834721e-01 5.194599273221671698e-01 5.654042800770693322e-01
6.213833690147633204e-01 5.815417556095134888e-01 2.371874033010075433e-01 6.029712924616403846e-01 1.129704618360847235e-01 5.754809555277684563e-01 2.355726781093303301e-01
3.690643578629549393e-01 4.061151082656438982e-01 2.270287312661563861e-01 7.265530835199109916e-01 8.826160021126270294e-01 1.972613524597066070e-01 3.107965077551517186e-01
7.432738339229203461e-01 3.244820709961256100e-02 3.126298527044379383e-01 1.076181380030351714e-01 3.376684640534222126e-01 2.131079827564993090e-01 3.799400953413465398e-01
9.253621283935092867e-01 9.749236832389852614e-01 9.201622473159749571e-01 8.396008234353316002e-01 5.982867074199020863e-01 1.836454422493150329e-01 9.491139949792767316e-01
8.566229361908628270e-01 4.385111062321592895e-02 6.902300869614267365e-01 4.041966145000033261e-01 7.175153533462435007e-01 3.518623139763933927e-01 7.063116990831691533e-01
8.038231906312751640e-01 5.634666553624819718e-01 6.217548376510604324e-01 6.652732911784620118e-01 6.663123944308608770e-01 4.053595629901519670e-01 4.311026262340266202e-01
7.394488026558705407e-01 5.195637892108246891e-01 6.430943392599431929e-01 8.563719024122475876e-01 9.545297361910343170e-01 8.563012774299811891e-01 2.469392541226881899e-01
2.406980423885041187e-01 9.893964485121899965e-01 8.300752861242239877e-01 8.026188252242710819e-01 8.313667816109955311e-01 9.952225646405793436e-01 9.936237008297779116e-01
5.221858458280583815e-01 8.041003809381231937e-01 8.117779813653103194e-01 8.197066763202123241e-01 2.456392955500632524e-01 4.835297864754323216e-01 5.006861349227145208e-01
4.454836538839739291e-01 9.858910488969632180e-01 4.880960070177444710e-01 4.677455195264903498e-01 8.316590904723852873e-01 1.722012616941532848e-01 9.930354319989553868e-01
3.770575880185724205e-01 2.243076367535138949e-01 2.234665157640632616e-01 3.925452510508419673e-03 6.296331381890922785e-01 2.989270206132161878e-01 5.150198446804170604e-01
6.527362784573664811e-03 6.848841913519073676e-01 2.129152375521927432e-01 4.665049489394169913e-02 3.422145117074251175e-01 6.903718525595688993e-01 4.397767100098602944e-01
6.193417686216393658e-01 5.764420967899359649e-01 3.263720392114672908e-01 7.359351051433460356e-01 4.616640394087880850e-01 7.949169992820480646e-01 8.108417913128873611e-01
9.522132072765213673e-01 7.702018616620959213e-01 6.729441290187083702e-01 6.538396440869855830e-01 8.548653414472937584e-01 5.838522104199856955e-01 9.457591688531805652e-01
5.654181939527552769e-01 3.160385444814474143e-01 2.301843018679506636e-01 6.410805554602710954e-02 6.572843459434807301e-02 2.702217656315989425e-01 6.445979124522367432e-01
4.601152567759391188e-01 6.741956902967354281e-01 2.041886241972726834e-01 1.499827341814319037e-01 1.440570412669330835e-01 4.282958827822273551e-01 4.225479955880847016e-01
8.604402576953400494e-01 9.128949651631954598e-01 9.038515322179150324e-01 1.758964760291036045e-01 5.479025212116539478e-01 8.754233789259873166e-01 4.856751645991067567e-01
6.500892103938633593e-01 3.470359523559112813e-01 2.230193678287618608e-01 3.535612903348382408e-01 9.790558577515184879e-02 4.354513518793960425e-01 1.604574752032667320e-02
3.856199137092647944e-01 6.958820912807848202e-01 4.250674030445765750e-01 5.222945616269581981e-01 7.427939020562916994e-01 2.092686956695244405e-01 2.265724683484807989e-01
1.868210552194874696e-01 9.896447304931619282e-01 9.133418828650349264e-01 3.549430979975077838e-01 6.361110894940793514e-01 9.118357288260926508e-01 5.075072982181637604e-01
8.185834809146638191e-01 3.120608710924485663e-01 8.452826478447699188e-01 5.924076419845186736e-01 4.171113388147205114e-01 4.110749087764813819e-02 7.541909350372059118e-01
2.086127711231522963e-01 1.922656567430297281e-01 2.897115827871843408e-01 2.371384329282401615e-01 2.886029495857656002e-01 2.042104460022046986e-01 2.073924289494985251e-01
8.069911457913564456e-01 3.218687569190640391e-02 1.031276798536207157e-01 1.095942610930521477e-01 8.253485662862658501e-01 5.480785158021008602e-02 3.827130768771471181e-01
