2.767589047098662491e-01 6.353695501052462023e-03 7.799043304336118476e-01 9.177101526875048876e-01 9.873747899206244405e-01 2.561509275962221555e-01
2.006268733164595641e-01 8.390170087132979848e-01 7.621462680143963331e-01 4.872130427975207567e-01 5.072370224276182560e-01 8.906197416948971046e-01
4.100176525337785316e-01 5.797029661454988769e-01 5.985561787222083430e-01 9.756299562286585569e-01 9.675535731860975819e-01 8.904793395605622441e-01
8.304502454994219240e-01 4.649320631231706469e-01 1.621683780929069132e-02 4.897638675756752491e-01 2.715470251195162832e-01 1.933031959961571122e-01
9.780261155848226640e-01 2.262597311032293890e-01 9.479087053876129598e-01 5.532431788742542267e-01 9.688703974575002542e-01 7.770586265558564465e-01
1.347995135114290477e-01 1.159321916734838975e-01 3.144605824012100537e-01 6.339247552677989006e-01 1.765568622328245706e-03 3.749864599863743653e-01
4.935650346537049371e-01 1.864580687946608695e-01 2.663903330658831670e-01 4.926496185362339020e-04 2.052934519071412944e-01 1.575038029709293352e-01
5.085992228013207495e-01 2.612328594319480723e-01 9.762594795228305422e-01 7.052708044648170471e-02 9.227982988034511003e-01 9.637278725991565986e-01
2.236374511815638344e-01 1.302299526661555296e-01 6.104214799927333290e-01 4.790324806235730648e-01 7.531516115902656683e-01 8.481366746644840582e-01
6.166874589898245773e-01 5.833043953804445403e-01 9.184316035945371270e-01 1.576888069976121187e-01 9.240197882705601939e-01 6.313137486714961444e-01
2.785931835716958238e-01 3.048520541694521024e-01 3.197595674103679841e-01 9.444007575511932373e-01 5.352008199441518066e-01 5.511912425366410906e-01
2.412590228930983627e-01 3.959008640699877013e-01 3.042611030442938236e-01 8.614824183750897646e-01 1.074230998656701130e-01 7.445210608286895182e-01
6.485824163011708055e-02 1.200770285811601223e-01 1.668779717516008787e-01 7.883511108811944723e-01 6.816481345192736407e-01 6.778284923552831964e-01
9.359403593084342221e-01 9.612354467194231811e-01 9.803455163143072193e-01 3.922505688387900591e-01 9.012273381046157494e-01 4.909865042176563277e-01
8.684887680103435814e-01 7.438577018812442265e-01 9.349778721405473947e-01 6.889047203585505486e-01 9.739948422191518906e-01 9.744707989863397035e-01
3.102585621986724829e-01 5.806460274717279990e-01 2.984892967125681862e-01 3.225487989839166403e-01 1.145154513025291726e-01 9.260942549864280282e-02
2.622868319442340779e-01 6.299587298379231148e-01 7.406040319325768451e-02 6.030551940202713013e-01 6.397976421465979557e-01 3.116484909942134340e-01
6.034644514229721146e-01 1.725968959228959820e-01 8.833641339046174323e-01 4.357781235594302416e-01 1.123256975583565298e-01 9.535120013524149840e-01
3.715790682657355015e-01 9.943624813478378621e-02 1.097029976684382041e-01 5.215817836578935385e-01 4.874966926274632018e-01 1.487084307601196920e-01
1.082485093665848663e-01 7.845025801150085076e-01 4.240618375325409112e-02 7.653880508150905371e-01 2.986211562248047846e-01 8.650372316733087041e-01
2.543147987667006005e-01 4.995637701862346014e-02 6.603649616442404391e-02 6.185423647984862328e-01 1.805761140918122620e-01 7.497801415588276064e-02
5.674721292446648774e-02 1.141175161555183296e-02 2.404498783161408137e-01 4.356132089160382748e-01 1.263718609482604172e-01 9.926164892225985970e-02
3.208170770143534689e-01 6.230950718211272082e-02 1.341556111064655665e-01 4.877982044126838446e-01 6.534834518949836912e-01 8.561603519824203534e-01
5.253161876875996894e-01 6.895414733449140021e-01 8.306641968966101963e-01 2.465490163303911686e-01 4.405665538012172866e-01 7.131834887821226765e-01
7.594834966703474244e-01 9.475775264014010268e-01 8.010438355322089254e-01 6.067251912318170071e-01 8.817633975694626480e-01 8.375247606423262825e-01
5.677837902353928268e-01 6.831651139951673279e-01 7.228436625464345067e-01 4.505260339938104153e-01 4.579039516582323333e-01 8.494139275939886768e-02
2.268824233897662468e-01 4.365160996144051841e-01 6.105914234621993009e-01 3.634459080640226603e-01 8.592936190446101019e-01 3.442514428421385442e-01
1.962173955732545716e-01 7.117365868535464601e-01 5.788839783292393237e-01 2.268338005524128675e-01 4.706365864580236424e-01 5.272448768286677051e-02
5.042829738486970248e-02 1.716197658716797358e-01 4.365494325536212195e-01 1.952451150864362717e-01 3.441330402552342793e-01 6.011022725233491903e-02
5.986869428826858686e-01 5.538551649145214695e-01 5.693154885755417061e-01 6.927769677713513374e-02 1.993146975957406086e-01 1.022796372501907636e-01
8.295033311122429476e-01 5.267195732798350960e-01 7.128845938943200178e-01 8.034573721233755350e-01 9.215975076486805362e-01 6.701006839789201974e-01
8.604036442258473638e-01 6.359554622557861414e-01 7.007432379230503772e-01 4.704303448088467121e-01 6.367112511148852461e-01 9.242680709419417440e-01
2.019502246280183433e-01 3.795650237119864157e-01 1.264537474138039963e-01 2.652585941832512617e-01 3.683608231480556272e-02 3.232124549643052291e-01
2.882047363998520018e-01 4.374216851646632875e-01 7.645174524995755894e-01 5.179720253217965364e-01 5.787972209211383889e-01 7.212500664481320545e-01
1.719507671557374273e-01 4.179432446632930231e-01 6.625250905390610567e-01 7.045470895245671272e-01 8.192432459206713258e-01 6.888475267830351800e-01
3.995936143252953321e-01 2.609689703089591584e-01 7.539464664866469823e-01 6.794244865886867046e-02 8.770760866266563704e-01 3.767201387825085818e-02
3.596658554834570865e-01 7.462059573128689005e-02 1.026880985975376775e-01 5.864229763392359018e-01 1.101730162425634957e-01 3.744145141294884516e-01
4.276349218568707977e-01 4.332373919742009694e-01 6.745943120566261220e-01 3.574986432213336229e-01 4.033354280013586868e-01 4.767863463623022713e-01
6.845442320221035715e-01 8.083788235647216824e-01 5.447635112309774374e-01 9.778786443639546633e-01 1.062668647143515388e-01 7.670082464274475820e-01
1.005802210330515728e-01 5.708706485408796549e-01 5.891108617523420632e-01 6.451228864025324583e-01 3.897118030292722191e-01 7.083254837429539541e-02
4.303115467009192008e-01 2.602232080703981154e-01 8.472884118342499660e-02 6.208073990419507027e-01 1.484010522089340006e-02 1.795291822032970830e-01
7.535365830807705390e-01 8.349007653429687537e-01 8.340645019219801171e-01 7.534303397405892611e-01 6.751497464143491056e-01 6.692032905719808022e-01
5.306914265946920395e-01 1.678987297712070392e-01 2.384909309298750557e-01 9.228859508875757456e-01 7.895168635119023115e-01 5.648702871955616489e-01
4.245576872685314918e-01 3.282982136404972717e-01 2.723797155740494413e-01 3.583131148479878902e-01 9.710808679124152687e-02 5.137238712748167790e-01
6.972648063524951034e-01 7.743373874381018762e-01 7.559545684169410862e-01 9.173535120207816362e-01 1.334706161926166486e-02 9.012639904117388800e-01
5.920328043412038249e-02 6.438655657856792169e-01 3.128270145129671276e-01 6.951526582706719637e-01 2.341264555825453009e-01 8.096405982256252853e-01
3.377975751797892556e-01 7.612202135927930158e-01 1.368762575305458307e-01 7.116855976637452841e-01 7.715176451357365073e-01 7.413991906720610592e-01
8.768581556302242896e-01 2.443281961466011454e-01 2.494324502105274843e-01 9.767167177051305771e-01 4.158510333776627710e-01 4.691181293651603412e-01
8.446573722157100228e-01 7.015185577999946132e-01 9.480227942160019960e-01 4.121777729596942663e-01 4.932149862737977841e-01 5.489598762521202824e-01
1.413825921797055574e-01 4.781441986827414392e-01 6.014806533861949411e-01 1.570560233667492867e-01 1.825743630565379860e-01 3.948599556858692905e-01
3.198426799148151312e-01 4.588312403214115931e-01 3.147780423601985178e-01 3.444311965722590685e-01 4.427440611741986776e-01 5.090643422732309409e-01
8.012300289241934825e-01 3.547242913349458737e-01 8.072717029002862699e-02 8.348742187954485416e-01 4.104705792989867819e-01 9.171406085848832213e-01
4.815322555022358286e-01 7.581535799857875846e-01 3.450297307783749545e-01 8.609391050413250923e-01 8.704514078346600181e-01 6.690218551987152651e-01
6.628880624328001847e-01 4.563423217594647641e-01 5.014566263954753911e-01 5.034818220883607864e-01 6.737127666733325748e-01 2.983612390493939337e-01
3.421486120142619436e-01 5.833455275779866334e-01 1.742304957879542981e-01 2.820171262137591839e-01 6.274957276169015330e-01 9.084883772201007845e-01
7.903905661477245159e-01 3.158317706841768935e-01 7.080869494780898110e-01 8.944636941887438297e-01 4.299518532643700763e-01 2.479436956999384323e-01
1.644977610761471920e-01 3.762710687806114507e-02 6.145555361638048719e-01 4.587882072664797306e-01 2.872735352431017297e-01 3.243098673448450899e-03
1.394428795735550841e-01 9.264608439640803494e-01 5.998250700881886388e-01 6.116964954417198896e-01 5.455839644614075556e-01 4.892134703843850629e-01
4.655746445332530348e-01 4.895673741524345091e-01 8.019969436442115907e-01 3.489705035462975502e-02 5.224132686301680151e-01 6.372952617830828226e-01
1.377995185659662003e-01 1.008580902239801860e-02 1.385034724557414054e-01 5.719195515848696232e-02 1.306859029344075752e-02 2.032005692707415379e-01
2.534659378891129800e-01 2.179306454340401711e-01 3.516595357854466197e-01 9.348781919106841087e-02 3.925341177928554637e-01 4.116971766977927105e-01
1.242511271839757681e-01 8.042628264642576186e-02 5.726530123482925089e-02 6.251865066587924957e-02 2.521032925422732607e-01 4.004915628162710739e-01
9.537510394267338931e-01 5.409092507698366470e-01 6.206716593180819919e-01 8.001547062303870916e-01 3.184059980599445727e-01 4.639044347474060026e-01
1.057637536985749915e-01 5.932133389784568500e-01 3.208330006249427435e-01 4.462937405332922935e-01 3.952960906942230568e-01 1.760600678381929809e-02
9.377396672621172158e-01 9.294232194493182719e-01 9.639364656907946083e-01 4.325797548517584801e-02 7.778484960787355185e-01 6.858957424128402369e-01
8.744656467962896862e-01 8.321501890615438934e-02 7.815814931269734478e-01 9.297067981678992510e-01 9.577952802332668769e-01 1.239090200260467289e-01
6.421681188010635033e-01 7.523930028414936855e-01 9.477072960754199249e-01 5.109967822209000587e-01 9.743720004356456466e-01 3.866219904017821341e-01
2.809510192770915959e-01 6.588566672744991526e-02 6.470589180491994608e-01 2.604112960398197174e-02 1.474429794380636982e-01 6.386992863527590769e-01
6.982412631072646425e-01 1.381236051129890730e-01 4.337417003643255220e-01 2.675293928477913141e-01 1.250437632560540413e-01 8.027153329333539533e-01
3.023076517059404833e-01 2.587235176748807763e-01 8.555968703762256711e-01 6.843881565146148205e-01 4.928958823023120162e-01 3.566214807884521276e-01
9.745886959507011893e-01 6.696993253871567076e-01 9.972077327044209794e-01 7.589116147719323635e-01 9.990543730247678500e-01 2.434588921885342816e-01
8.995371056945171695e-01 1.816560486238983363e-01 9.333837314079819203e-01 8.600295283831655979e-01 9.433177683936938562e-01 7.737290827492641077e-01
3.782326349814650601e-02 1.522325230194235546e-01 3.749772347957005536e-01 5.857987934723496437e-02 8.453450216328334266e-02 3.249117491120558435e-03
6.017819767276672005e-01 9.816998873287603455e-01 4.107634670069671423e-01 8.903416502289474010e-01 9.710550325730193943e-01 3.568011880670143299e-01
1.732631445809612591e-01 3.477441579830049534e-01 5.610251390755629508e-01 4.423306931275874376e-01 1.106369355406995325e-01 1.433052167061555082e-01
7.820586218624225872e-01 9.559694594567994530e-01 2.717298399882576709e-01 7.175587001256644726e-02 5.764786648296601479e-01 4.393718218517175811e-01
3.400389424139948491e-01 5.995034481768229950e-01 3.238684747781759854e-01 8.882975378073751926e-01 8.618389769374219522e-01 2.670123292931599890e-01
5.294174899189827560e-02 9.456900138581386672e-01 5.188797547833984281e-01 9.649978189263492823e-01 8.646166833844075583e-01 9.473897566554014826e-01
4.191403047318764674e-01 4.093762977894231381e-01 3.043759973271436547e-01 4.823917499743402004e-02 2.953634395977547400e-01 4.141300428175859749e-01
5.989040935312682779e-01 3.088842057300936750e-01 8.369409799341626099e-02 3.741998714394867420e-02 5.109631158735008505e-01 2.131485664417444859e-01
5.497932191070732388e-01 7.960550662228510488e-02 8.565022353225392182e-01 5.343216194305568933e-01 3.925264747160858159e-01 5.657315828612019537e-01
2.550268003921976057e-01 9.095342731791983271e-01 1.132208998739930028e-01 5.664856906514614820e-01 6.353910657528949457e-01 8.296001328306410461e-01
4.513995764867063665e-01 2.365836446793044279e-01 4.907137312531184570e-01 3.484083290677517653e-01 7.516981287335108286e-01 9.661956134493839832e-01
7.218147727150370230e-01 8.501407061634651541e-01 1.113557982428191456e-01 9.681965620256960392e-01 8.797759403405887024e-01 7.130961561156110018e-02
3.216114215546547750e-02 7.173147899231872848e-02 8.422162304895525198e-01 1.543591716326773167e-01 6.248434204719303109e-01 9.398337360941512175e-01
4.396774155113718913e-02 1.300276150423858301e-01 2.852452719366455058e-01 3.071374960709363222e-01 7.498834262059115296e-01 2.332982699121353976e-01
5.286737679162624159e-01 5.027344198680275822e-01 4.703504673069244246e-01 8.133564726449549198e-02 1.318474953339829892e-01 4.819436497805633102e-01
9.463724147757838212e-01 9.884055673028883104e-01 7.346350593470146739e-01 9.822254064492881298e-01 8.509450762481162167e-01 9.957375906526428899e-01
7.635523159786593572e-01 7.631145143882211990e-01 7.536502885411900943e-01 9.257355160079896450e-01 8.514758676126359394e-01 6.279240326562799401e-01
5.533610644700002190e-01 2.055366093124553484e-01 6.203754142788029391e-01 8.396893991157412529e-01 9.773711689201819430e-01 9.365292981315296306e-01
7.381532685216688483e-01 9.331417451763792670e-01 9.712178276244628483e-01 7.069548917934298515e-02 8.609625093732033996e-01 7.117696532992745517e-01
7.505002833289073916e-01 6.236733356012303942e-01 7.359408332333489122e-01 3.002748778089880943e-01 4.603543834695510983e-01 8.111312166519270006e-01
7.165673587856118409e-01 3.663782354196765123e-01 5.583104725419259923e-02 9.256880481261759996e-01 9.845420707435215135e-02 2.506011250156386927e-01
7.023119338042280724e-01 1.339039804829179892e-01 7.206557885306937028e-02 3.648720164783298969e-01 7.101545355413618754e-02 5.516068144677225282e-01
2.886015815322800493e-01 1.586037605173230558e-01 7.659642642023557491e-01 4.309325166977941990e-01 9.903755061566335005e-01 7.447308493740573132e-01
8.688622252432289805e-01 1.514261702438917667e-01 6.123507359401701988e-01 8.734840205870568752e-01 6.602866128852304950e-01 2.701414689636731647e-02
6.071508433637978763e-02 1.748251219248362354e-01 2.425977692329515101e-01 4.875320887658745050e-01 1.676651002379184879e-02 5.089355277885760920e-01
6.961674201518116556e-01 1.767584472695647377e-02 8.630854762724871065e-01 1.685554599389433861e-01 2.888409579554254147e-01 5.270034633712341599e-01
5.452838538086215436e-01 4.464171289348043969e-01 4.142154833749515652e-01 4.232446588575839996e-01 4.725691105791915425e-01 1.550468031253716406e-01
2.097723178717796344e-01 3.263660320807522663e-01 6.579960373826724274e-01 2.259137043729424477e-01 5.045954538298682568e-01 6.648388251306674990e-01
2.517675586535194077e-01 1.070620688564224848e-01 7.263013952397747719e-01 8.051006319001317024e-01 6.409834365391041677e-01 7.471152694927355453e-01
6.610658022392886801e-01 4.658618728499436812e-01 6.118737295297814738e-01 2.954253896605223417e-01 3.221773807196039452e-01 3.348349387677246880e-01
8.385541823456551525e-01 4.627324533147166852e-01 1.910381721071321426e-01 2.717356681823730469e-01 3.792876216645624798e-01 5.591365040547107146e-01
9.440833213461545803e-01 1.685623957094405934e-01 6.301132735979116939e-01 8.889702351298183203e-01 2.950858808494579710e-01 6.799611732801230657e-01
1.031276508571213751e-01 5.079357536630629832e-01 2.624641058551832606e-01 8.193192845210433006e-01 3.788082587020846215e-01 8.409805453288987653e-01
9.082076258377448363e-01 7.884449235628336883e-01 4.818421285916559826e-01 9.886838232632726431e-01 9.744999004906385043e-01 3.823504508722386785e-01
5.824427711442796696e-01 4.301014937720840786e-02 1.048355024866798046e-01 4.229995105415582657e-01 4.815054282383053330e-01 2.426345728076903241e-01
9.141663064740189470e-02 7.703385193078781112e-01 9.085198329937230755e-01 5.516001370269805193e-01 9.697552932087503130e-01 9.500368861382798569e-01
7.626391402410306330e-01 7.404808464377620192e-01 2.736544531178660700e-01 4.518566250335425138e-01 8.706181266628354454e-01 8.567114902507220187e-01
5.423434770295422203e-01 9.238079315375584688e-01 3.639028006919468039e-01 2.734066734556108713e-01 6.991223573589365747e-01 9.702640816905487853e-01
5.101003268784559674e-01 4.959838974142763424e-01 5.001504899812417859e-01 8.958156513981521130e-01 8.075072460578687217e-01 7.797220010695988801e-01
9.517029178160708591e-01 9.454029181280488858e-01 6.204492453273393604e-01 9.063940043561160564e-01 4.113347507994107866e-01 9.716465580401391078e-01
8.214419935180333754e-01 9.272723441538067712e-01 5.192221214334756009e-03 4.411436636000871658e-01 2.826351636319986427e-01 2.859544582971492721e-01
5.591867852387664151e-01 9.309553450187273427e-01 8.326011441916357780e-01 4.517379885073751211e-01 2.443057828711741042e-01 7.890012517900103495e-01
9.807479834271450869e-01 8.024174449682712762e-01 8.688211859053266428e-01 4.766954970546066761e-01 7.247031926830108661e-01 5.576944150803623268e-01
3.026170250054758815e-01 5.215050177455592406e-01 4.142241935403015995e-01 8.193452393170446157e-01 1.897513661318649125e-02 8.761473641711096938e-02
9.605975524359279261e-01 8.927700307475765484e-01 9.510687952533105616e-01 8.623918271623551846e-01 1.696678492764131796e-01 8.621352162757924820e-01
7.208512128968456167e-01 1.164254137360844557e-02 6.351732473065028195e-01 8.270617725793272257e-01 2.776139205067182925e-01 4.028697358769789960e-01
3.847997442623173753e-02 2.968202741199960637e-01 7.512617479945268295e-01 3.161883733700960875e-01 5.307633727403839874e-01 9.071323140651879058e-01
9.620328881881212713e-01 1.114812135929288267e-01 4.327746617570629173e-01 7.483278990257531404e-01 4.735136082143745484e-02 1.425945241914950146e-01
6.644652666018143750e-01 6.047142183647549185e-01 5.733265602038843944e-01 5.765058663673698902e-01 5.690387262132615698e-01 2.076087341863957492e-01
9.196018402824382987e-01 9.977384438439184100e-01 5.440994602697588611e-01 9.958368178922683001e-01 9.243538090623426573e-01 9.927015282207096725e-01
6.574299084273681204e-02 2.747538691811280409e-01 3.727827545200339543e-01 9.486547505948692560e-01 6.141984103829480901e-01 6.729788966432649344e-01
7.313153966326560451e-02 8.826038037305032613e-02 9.167579731946221555e-01 5.667926697060465813e-01 3.458187666780802583e-01 3.485123219011223017e-01
1.787299751116009638e-01 6.529838630780226971e-01 5.395137059064002427e-01 8.685752346646040678e-01 3.974254115133282750e-01 5.968927289343267661e-01
7.301735407844653358e-02 3.898504488803875567e-01 3.287757889661854227e-01 4.490870079025626183e-01 1.822436029673217828e-01 6.881497212388491824e-02
1.344680121842990461e-01 4.305892434637217381e-01 6.159503875890448565e-01 8.026693293359130621e-01 8.197850347592834375e-01 9.512451455947576462e-02
2.390076870146951027e-01 2.298766579597385229e-01 6.054536155959324706e-01 7.583912357222288847e-01 1.440003175143177716e-01 2.345846858384052769e-01
3.250070492071131523e-01 8.973189767706467590e-01 8.139740511842105120e-01 4.164909124374389648e-01 1.802943540821881352e-01 8.157259655261093201e-01
8.482126725875631656e-01 6.075829877706415694e-01 9.229351634936171500e-01 9.025085084140300751e-01 9.797762694767486735e-01 8.462727728443857345e-01
8.602464805873033526e-01 4.573381019257173330e-01 2.845704633873880063e-01 4.533706647343933582e-01 7.362814599511452451e-01 2.468646291291331230e-01
9.524616369088616530e-01 1.315274611519436643e-01 5.581409121256200034e-01 4.385865081567317247e-01 8.518398820623038770e-01 4.518748359777567392e-01
7.445286163402854429e-01 8.448427025670446344e-01 9.862547808233732560e-01 9.354930189438164234e-01 9.466772854684502025e-01 4.391182270989870684e-01
3.606870865438900342e-01 8.385230558967967859e-03 9.112111743662668073e-02 6.101651797071099281e-01 4.114115173745928611e-01 2.956732023982596713e-01
8.967123188081354002e-01 6.915100696257803214e-01 3.234305885061771191e-01 9.163129916414618492e-01 9.429299977688379020e-01 7.679297303916130524e-01
4.362480883710704443e-02 5.995456071289719802e-01 8.904403189884503300e-01 7.806661399081349373e-01 5.143703743074452550e-01 4.946127547296518268e-01
8.886036493942166548e-01 7.002929045358768922e-01 7.648998373952855534e-01 7.745818002149462700e-01 6.664624593314923962e-01 5.789425739674385341e-01
2.643423479443767210e-01 3.672399980085245819e-01 1.179697421652265571e-02 4.645542337093502283e-01 2.115346935919067139e-01 7.379068376010315955e-01
1.331309964194593749e-02 7.766136450112735012e-01 5.838129417851048997e-01 1.238206105772405863e-01 1.172381735636309485e-01 3.332164704336495337e-02
7.896777361238667137e-01 2.130832199347091616e-01 6.383297242720262776e-01 3.760371184907853603e-01 9.213706816591046289e-01 2.160001628477445645e-01
7.550240910066275957e-01 8.929101836271234882e-01 6.658300577111273544e-01 4.570924213621765375e-01 9.659443148646515986e-01 7.768330013060497086e-01
9.639695029796505610e-01 6.150807366489491335e-01 6.446270981955027901e-01 3.780407079029828310e-01 9.711974443149850034e-01 3.083652051908339908e-01
2.021963569254464077e-01 4.954060091716130931e-01 8.439327899476025685e-01 1.314218761399388313e-02 4.563011274930428574e-01 3.708841805183889506e-01
7.257821968474329477e-01 1.414706846515692007e-01 7.859780587444883393e-01 5.360335218720138073e-01 6.657605591404598400e-01 7.952191337382055192e-01
9.191056890510649335e-01 2.337631193243012301e-02 1.339860150479381118e-01 6.037551083136349916e-01 8.873160163014863766e-01 1.507620767631605851e-01
6.735298679609642847e-02 5.111063247086191641e-01 1.065235068698542065e-01 5.377379064448177814e-01 1.579491798062813701e-01 3.141030271625466774e-01
8.423492332647275482e-01 9.559037938369245868e-01 6.942539112681292979e-01 8.569170173723250628e-01 9.407164374510064153e-01 9.680640666756696877e-01
4.030738286351469024e-01 7.484470179623400332e-01 8.930913484838847172e-01 3.997188098728656769e-01 5.280869950633615417e-01 5.244055512098427796e-01
5.134130104889488289e-01 8.842804599677474009e-01 8.338798456025560135e-01 6.563717417884618044e-01 8.071439306011592985e-01 6.267586251044453549e-01
9.139707885569769985e-01 8.356599261349071384e-01 7.262214219395255466e-01 7.433553377632051706e-01 8.048823198720004291e-01 6.640225840906198718e-01
4.344414113738017669e-01 7.637816533825042553e-01 2.852596117949221521e-01 2.917803472373634577e-01 6.366536143377735657e-01 8.183253156363814451e-01
6.224075844108053479e-01 3.812822873765185361e-01 7.607735061444823588e-01 6.185046723112463951e-02 6.180771953890147330e-01 5.995763908132183406e-01
7.266609933976901914e-01 9.843158488214865942e-01 7.465683347956698634e-01 8.823614660650491714e-01 1.983101573002246931e-01 9.843903150248051181e-01
8.989095990733311226e-01 9.167135740777498931e-02 7.592049452247677799e-01 2.147832396440207958e-01 3.922672195149527474e-01 7.845974037922348598e-01
8.973001688752050287e-01 6.929513553259256109e-02 9.630241597495206030e-01 3.349085010122507811e-01 7.842876156749587491e-01 5.023463715735454471e-01
4.906799386441330069e-01 1.752897756550191311e-01 4.096672718306869632e-01 4.019820818211883307e-01 6.731798129162918087e-01 4.799043024899775078e-01
4.717360150800012364e-02 3.227576417191502234e-01 6.907981336285251572e-01 2.236196431331336498e-01 8.604608728887063185e-01 6.355467912326558944e-01
3.657058133573016234e-01 2.098179307718722186e-01 5.184569796521809604e-01 6.371842450462281704e-01 1.368282832922560477e-01 2.273869295061421436e-01
1.858941204617203802e-01 9.905896942011427342e-01 2.052114547793117416e-01 1.130538599099963903e-01 9.904039775961260839e-01 9.955531586951705814e-01
5.636723556286461490e-01 9.942049335361942131e-01 9.957715425541487919e-01 9.890563832595944405e-01 2.637233454408374408e-02 7.637551603275427592e-01
5.930308244097710901e-02 8.823436299864552135e-01 9.761168161563534840e-01 9.384342967532575130e-01 9.357260686949824269e-01 1.353572593525763541e-02
7.867718499889108097e-01 6.535690664203057665e-01 5.706462396310659768e-01 8.784313874784857035e-01 5.659839490476146207e-01 8.369159509559278565e-01
6.952584158069599063e-01 6.652041893795541672e-01 8.201284876152468151e-01 6.635289585683494806e-01 3.375728422003431706e-01 5.291071574615937578e-01
4.117501590093204378e-01 8.380378018439255117e-01 1.950571746081171398e-01 3.132602083496749401e-01 5.322309189875981117e-01 7.742957336775460053e-01
3.181963845292877235e-01 3.696695038433511216e-01 5.571409366095148030e-01 9.239268675446510315e-02 5.293307444701775832e-01 7.034256637374274312e-01
2.923855273008733047e-01 2.499132608010108392e-01 1.979407904259952722e-01 7.863353532738983631e-01 5.358766554335112620e-01 3.440619380009457551e-01
8.469161092047482187e-02 9.117577994055971191e-02 1.683622307840906551e-01 4.285888080485165119e-01 4.251261503979234663e-02 6.033441636605870739e-01
9.211931168104660062e-01 7.546603537811286122e-01 8.999072943264107005e-01 8.071253383532166481e-01 8.661879649353225741e-01 5.499275958386456997e-01
8.324693376600461603e-01 9.531720486572621276e-01 3.931905450303069260e-01 8.526348376180976629e-01 2.138256951419194030e-01 9.697070305785765454e-01
2.881311962745628993e-03 4.042789675441684771e-01 8.654610371678987946e-01 3.356510540470480919e-02 4.751670706303997571e-01 4.824424644071663715e-01
6.778791931813420435e-01 5.868836494297866579e-01 5.701732277979187913e-01 2.964765469077974558e-01 1.324477004265986191e-01 6.013358594149017522e-01
8.640637667003501221e-01 3.388077491212593273e-01 8.139180975398605522e-01 2.930597488302737474e-01 6.137810155830460968e-01 9.351492772189909375e-02
1.916992895044473608e-02 3.651106062941997243e-01 3.305885897943758311e-01 5.742870075628161430e-01 5.092461077720539242e-01 5.083309013019430278e-01
3.172859987967950879e-01 3.479449765489882607e-01 8.386062572365725609e-01 5.448085309471935034e-01 2.423474292835812449e-01 2.499852252221463067e-01
6.526710388829057852e-01 8.484173066211123659e-01 5.109516429485224664e-01 8.669551908969879150e-01 1.565591500362732702e-01 4.380090061246922351e-01
4.941554547752233795e-01 3.435097811086942343e-01 6.143407617215993488e-01 6.531643918715417385e-01 5.041641527219697938e-01 8.417830016890827105e-01
9.804287287622148739e-01 9.844703050180939607e-01 3.104035482321229611e-01 1.038687319960445166e-01 8.475254695093806800e-01 1.119163711319404314e-01
8.613879042523526763e-01 9.309521494091851368e-01 6.243435724058588043e-01 6.413984142709523439e-01 3.918168484420225250e-01 9.047883280271330486e-01
9.769630232135652070e-01 5.781056247232907452e-01 8.990738735681065297e-01 4.610623295884579420e-01 5.984043867412170981e-01 6.219291922514664783e-01
7.328754000330088836e-01 6.813612641191729713e-02 5.199160439891469254e-01 5.329989432357251644e-02 8.198439550693392697e-02 5.665323929493527172e-02
2.613312210942541070e-01 8.822082323788213998e-01 8.732579473881550980e-01 7.834131410345435143e-01 7.643119217379281682e-01 9.122979064366012469e-01
3.784748209178951939e-01 9.196642711741481735e-01 6.886271162145704006e-01 9.111923163291066885e-01 8.739971248872460130e-01 6.218468278558928475e-01
5.787742886424908362e-02 3.751092235420918075e-01 9.343101834947852291e-01 7.107724689412862062e-01 2.919038487316975017e-01 6.895163584094451403e-01
8.419495601731437073e-01 3.517169883933667363e-01 8.243187670330985872e-01 4.393285675905644894e-02 2.982030000543434145e-01 2.000205749435846059e-01
8.128204126113400818e-01 8.347542881522888036e-01 3.995445485336814873e-01 5.137123249005526304e-01 8.592325186134606163e-01 5.230504284965834527e-01
7.866276796663508319e-01 2.216776934637511576e-01 6.567693328006749542e-01 3.554309403989464045e-01 2.010565539100628643e-02 8.136999358094173518e-01
2.188345539171114296e-01 3.085702190542881015e-02 3.168705376731742462e-02 9.043214935809373856e-02 4.702758737091971009e-01 3.635428419853819482e-01
2.756151723830450595e-01 6.619889429310347184e-01 2.505706548883385731e-01 4.368252167478203773e-02 1.898670666082804825e-01 7.197213896974091751e-01
3.490729929133258858e-01 7.677703861732063650e-01 6.823359151917759435e-01 1.354854169767349958e-01 3.774902156143719045e-01 3.462533111227795168e-01
4.837596550430918185e-01 8.738012502737888543e-01 7.764143593136541011e-01 8.083295053802430630e-01 3.998796906176338428e-01 8.076487826947186255e-01
3.132927721360668216e-01 8.668874421359075155e-01 1.240257841430582875e-01 7.659502080641686916e-01 1.968890218005801551e-01 8.082291150575926508e-01
6.266004202810862012e-01 8.162258290175069542e-01 3.481002954496290047e-02 7.641679444350302219e-01 7.337842070968575436e-01 2.836755215762918336e-01
8.161840043637540454e-01 8.075570814199344305e-01 7.598725000648882677e-01 1.256824911106377840e-01 4.179471637940088136e-01 6.447437735221421828e-01
8.656943742625917704e-01 7.058909993230612079e-01 7.829156349444482688e-01 3.037935383617877960e-01 5.936221734277432605e-01 5.365900292714436137e-01
4.758232735833654581e-01 3.456791577347650413e-01 4.658500505741905440e-02 5.019452190026640892e-03 3.825149509170847062e-01 2.965781691701276368e-01
1.726753075006626503e-01 9.289505575823277239e-02 9.692267836382849333e-02 7.740566642023622990e-01 6.484535996007586567e-01 6.368772925606376312e-01
8.206944741530592946e-01 8.729620513984558405e-01 9.865653995848812086e-01 8.247636696323752403e-01 6.994826710030623840e-01 9.486657937530895701e-01
6.939726060924611417e-01 1.028135589351906500e-02 1.162305129985556212e-01 1.990731956902891397e-01 1.657820241842391518e-01 2.223051636090844219e-01
6.335611441556199264e-01 9.591118750670735160e-01 2.286629507723703103e-01 6.312216904480010271e-01 8.920913892488190333e-01 8.403511256428657372e-01
5.637139064787274334e-01 5.350471321302955330e-01 8.066662743186531204e-01 5.001180933322757483e-01 4.275832427966206883e-01 1.860637087522027111e-01
4.356241529608430307e-02 3.160135556266159551e-02 6.787658201601015628e-01 3.037563222460448742e-01 3.372812143274088736e-01 3.632638492026639132e-01
2.621244838536683497e-02 6.002285894970337682e-02 1.566402831297862286e-01 1.802321514114737511e-01 4.736640203793944237e-01 4.652056874760598232e-02
8.820818837752358865e-02 8.760267487373362139e-01 8.924823740193610355e-01 2.583279814571142197e-01 7.251102597438339181e-01 9.029862155684844627e-01
7.225762978410489312e-01 4.594212883216363119e-01 7.408039714699089506e-01 8.347950456663966179e-02 4.744939504292558508e-01 3.271975306263487093e-01
5.315807448230983230e-03 7.816507171843626312e-01 5.628873108709034900e-01 7.212273294571787119e-01 4.685703228940074627e-01 3.580669275510200977e-01
9.485157927674123801e-01 7.944447300222875485e-01 8.338591437260499672e-01 8.924236355815082788e-01 3.666464803623493973e-02 5.418682028143184670e-01
2.289935887974773043e-01 5.378692147187889017e-01 3.535838454934527864e-01 4.919466394931077957e-01 8.009528138972938915e-01 1.867878937015579888e-01
5.144228093237387389e-01 5.215223696272626164e-01 3.053163797720235273e-01 7.379692320246249437e-01 6.469612507938014012e-01 5.461176649856820386e-01
1.796054589572863291e-01 7.925746702320604076e-01 8.884516075385907596e-01 7.369983489625155926e-01 5.677451375725043325e-01 1.208374487127520658e-01
3.977741653877447381e-01 6.148750506003446137e-02 5.080038257725739276e-02 5.965267682913690805e-01 5.581508108303947502e-01 5.230751823078179097e-01
1.124800083900148184e-01 3.276152591504716827e-01 4.964484444174043637e-02 5.749771138653159142e-02 2.950795896312790045e-01 2.997706213003264453e-01
4.586414463886522297e-01 9.483539266515689237e-01 4.162532243127806675e-01 6.005745844449847937e-01 9.253905717888125659e-01 8.625682854594538540e-01
8.489063562584755473e-01 9.635098005997912995e-01 6.960537403904912823e-01 7.827977084089070559e-01 9.713479699322336014e-01 7.958857022054338648e-01
3.825787709304604434e-01 6.357290231060165331e-01 4.489743174585342778e-01 2.676373457070440054e-01 8.783116087517489623e-01 3.625789422686862551e-01
2.837034657740881705e-01 3.483132358711826249e-01 2.638677016736072911e-01 6.205504550598561764e-02 2.069683934327835872e-02 4.591608538329927103e-01
2.263154115075711736e-01 6.245838520274804573e-01 1.733832045848417436e-01 3.668191684409976006e-01 7.791444200983745905e-01 7.481348287896045779e-01
5.177233935890925703e-02 3.490610897049117867e-01 7.365541356881764035e-01 5.357577139511704445e-01 3.412133675420017109e-01 3.573645769830889329e-01
7.038655171470968863e-01 9.032558697412356175e-01 6.586881413010119424e-01 8.451256025582551956e-01 8.861408761991644845e-01 9.877968979193912924e-01
6.766077989322561922e-03 8.953726010702944826e-02 5.190976810958982668e-01 3.407625530380755663e-01 3.324475383159580244e-01 2.534238443454934764e-01
1.015313347571319275e-01 7.228347496388669580e-01 4.490129968454363296e-01 1.046055373735725880e-01 3.202540040056980342e-01 1.297165804542215195e-01
4.709544589075281840e-01 4.690858134931982781e-01 2.524623886745047674e-01 7.936505801044404507e-01 1.646736049168960325e-01 5.378754833976113758e-01
5.446044656058418587e-01 2.047530156932913376e-02 4.185535732772360795e-01 4.932348579168319702e-01 7.123443378427628536e-01 8.285555884321031961e-01
5.854313360820931900e-01 4.281855516941562856e-02 6.915261710232847303e-01 3.395021690521389246e-01 4.604916382636214944e-01 3.520895703284103451e-02
3.143305282743226736e-01 8.875099634740174492e-02 2.335627448460819711e-02 3.229151037521660328e-02 1.425190670864902587e-01 1.623604889584922828e-01
9.609042398225604575e-01 7.150696860460561410e-01 9.932387146912655673e-01 9.584911628626286983e-01 7.279438593658311696e-01 9.640554977488324795e-01
3.134301388219715157e-01 9.243241587361186729e-03 2.185294489756961847e-02 5.746990465559065342e-02 5.617522646923920338e-01 4.725304498605821394e-04
7.044103130531264023e-01 2.959205910490918245e-02 4.095151592975838917e-02 4.120255010202527046e-01 4.200863255896024606e-01 5.786170276977605775e-01
2.243473706738816353e-01 6.615762506399456289e-01 6.916424049710839794e-01 1.312559111975133419e-01 1.078437291942265924e-01 5.912587829044565479e-01
2.496146681421220759e-01 2.337356413945867462e-01 2.970928777043214120e-01 7.626874563284218311e-01 2.292529695603275353e-01 6.739955059862517972e-01
3.583767681056716503e-01 6.374421608765432623e-01 5.633526957419661141e-01 8.672213838435709476e-01 8.981840910795123589e-01 8.690833066054803879e-01
5.040114365097136256e-02 1.987086709134421869e-01 3.128217529812258868e-01 3.587935585528612137e-03 3.342672384866080537e-01 7.705487835637241378e-01
2.916439376231517566e-03 1.711724590912780484e-03 5.872174855343165190e-01 3.665031066630035639e-01 3.793732645392929315e-01 6.576914742976272543e-02
2.675692069551715013e-01 1.056908147402114452e-02 6.503433854330044339e-02 1.374466046690940857e-01 3.172644288147158931e-01 5.009410469216660777e-01
5.155338443682704330e-01 9.262496094593156495e-03 8.739806076029729698e-02 6.206497796811163425e-01 1.800391280553811230e-02 3.246827465697558757e-01
9.896832912012268890e-01 3.934735030562483971e-01 9.531292397223829482e-01 8.274295418523252010e-01 5.267321305519084840e-01 1.820621459135099429e-01
6.076827349618202367e-01 6.737851331915446496e-01 7.585825551160541025e-01 2.343542920425534248e-01 1.932720200366147556e-01 8.181568446428608699e-01
1.884753452553628028e-01 6.413723794744243811e-01 3.500546584542632567e-01 6.281200773082673550e-01 2.513966430981100508e-01 9.085313040585761835e-01
9.421171467701908719e-01 8.829109055560763197e-01 7.929869039293139243e-01 8.637189560104161501e-01 8.204255276461894786e-01 9.742269448708794632e-01
8.193649571506672613e-01 4.733950519271458157e-01 5.427754259561604622e-01 3.862913902848958969e-01 1.993800268553411748e-01 3.618373055291618234e-02
5.204314614866266675e-01 4.901024533712038389e-01 2.842754790300907608e-01 9.248980509582906961e-01 8.520928914336449722e-01 4.027619952664616143e-01
9.537299173029401000e-01 8.801418408595426124e-01 3.449678606798238789e-01 8.056485874112695456e-01 8.417818138327354260e-01 9.608873335490218659e-02
7.571088172966241592e-01 5.354080411856781962e-01 6.366155854291258853e-01 5.895732231438159943e-01 7.592157874007138263e-01 4.550517501876981119e-01
8.664844629337933313e-01 2.760407717319570131e-01 5.704994720416779463e-01 6.809347248636186123e-01 4.887203211480309339e-01 4.992438934715633381e-01
2.307250406713047819e-01 2.637657770958721781e-01 8.279232697797002105e-01 1.297133795451372862e-01 1.716883506321586692e-02 4.867854386535758193e-01
9.852121375943708737e-01 9.343319756107982821e-01 8.583871421750668418e-01 9.961960173677653074e-01 4.961688072296091545e-01 9.788647555827182378e-01
3.598734667565283152e-01 6.458569165421493841e-01 1.774011149191395964e-01 3.548889497760683298e-01 5.037494763781324991e-01 3.546692310588226982e-01
7.112927766818342157e-01 2.874848916804325638e-01 4.981235984475030354e-01 6.219851928763091564e-01 7.520406423722800771e-01 3.638677248593036873e-01
7.064172705531784890e-01 2.953869657927327141e-01 9.776010621455654137e-01 1.476509049534797668e-01 7.085937210740899106e-01 9.912026584922628558e-02
4.219880767459363025e-01 7.824717283691079439e-02 7.156793277102381223e-01 7.952998250257223845e-01 4.051400533220252953e-01 9.820209685072786021e-01
3.053835856561788464e-01 4.636331588801104742e-01 2.281192262480410127e-01 5.609049999620765448e-01 7.791128757271079674e-01 2.385407033107121433e-01
4.151771214715523767e-02 2.907739084906672544e-01 2.932475957813190370e-01 6.670901691541075706e-02 4.346220878467452753e-01 1.388088581667282495e-01
8.438781736787078769e-01 8.021387003620916722e-01 6.209203951448132308e-01 1.319627882912755013e-01 2.453614410890037623e-01 5.763985762641623545e-01
5.085664404350441758e-01 6.389114334525808347e-01 3.248495028335084966e-01 7.099623971153050661e-01 7.234994543078361318e-01 4.845258622453277320e-01
1.103582080275882470e-02 2.288911543067128906e-01 5.138962986327487714e-01 5.128918699920177460e-01 4.302153520371624351e-01 3.098791272748427916e-01
1.823245533204855273e-01 2.151873776758522760e-01 1.914375854385936826e-01 2.102496717125177383e-01 3.583285597480658224e-01 5.264834348231000050e-01
3.053031225631139822e-01 2.968361844662616433e-01 8.936165320245339494e-01 3.004177454859018326e-01 6.589305840636867639e-01 1.994023341523228077e-01
3.977369083926137194e-01 2.928194793184927258e-01 9.185481288551895496e-01 5.098624178208410740e-02 9.671311152840714742e-01 1.776053917966497753e-01
1.916691499747241179e-01 6.044710364762471144e-01 5.518991343109787007e-01 1.302937492728233337e-01 2.077305270470026360e-02 9.436951648392084557e-01
7.537105657181857044e-02 8.071065320462953441e-01 1.063288379096057924e-02 1.853544721379876137e-01 1.289594952039760933e-01 1.312376091152068769e-01
9.716574025475896992e-01 1.593958209588328123e-01 9.309462715303259417e-01 1.642468890640884638e-01 4.814036521310970373e-01 1.405957263957401115e-01
3.352510678485876028e-01 2.609864235721769468e-02 7.135213746817465896e-01 8.990371068939566612e-01 5.292798803755134340e-01 8.101662636900635039e-01
9.511367046178787962e-03 5.738560032044782711e-01 5.829433682235531933e-01 4.786917180754244328e-01 3.277174019674004013e-01 6.032162106889249475e-01
3.475159351884465897e-01 7.685502989182230182e-01 8.999887979272124250e-01 7.334974817931652069e-01 7.735153749075165397e-01 9.535049858184342642e-02
6.852563769451391895e-02 1.811970001146791798e-01 4.424059622831882921e-02 5.217985867056995630e-01 4.743926790424428108e-01 5.494090978897344657e-01
4.615766423885337977e-01 6.711003452962746585e-02 2.824627813399056483e-02 5.912770756985992193e-01 3.832178561942165551e-01 1.371879094812462896e-01
7.429620845382531868e-01 8.956953987141197393e-02 6.045711172050564075e-01 8.849208219908177853e-01 5.692655760837757040e-01 2.317869488816932944e-01
6.553508444418658652e-01 7.588533814379693210e-01 7.949937307717680479e-01 8.747946762014180422e-01 1.776524304929078812e-01 9.785564953751519912e-01
6.526624841835174662e-01 4.298178752329881447e-01 1.590246562251177997e-01 7.056896595750004053e-01 1.611667845195443316e-01 5.012056404152263056e-01
6.396547553176415990e-01 6.353097790965110958e-01 6.394260663633234421e-01 1.734854653477668762e-02 5.782740275845426048e-01 6.339281873686384294e-01
7.671252072561647317e-01 8.305250293379207172e-02 5.237806684025620996e-01 1.489545661024749279e-02 8.371531532243479956e-02 5.741612098494622840e-01
7.241166676794920098e-01 3.247405369698784239e-01 5.799912589075306713e-01 4.471062791999429464e-01 2.855363802440147869e-01 9.521138954080993200e-01
8.344426959357102713e-02 8.639466525792903751e-01 4.861748999604699195e-01 5.339830941520631313e-01 9.010764076267961664e-02 8.762591791154351606e-01
5.814845726028908812e-01 9.536172178348228945e-01 9.764108714599366579e-01 9.597523703705519438e-01 4.940547453229199859e-01 9.291267212249664231e-01
9.904036333250332280e-01 9.936464981156825083e-01 9.870422973670259781e-01 9.181261488702148199e-01 8.996387425587899500e-01 9.619889724444460333e-01
6.733411875652982326e-03 9.008118309215109587e-01 8.804151546072645773e-02 2.644491451792418957e-01 8.128785840999086520e-01 4.156344223542552396e-01
1.982432014062645437e-02 7.474452199641888894e-01 7.538187360100675471e-01 2.790114544332027435e-01 7.447383982109014866e-01 5.868081157437080725e-02
4.567476302972228175e-01 7.925949216528567209e-01 6.937969069440024228e-01 6.836636688094586134e-01 4.185319906071376383e-01 6.514899900255022303e-01
7.236963107360868674e-01 2.396373131248682731e-01 2.952236311199479823e-01 6.967325638979673386e-01 4.386233434657392238e-01 3.044320127424956501e-01
7.739503819174308186e-01 5.301670984743973580e-01 9.249459422414901821e-01 9.441810438875108957e-01 4.559442085005057099e-01 9.600918163071421318e-01
3.640600146538185977e-01 8.184935576685261616e-01 8.068979052186588952e-01 3.086505006067454815e-01 8.353514082009053654e-01 1.079332840448488651e-01
9.005551400823860186e-01 8.741596941014655453e-01 1.734843887174141730e-01 7.465361237991601229e-01 7.779427650737675837e-01 3.408272926001780223e-01
7.265260004713103292e-01 6.079602745435328526e-01 7.028434105710921198e-01 7.051714044064283371e-02 9.068724979545524922e-01 6.910830828683321991e-01
4.586282829361214980e-02 5.496232944618104632e-01 5.677387443036371883e-02 6.208977871574461460e-01 1.911604279329387757e-01 8.702918482991711668e-02
1.995356485133600033e-01 7.133146461113989423e-01 3.225289768841588245e-01 2.214197770226746798e-01 3.986502719739378753e-01 1.404183606081802760e-01
9.178796732028550176e-01 6.729347506290478398e-01 9.812590147682308528e-01 8.216761169023811817e-01 2.704659536383093865e-01 9.735968174472289238e-01
7.433104313800831253e-02 5.803812138043272784e-01 6.103648324669102010e-01 2.440170031040906906e-01 2.049778042967844438e-01 7.595599090045531687e-01
6.613449353892815186e-01 5.900592230934816884e-01 6.853398283673071134e-01 1.097819511778652668e-02 5.175803629910075143e-01 6.876770098427650857e-02
8.503944206643705428e-01 2.744863839902603186e-01 7.095303415982474604e-01 2.346927335020154715e-01 4.525526677192135555e-02 4.428189786910859405e-01
9.858445832554731947e-01 9.787459931935664770e-01 9.872477398172637697e-01 9.512777032796293497e-01 9.963108506933667785e-01 4.843725119041873417e-01
1.645829607841006181e-01 3.465116266936110745e-01 6.413034060833072703e-01 3.671196708455681801e-01 9.241453542943686705e-02 4.524765083581494540e-01
3.836440618154419169e-01 9.296099087334330768e-01 7.089998151869448817e-01 3.329502013511955738e-01 2.964336224935200104e-01 7.153300560350410731e-01
9.598469251980569217e-01 9.223113838999715819e-01 5.400701153727333059e-01 5.594641899224370718e-01 6.526735751185763768e-01 9.044692990724411130e-01
9.389726085386797608e-03 1.917737076336138366e-02 5.926650071402305570e-02 6.675632575061172247e-01 2.599979167243139933e-01 1.577452839702010723e-01
6.053948627913977587e-01 9.757202201144720144e-01 9.650799937327253497e-01 5.786640392616391182e-01 5.472716872622835904e-01 9.469151704520152313e-01
5.550585846611578306e-02 4.160580977424975790e-01 3.420211422297438353e-01 4.145763216074556112e-01 6.698711389993898813e-01 3.381136348057575125e-01
1.534957476394242237e-01 6.524456791264664213e-02 8.484795453173921143e-01 4.062282615341246128e-01 2.073817115196551278e-02 6.460232497292256459e-02
5.023082927027261446e-01 1.093253820692052930e-01 8.497822802454070290e-01 4.917554864659905434e-01 3.103679768019734220e-01 6.438490777383687469e-01
3.960487614999347872e-01 5.775359236194538282e-01 8.779160684571601925e-02 1.166596626862883568e-01 3.532649354192408109e-01 7.728695998407184575e-01
7.450052618131540738e-01 7.490639000882749476e-01 3.166108232404645784e-01 8.673235925380140543e-01 4.570595167211691234e-01 4.451948982356708773e-01
8.175053734866757349e-01 9.485275966489102872e-01 8.072885992801447363e-01 1.807233116123825312e-01 7.491888409312353891e-01 3.812559095631958272e-01
4.830941198309118834e-01 3.025348994797519633e-02 4.235569777499790800e-01 1.941615424584597349e-01 5.816252204252282398e-01 6.638957584835160353e-02
1.642783334048801558e-01 1.781173448727171038e-01 9.324173684814356378e-01 1.821329533122479916e-01 8.210368705585909810e-01 2.007142408697347447e-02
7.346101774538750240e-01 1.031665273443266306e-01 5.207585363196947092e-01 3.233047947287559509e-02 4.824446091262573066e-01 2.738439276585535320e-01
7.440862373062324675e-01 9.047671369717059653e-01 9.129287979208307313e-02 6.301774859894067049e-01 7.799154686472269393e-01 8.509545635707693734e-01
7.501935631731544429e-01 5.653193117736201589e-01 6.805331209859734054e-01 5.694009901490062475e-01 7.625188703865567463e-01 2.930481471864616050e-01
7.238255208837423016e-01 6.643412395902722478e-01 1.682274664939279255e-02 5.644938226323574781e-01 5.349569736491227578e-01 4.159851625679211740e-01
4.799744867044460350e-01 2.655414905286729299e-01 1.424677118544951382e-01 1.193071180023252964e-01 1.586468562557193929e-01 1.204817773310212919e-01
3.604920812959953036e-01 1.898493907501379030e-01 3.840444233238201055e-01 2.790799259673804045e-01 3.190778519656005674e-01 6.503643825842108095e-01
3.068913062703594874e-01 7.268312657465399174e-02 2.339096367260911913e-01 7.505179147701710463e-01 1.742044695930573817e-01 4.239187361010538641e-02
1.184018472484807821e-01 3.464073432253106377e-01 4.372031827464318288e-01 8.739974203053861856e-01 4.585003215305337165e-01 3.865994664987923435e-01
3.430359358806666648e-01 4.321663898675570104e-01 2.370986496740035976e-01 6.024343962781131268e-01 1.104451398728559242e-01 3.835154333876422128e-01
5.455956840136687580e-01 8.838462123136748838e-01 5.341393121812565425e-01 6.541657336056232452e-01 8.012301191193718086e-01 8.619358846648097483e-01
6.422722502727965521e-01 5.843065565062220967e-01 9.422959607013887684e-01 6.292194693814963102e-01 2.244835239065675891e-01 4.622169617987615942e-01
5.183703852791421429e-01 9.233850686530503671e-01 8.199721520045840650e-01 9.749956550076603889e-01 9.435926216812593470e-01 3.737511558493494812e-01
8.259440526197127097e-01 8.179099319293714476e-01 1.474182130438884686e-01 7.586365053430199623e-01 7.553764490777590268e-01 2.349843262743058978e-02
7.653553551244746123e-01 4.694250698981982106e-01 7.815180292735719458e-01 8.792402704712003469e-01 5.788154965660121665e-01 8.212592155508033898e-01
2.601590013609321184e-01 1.971566026901441695e-03 6.352088890539123733e-01 3.994706794619560242e-01 4.485723532490979992e-01 2.056803256919437495e-01
8.537609305383573322e-01 2.767105711132671342e-01 8.495814018450864591e-01 3.327437352854758501e-01 5.232129476373962307e-01 1.903288486679313440e-01
1.839507229213700468e-01 5.999226246356776926e-01 9.284031282623793624e-01 6.968711551744490862e-01 8.751893123926486329e-01 8.907916786943065324e-01
5.328448670533120907e-02 1.536104751695082683e-02 8.309596763843224432e-02 7.297445498406887054e-01 1.031130197885445493e-01 1.007947419685720353e-01
8.714113508578027467e-01 7.685999132305137982e-01 6.669750745960223437e-01 5.583347317297011614e-01 4.357399025464865905e-01 5.616627688161592857e-01
5.372903371358379587e-01 9.699540093363414606e-01 8.995987167538750384e-01 7.861545120831578970e-01 7.555765809943953970e-02 8.424581541227381676e-01
4.613464069258939038e-01 3.433259480019200671e-01 1.502057341274070368e-01 9.398457510396838188e-01 9.065009722416772497e-01 5.395648146938633039e-01
3.251203718961863665e-01 9.551241380588658680e-01 3.961200426324156809e-01 9.994757603853940964e-01 6.106731769781742480e-01 4.870736899100944206e-01
5.535791808051164775e-01 9.263603164748446250e-01 2.424334004528185538e-01 6.635902128182351589e-01 5.610625156786559486e-01 7.579954530847576866e-01
6.230711694584280258e-02 4.541844628008294693e-01 2.109785037267240815e-01 5.831659992691129446e-01 4.603237625692245261e-01 3.167291744105203977e-01
3.997481108676351202e-01 9.089818446443210798e-01 3.439184154851583353e-01 2.945699589326977730e-02 7.889192745058952738e-01 8.208826881088968630e-01
5.741301296375578983e-02 6.600736964466960011e-01 4.503322848488043317e-01 1.221248449292033911e-01 5.003163728886101946e-01 4.040525919630679752e-01
1.531625048691989850e-02 9.482053921336972557e-01 1.347423613091405237e-01 6.986714582890272141e-01 6.714483851466614972e-01 2.944892346093521684e-01
5.977081994448004698e-01 7.816080572019252770e-01 2.748538311473517903e-01 8.901019813492894173e-03 3.245243705958057445e-01 2.307652656521938239e-01
2.375769677288505355e-01 9.187740215006777733e-01 8.109525086831966822e-01 7.335991431027650833e-01 5.204215124576424545e-01 7.334421554150841738e-01
8.898544747430620072e-01 5.858848954738404835e-01 5.015246978838339142e-01 9.239277029410004616e-01 6.049812554555153987e-01 8.200428336735304802e-01
6.288616076520391340e-01 3.890560364854910025e-02 4.873220386852692571e-02 1.520615832414478064e-01 1.723531846391584410e-01 4.221908413359821144e-01
4.422174327466167343e-01 2.014654254382264031e-01 2.139598949395278837e-01 2.511076685041189194e-01 4.843523551399062099e-01 1.140833773321134892e-01
6.426014610674871674e-01 3.982193750526352161e-01 5.817346313633026123e-01 9.681158636230975389e-01 5.722387216652762287e-01 2.330645448559528765e-01
6.018862426004132488e-02 8.664063092990748061e-01 5.834024094955969630e-01 2.772033591754734516e-01 9.642824232879251278e-01 5.903503258444384727e-01
9.476753096325566394e-01 1.210275134516996948e-01 8.964107473020950234e-01 1.501465598121285439e-01 5.914950220631982614e-01 7.709787804940413380e-01
2.236977317226134521e-01 4.771656077754485303e-01 4.788441105619230531e-01 3.277238043956458569e-01 6.452216778510171391e-01 4.534450907142834747e-02
5.380867031397132960e-01 5.297076060192809077e-01 8.191474912322763702e-01 5.305395286995917559e-01 7.073287110558964530e-01 2.447514379422321695e-01
8.322931955092949252e-01 9.930792595873538797e-01 5.446124732007411318e-01 6.252850680612027645e-01 7.652802827890915482e-01 9.167775026170191799e-01
7.368006257880858056e-01 5.494444294507385695e-01 1.898444646829533233e-01 3.357524308376014233e-01 2.394532553234927363e-01 1.534976833038576016e-01
3.144932477301696783e-01 2.464811165698456985e-01 3.115363529298102452e-01 5.809618392959237099e-03 6.970703684959047783e-03 1.776931311178390205e-01
9.079021361970206483e-01 4.126831240550645208e-01 6.708749035677721295e-01 9.342714913655072451e-01 8.250311841856172723e-01 9.213776736605359119e-01
3.627923031514566077e-01 8.244487496625623191e-01 3.948940153178324142e-01 1.576107987202703953e-01 1.788870162373807082e-01 7.415670878169118296e-01
2.207224044350760972e-01 1.832475591673953519e-01 8.697010612066693458e-01 8.289661533199250698e-01 6.934275537855328908e-01 1.274792824749876874e-01
7.684687719612641743e-01 7.956209159130679387e-01 3.278140009084953288e-01 2.123889420181512833e-01 6.075918551540040458e-01 8.330112376875568048e-01
8.327251440130445381e-01 9.810217121604866142e-01 7.486272328936509624e-01 6.104051722213625908e-01 9.961449492074475609e-01 9.551168620956835831e-01
3.111679383863981685e-01 7.647075966558404270e-01 6.341483057012745062e-02 1.363217253237962723e-01 2.123197710256205240e-01 4.119586088231919074e-01
7.799325002583307187e-01 8.505013110485232231e-01 8.102781436285861894e-01 5.861593896988779306e-01 8.972037940605057660e-01 2.010805404283798337e-01
1.124986632946561732e-01 5.137144894594454225e-01 2.235253826001687427e-01 5.702718212269246578e-01 3.758758026634422822e-01 4.067739485107325081e-01
1.598259948822742804e-01 5.297746787279653535e-01 6.568405014214888371e-02 2.775323325768113136e-01 1.535309994503327724e-01 1.020900820385297614e-01
5.587499050666853290e-02 3.837099151595537161e-01 5.455780008389827795e-01 5.041903029195964336e-01 8.313505701956165339e-01 5.976558051064136956e-01
6.861033983237403433e-01 5.636983926215807239e-01 7.854108561089400142e-01 5.544837084598839283e-01 9.247093058982396307e-01 8.277542496249767900e-01
5.912887314375092629e-01 6.967118304944178719e-01 5.850603033877344039e-01 9.211844934616237879e-01 6.882079686607478486e-01 8.776236717846439550e-01
3.381818729785801558e-01 8.342650383077917509e-01 9.907360681709067585e-01 5.358933103270828724e-01 9.781368394064763327e-01 5.436653035398742589e-02
9.576781341263284064e-01 9.371425635427208523e-01 2.578070704961882842e-01 3.436437796335667372e-01 9.441517812787288966e-01 8.535669940508143760e-01
2.968819756056720882e-01 2.052473122269842243e-01 1.207313214916143074e-01 1.187329085078090429e-01 7.678290402476114496e-01 2.288104248341706060e-01
8.197463351208791327e-01 1.769916468103973073e-01 6.627596339610214438e-01 9.453408140689134598e-02 1.224970317174177148e-01 9.465707135671370676e-01
3.109041731864617408e-01 6.884764447668292320e-01 7.197283171335866481e-02 4.540743853431195021e-01 3.137345353943250537e-01 2.393158219831364453e-01
3.193367774232573342e-01 4.888880342817730207e-01 3.587231438406163764e-01 8.939337893389165401e-02 1.205338223893489130e-01 8.778453826928248049e-02
8.187228516837946612e-01 1.029896143187314372e-01 7.890698022308684223e-01 7.056311005726456642e-01 9.933813918702658619e-01 9.350892231434733137e-01
4.371834146855944070e-01 1.117259608974941892e-01 3.540688738188788598e-01 8.142950010951608419e-01 8.016928010548074468e-02 4.150252230688111221e-01
2.658002050209614178e-02 7.425262056208914441e-01 9.235997103605624314e-01 7.455137448851019144e-01 7.956543351640994466e-01 5.665818677797801461e-01
5.242981661913687086e-01 5.017259927261208396e-01 5.029508965952289579e-01 3.794228571932762861e-01 8.124888093019905222e-02 5.533138767151061232e-01
7.842866632303601149e-01 7.023046042981273551e-01 4.367647671935533937e-01 6.014738192316144705e-01 5.369518568028915917e-01 2.486833680702237592e-01
9.315423308979159378e-01 9.478828449133249734e-01 9.359160355658300290e-01 7.834046827629208565e-01 8.011866524447895932e-01 9.374845148140257267e-01
3.651641530285760773e-01 1.889527174966465495e-01 1.988642576893631941e-01 1.267028152942657471e-01 3.265767901741178370e-01 6.299961147783665893e-01
3.938191993212029063e-01 4.506092600665955739e-01 1.276709204361835097e-02 1.259890915825963020e-01 6.339019577474332978e-01 4.522679095434979368e-01
5.426842336556569890e-01 5.435090450854375144e-01 4.203419894196990803e-01 2.271777309942990541e-01 4.108588467273540101e-01 2.632311305889747377e-01
8.598982281233965574e-01 2.252399475386231420e-01 3.432064596745933449e-01 1.735574675258249044e-01 6.156771290016109788e-01 3.876502482846583830e-01
1.960966108374317118e-01 6.117282483350512667e-02 7.037314397481243544e-01 6.147465265821665525e-01 3.889487078254419417e-02 5.316987439006134464e-01
1.711801465312323967e-01 7.682923579211324572e-02 4.596023714524465342e-01 5.303449884522706270e-01 5.824566310567345084e-01 6.769922968676161945e-02
5.276344392181182563e-01 5.651832228207487319e-01 2.000031505383520480e-01 1.530222978908568621e-01 1.956716293219645242e-01 8.430754833862705300e-02
6.229418663943150358e-01 7.567675104739407521e-01 5.141537606647305081e-01 4.372010994702577591e-01 5.912447289403944817e-01 8.555666484256490012e-01
1.492723039146911235e-01 1.483116601678850233e-01 1.481371812844021474e-01 1.185108355712145567e-01 3.015378659581698789e-02 4.551658179373551105e-01
7.645475260696119602e-01 3.970781144488044062e-02 6.552749517544559366e-01 5.856102502439171076e-01 9.101012670961365902e-01 3.002423152124624947e-02
3.352945916168739160e-01 7.101782955112048157e-01 1.826282423851331715e-01 2.034572160337120295e-01 1.402538413486471847e-01 8.830463474293459569e-01
1.018220183187940608e-01 1.527194913384056218e-01 7.469795990208648595e-01 1.154193740803748369e-01 2.696923030848420444e-01 2.647293096749085972e-01
2.358383230215158610e-01 5.313869885403049720e-01 1.460895729416122890e-01 6.564685245975852013e-01 2.783771497251537608e-01 1.400762530868675804e-01
1.380118448877753201e-01 5.703995698774666501e-01 7.772568309351215454e-01 5.752513760235160589e-01 4.596193886201332401e-01 3.771277434493425784e-01
6.717352009441652783e-01 4.419325271374273112e-01 2.656384120229659529e-01 7.871000682935118675e-01 4.703182792755904174e-02 8.723131086336904927e-01
1.698699163148947311e-01 5.339539839801102916e-01 9.505261654424392026e-02 7.754456275142729282e-01 7.395334436728748795e-01 9.821450236688747393e-02
9.997914719806118011e-01 9.970926863882066948e-01 9.135021522071620215e-01 9.920870978385210037e-01 9.887583055254557385e-01 9.999430349240415739e-01
5.843522149460689263e-01 5.415251617376982685e-01 5.891854873352322247e-02 3.212349596433341503e-01 6.119822445156911650e-01 1.698506693685142843e-01
1.807881252270721051e-01 3.357509797292951292e-01 2.338873663786401880e-01 5.473859771154820919e-02 3.359171114745542752e-01 2.197601383501520955e-01
9.070804752540319038e-01 9.769210746157107605e-01 3.248203165783268287e-01 7.709304369054734707e-01 8.899479967786005918e-01 9.062447454663876689e-01
8.288933238771680756e-01 8.878921429768679152e-01 6.204405747774606183e-01 6.328875438775867224e-01 8.968251947514804812e-01 5.929952943354113160e-01
2.832759814640785079e-01 6.115617238059567473e-01 1.745619695481696043e-01 7.390302098356187344e-01 7.710983157297748303e-01 2.137760053955976847e-01
8.510323621748742129e-01 3.065226299167435053e-01 8.100773417848615710e-01 2.166238762438297272e-01 9.598407316092214536e-01 7.985294180912203554e-01
3.316901966998644924e-01 2.172056688519389545e-01 3.738402532594035932e-02 3.087432929314672947e-01 8.077971587585459634e-01 1.277361750543230257e-01
7.247362885062130777e-02 2.521831822459939532e-01 9.136451402727162607e-01 3.401462901383638382e-01 6.305319942371103714e-01 2.282072264090786173e-01
1.585257431905346126e-01 2.175833578734349405e-01 7.814096931660089451e-01 2.414478892460465431e-01 2.263570749954071926e-01 5.371134316098434835e-01
4.118191405856423404e-01 8.102413695360319856e-01 3.021527814332572448e-01 1.386042782105505466e-01 1.787535121493083468e-01 6.822667517651022084e-01
5.356449107155419886e-02 4.299679358940012297e-01 2.208150197435687356e-01 6.722274685744196177e-01 1.217150075119192015e-01 3.155612117962345864e-01
2.342879493163187443e-01 6.425584550468553813e-01 5.074090814167669938e-01 5.649501245934516191e-01 6.801450162599543825e-01 7.825275498001561525e-01
8.820572224337810407e-01 6.923257257572408285e-01 6.151073802321724848e-01 1.041495592799037695e-01 8.934812548455466352e-01 5.708607700653668404e-01
3.826753034550002541e-02 1.110547826981915370e-01 7.154486132690959788e-02 2.815225429367274046e-01 2.293841885307634498e-01 7.509058197703304405e-01
6.583388788373905065e-01 8.674374826543430617e-01 1.825172197750373482e-01 7.320980839431285858e-01 7.587095211402946626e-01 7.276076608449749683e-01
4.608598799642341093e-01 2.921383594492880098e-01 9.044903382752154108e-01 3.643728278111666441e-01 2.734362405064445500e-01 9.667252968379297373e-01
9.681743862302069070e-01 9.090906322470270196e-01 9.124471786453957067e-01 6.478182666469365358e-01 7.327488230980060413e-01 4.527721033987315846e-01
1.518881990403414817e-01 3.550879974053763877e-02 3.919945305777339239e-01 6.562435480300337076e-01 2.729751472038506321e-01 6.113176408086704594e-01
8.137132190448270741e-01 2.908057557109708369e-01 3.649518571790375671e-02 7.128242154140025377e-01 1.284479454143523658e-01 3.605981940344362702e-01
4.039704946290437193e-01 1.132647275500164308e-01 5.740477365974676616e-01 1.883310233242809772e-01 5.740518520534659830e-01 9.563887154633501919e-02
4.435217453532571685e-01 2.024779477880823408e-01 5.858157566701216457e-01 3.088122850749641657e-01 2.628191429554921910e-01 8.092769569683135877e-01
6.001572402339006018e-01 8.105991638612113082e-02 5.519742491843743215e-01 2.635680045932531357e-02 5.711457157765385123e-02 3.791529143087576936e-01
7.137240812931041622e-01 4.292873687661594162e-01 2.636945942386794139e-01 6.807707096450030804e-01 4.290894602565073490e-02 7.475088645969892864e-01
7.251816573656285625e-01 7.106512423449853344e-01 2.534504133712761620e-01 7.661644862964749336e-01 7.364950179750739956e-01 2.807925007302147224e-01
9.042773393623427802e-01 5.067972852980949794e-01 1.981779381981969290e-01 3.077119963709264994e-01 7.948824372485080447e-01 3.899097863136869457e-01
6.233968808500067738e-01 8.973700638357143822e-01 7.194917843035626426e-01 9.728212081827223301e-01 8.823962062734931333e-01 7.657356930543984808e-01
5.465726193959818957e-01 4.398536586594607445e-01 1.184525734047508078e-01 4.448511644732207060e-01 5.749247836574425952e-01 2.679862223806925292e-01
4.465682574593375365e-01 5.981785949035102190e-01 4.816921505287158518e-03 9.512630268000066280e-02 7.342816486560906908e-01 6.603064282492949744e-01
6.765024778580708276e-01 6.501417754581951813e-01 3.208123786231859009e-01 6.399157410487532616e-02 7.878809367151750065e-01 4.733419312428273629e-01
7.382492959422450873e-01 6.484022188314428892e-01 8.565136111720024203e-01 5.466072021517902613e-01 8.153063021864102033e-01 7.482015353143528502e-01
9.400021210424761575e-01 7.480625705618501042e-01 6.886629781277470164e-02 4.422163732815533876e-01 9.388208863578765273e-01 4.265718192171367995e-02
7.480136962281660473e-01 9.004223324520851390e-01 9.897252426530368519e-01 7.573094014078378677e-01 9.815721512439556928e-01 7.517090214877173437e-01
6.104378034522157659e-01 2.050748279534621576e-01 4.007167324827126675e-01 5.567935828585177660e-01 1.080948036995027783e-01 4.821403190230103553e-01
4.781075949376913936e-01 8.561930914392520409e-01 4.418190585408052762e-01 5.445451410487294197e-01 4.421176331417325800e-01 5.590235591860883702e-01
5.871808570653360704e-01 4.317569366579344925e-02 8.395228058270834959e-01 3.415306312963366508e-01 4.071117477697145937e-01 1.906795121696281681e-01
8.944257049616201050e-01 8.335511112611684315e-01 5.205794178524374427e-01 7.927898494526743889e-01 3.383263790566174989e-01 3.029405803898711502e-01
3.654267323923873767e-01 7.949373638559460442e-01 3.552411358148738763e-01 1.030373447574675083e-01 5.026502518679812903e-01 4.262519403956066544e-02
9.033071447617686545e-01 4.959517383909164412e-01 9.526149727516654009e-01 1.025377144105732441e-02 8.547168213156298711e-01 6.291158662464881035e-02
1.094906383750096357e-01 8.356373257560151258e-01 4.032644808003668091e-01 4.922634954564273357e-01 5.248976066427558235e-02 8.930885245894333302e-01
6.739332766752713644e-01 4.355769204410867013e-01 6.175655408122289192e-01 1.919782501645386219e-01 6.318726493869348815e-01 3.658307702531474748e-01
6.226580790528624121e-01 6.706950162677414173e-01 5.110917155746887847e-02 7.913042400032281876e-01 6.778412478900383009e-01 7.561715847118750666e-01
9.379249919362615817e-02 9.432821516462426559e-02 8.181198641893035195e-02 8.174495564308017492e-01 5.697170997046528962e-01 1.068446476488445901e-01
9.647039467406174351e-01 6.978234554425782887e-01 6.726902517461107456e-01 4.977008774876594543e-01 6.372421240956389621e-01 9.761423215274896981e-01
6.914546219056754151e-01 1.109772881801008998e-01 1.304237958330866365e-01 2.426872416399419308e-01 4.996759532299895890e-01 4.060942515186043850e-02
9.291626632042544465e-01 2.646807513463381167e-01 5.071275478563448402e-01 9.700102906208485365e-01 9.908271983270016126e-01 9.713089851982055212e-01
2.317819274378587480e-01 6.979248048456807019e-02 1.585027340072597823e-02 1.099196679424494505e-01 1.712793858065820018e-01 7.749791498080922658e-02
7.016639656039462825e-01 7.818330135523064994e-01 3.983814529805805305e-01 7.526417032349854708e-01 4.472173300844027310e-01 6.314681876447654219e-01
6.006376561992491370e-01 6.193168979152607889e-02 3.834428003718072797e-01 8.604762488976120949e-01 7.971266223197882583e-01 8.437899000911948388e-02
2.042064803340267742e-01 4.396758633691306706e-01 1.330722892382968647e-01 6.044431168120354414e-01 5.370882644835779374e-01 1.599793691257065109e-01
4.505005379959765577e-01 8.822666902378250020e-01 9.540922347736869868e-01 2.306831611786037683e-01 7.112715861944018947e-01 6.862644024151354216e-01
4.429226092841550000e-01 8.689155161981181319e-01 9.766351851869935485e-01 6.664935927838087082e-01 7.564970785592944891e-01 9.853444904665354942e-01
8.337287031222806455e-02 2.303962951869446274e-01 7.489259089911892708e-01 3.587536902632564306e-01 1.346499181965700176e-01 5.723128767511801579e-02
2.070531265512893238e-01 8.996688665049971112e-01 9.291408100814509963e-01 8.390555193182080984e-01 7.418635857307600556e-01 8.673696710990125291e-01
9.081870810271717165e-01 3.822746953989246133e-01 2.623672014248165305e-02 6.344660301692783833e-01 3.717502913923811381e-01 6.334677915641054313e-02
9.354181731237166675e-01 8.558364210616841161e-01 8.873714020805857361e-01 7.801745976321399212e-01 7.659446823750369893e-01 6.711772812761452878e-01
6.540456170512081169e-01 4.791817360100332768e-01 4.975960024261670278e-01 2.617789471987634897e-01 7.316763753921121660e-01 7.999526852799890841e-01
1.474978589798954243e-01 1.510815354873954186e-01 1.567841012320893811e-03 4.747578268870711327e-02 6.513382758426740360e-02 1.682842228914663563e-01
9.123773768000564832e-01 4.610956725862890293e-01 3.910741392203906375e-01 4.080559762660413980e-01 6.099187057367123632e-01 2.660180194686077026e-01
6.287847745147199241e-01 8.762319695267468678e-01 3.679699318787071904e-01 1.040540658868849277e-01 8.206448901545265739e-01 1.328529646367994921e-01
4.083476889475166072e-01 1.828196332966880999e-01 4.297050933057156019e-01 3.999404979404062033e-01 7.990378463024683242e-01 3.949238988107928727e-01
2.764438332710192348e-01 5.505439426905187617e-01 3.499955194996732799e-01 7.130684680305421352e-02 3.674554517889159766e-01 3.920107448548090789e-01
5.546689300649709775e-01 8.186824633430981324e-01 2.417224403847978986e-01 6.771276046056300402e-01 3.206026969391024273e-01 9.314224121698648773e-01
7.468708946324799092e-01 8.421667373350149033e-01 1.814855958245702450e-01 4.007606762461364269e-01 8.983871910502565505e-01 3.966074752347926169e-01
2.053616801969748024e-02 3.420415180356097817e-01 3.946135864219907918e-01 4.842495289631187916e-02 3.316085916280734902e-01 1.408593684112957878e-01
2.963389249918018664e-01 9.016165486392624384e-01 8.196579874333457250e-01 6.264534601941704750e-01 8.854107834872859684e-01 5.128253992674859374e-01
9.543297049246317332e-02 9.758936770890419554e-01 8.406795243735518675e-01 8.384286621585488319e-01 9.771030421982942471e-01 1.215297809978627824e-01
4.581891176474174321e-01 3.034750932916340238e-01 4.749166199746905903e-01 7.024256903678178787e-01 2.114076787386027778e-01 2.303243391083517611e-01
1.182126789138052136e-01 4.487943426481315612e-01 9.798957407918086615e-02 4.986226384062319994e-01 4.116603808262588871e-01 1.502926688684869949e-01
9.938942506817115552e-01 8.282857886749108722e-01 7.822918190778680447e-01 4.933360081631690264e-01 3.604528865364304280e-01 9.858475895216450846e-01
2.136514130294185076e-01 4.324436788822856315e-01 6.412586323823911139e-01 7.523599313572049141e-01 6.072466827722673433e-01 5.675154763381572431e-01
9.239106901470520716e-01 9.435887010087445903e-01 9.795197494290039941e-01 9.607549339998513460e-01 7.232819261647398523e-01 4.354147193270911653e-02
2.527584221164025716e-02 3.030797752101496156e-01 3.037501354190377811e-01 4.669053163379430771e-01 5.295563488576862654e-02 1.911652696929989625e-01
1.284676144437101597e-01 4.584330110679777359e-01 5.522901584590855784e-01 7.494813660159707069e-01 8.575999912153148275e-01 2.385262291729793038e-01
2.621072723711723174e-01 9.655713055694840063e-01 5.575089099486703059e-01 8.407044871710240841e-01 1.745037521784681966e-01 9.943617376767974747e-01
9.345022038472425852e-01 7.229765951511641919e-01 7.535555499613775243e-01 4.799243127927184105e-01 8.596800227818550688e-01 9.786007222846450082e-01
8.986937280794523447e-03 1.836975808363741913e-01 1.994949696280028384e-01 1.994891946669667959e-01 1.689406792888612507e-01 3.906399040296407166e-01
8.904144602016152987e-01 9.698484392883400806e-01 3.445355699948039058e-02 9.807929201051592827e-01 3.207193677860590425e-02 6.480690362631122969e-01
3.913782963957370686e-01 1.365325351426012468e-01 8.255569681005311411e-01 3.121033401694148779e-01 6.959612343481467178e-01 8.149174789969552135e-01
4.701909850706903482e-01 9.634890984485212639e-01 9.052164531610463749e-01 3.534705690108239651e-01 2.180543207704588315e-01 7.453166648186722032e-01
3.876292529546362942e-01 9.746281673936767476e-01 9.203674630326648121e-01 8.450858995784074068e-01 7.904230987083650239e-01 9.540423846167853661e-01
7.104976842712709684e-02 1.759340403061923075e-01 3.510888863428168749e-01 1.740915642585605383e-01 4.417236244366402054e-01 3.375569225826322017e-01
4.978566139319910988e-01 5.537127781366494306e-01 2.371109802515499257e-02 9.632206235546618700e-01 8.134166780400745589e-01 2.168520848992286920e-01
4.278335325697332769e-01 6.767450630654682220e-01 1.574395655662291504e-01 6.028395860921591520e-01 2.882950938576632760e-01 6.401117946048391349e-01
1.296314608699697946e-01 1.533496163174022653e-01 8.246087192492981277e-01 4.963858923874795437e-01 2.493789148197187444e-01 7.292911307438212365e-01
1.838886612545822252e-01 1.046487744012301324e-01 7.758551511581249227e-02 1.776283732615411282e-01 3.563083854782927440e-01 5.529058841809224578e-01
6.629788196827105518e-01 8.577366921763698304e-01 4.685144995298659021e-01 3.860810797195881605e-01 6.002336625270195958e-01 5.057231322054701605e-01
3.273230268461218562e-01 7.530017837970195971e-02 4.659391760509386943e-02 1.716632039751857519e-01 2.754024053102846481e-01 3.451479490031575947e-01
3.634416533322856746e-01 3.523942894425105554e-01 7.392563525753497178e-01 4.907759192865341902e-01 1.049607381761158698e-01 8.040833239046230041e-01
7.446665979364108789e-01 2.941462723608244678e-01 6.076568191407424879e-02 8.806943113449960947e-01 6.114655920954072954e-01 7.247087850520744778e-01
4.520326871609371411e-01 4.598068552565549583e-01 7.389877668412253575e-01 1.112349766772240400e-01 2.950988520710593477e-01 7.474746622879752112e-01
7.433000042215555103e-01 1.007802619316453818e-01 9.098451866248939979e-01 2.679242163430899382e-01 7.254070239873335879e-01 8.035448930489829111e-01
5.312380471608731947e-01 3.440821416859143889e-01 3.717785113745048498e-01 1.604723879136145115e-01 5.606618947784345330e-01 4.804169564614098054e-01
8.482645473431297267e-01 6.005233609646570825e-01 8.043389033411889599e-01 1.752574853599071503e-01 7.047031749833349012e-01 3.630070386385597092e-01
9.169454819193020301e-01 9.909437104482939906e-01 7.593793327384495973e-01 8.082587672397494316e-01 7.029183665227204392e-01 9.834140620148674738e-01
3.601632085693012852e-01 2.035543514736201931e-01 1.098079153435316119e-01 5.627202340401709080e-01 6.023053964437047325e-01 3.201892842086228458e-02
5.539410713586150337e-01 8.661785283800732538e-01 8.136099690266815898e-01 9.385318502318114042e-01 4.437090612731847683e-01 4.063169670077424467e-01
2.842320910302380543e-01 5.983965497295771208e-01 1.686709057988813321e-01 3.153553279116749763e-01 2.536574868483453815e-01 5.289955028288568784e-01
5.433873988552860856e-01 1.667767981922759213e-01 5.412682413963718631e-01 4.226579833775758743e-01 6.943981736689702755e-01 3.770269377451916926e-01
9.158492236089533778e-01 3.673748335790668063e-01 9.861410619615693651e-01 7.566591857466846704e-01 9.888838750175958925e-01 8.507101183531770028e-01
8.101942008218427915e-01 5.321458109385258234e-02 7.045844949674877622e-01 7.830805378034710884e-03 3.178594820027474399e-01 5.179669353358082873e-01
6.611652633651906585e-01 9.556649174964212401e-01 9.456310494093053132e-01 8.300640201196074486e-01 6.878917373596584728e-01 8.056207378901745209e-01
1.685922742375834671e-01 4.820596585888598518e-01 7.710274853027346831e-01 6.946362084709107876e-01 1.186699129413395920e-01 1.671151538448130414e-02
8.075539506512773302e-01 5.388880889624313442e-01 5.083265411447576154e-01 8.542576106265187263e-02 6.806378994813138128e-01 6.283363583685628306e-01
5.943770141589085343e-01 2.354809856907640608e-01 8.387609177615848455e-02 7.663687665481120348e-01 8.651407601844585127e-02 1.406621184450733142e-01
7.632982182846244079e-01 6.366194478448352623e-01 6.240790291702033032e-01 7.531235828064382076e-01 5.298928774389800866e-02 6.040340483733274146e-01
8.043027927457097048e-01 7.048538134516149078e-01 3.005381246156100250e-01 9.373737247660756111e-01 3.540331917484360914e-03 4.558369461415007762e-01
3.660599367679848171e-01 2.214370157795469141e-01 8.410254954307571085e-01 5.396005357615649700e-01 8.281822978613246899e-01 2.757736172026920007e-01
7.668272358821114076e-02 3.713822723351229982e-01 2.499545248305171663e-01 2.930350610986351967e-01 8.528819862557700526e-01 5.369304970548417488e-01
6.189949203352278495e-01 6.033667442100876244e-02 9.877886327400167144e-01 9.814996100030839443e-01 9.528940784262942554e-01 6.772797208164992311e-01
8.610711009393443582e-01 7.241579256529681041e-01 7.530379120459687603e-02 7.818006358575075865e-01 4.964931415700584161e-01 6.833813379381347142e-01
2.491869227218243832e-01 2.086465249630282959e-01 2.161890393598599747e-01 1.132610486820340157e-01 5.379094090548965958e-03 5.261085036462797015e-01
4.634722637291170955e-01 4.124677843783642328e-01 5.921300210451956314e-01 1.149789351038634777e-01 8.316463753190212957e-03 1.240886276188667148e-02
7.785001977972796916e-02 5.985660973083744008e-01 2.743496260716842272e-01 3.782170291524380445e-01 2.066688341458512435e-01 2.975098560335554532e-01
5.926714614979340379e-01 1.661616917839729424e-01 2.341553470078026333e-01 7.616433997172862291e-01 4.806394692811515323e-01 3.074398977663507782e-01
2.363385970116563539e-01 2.030564120557947216e-01 3.738543193561110201e-01 2.284774950239807367e-01 1.296751007799595012e-01 2.242543791598626268e-01
7.950354718405390209e-01 7.958297259665144674e-01 5.049519524938059223e-02 8.977358292322605848e-01 8.834894145045776304e-01 8.769001903395621245e-01
8.324787493287180151e-01 4.690306933065612194e-01 6.394765400974783409e-01 3.598898889031261206e-01 5.953065478762241680e-01 5.610493759212696885e-01
