2.698702859317172464e-01 3.550340278623889123e-01 6.117356644456589665e-01 7.490110485341006097e-01 4.768890701234340668e-01
3.611366262983303210e-01 2.532763640338854261e-01 4.410711308949754050e-01 1.949157293836614457e-01 2.388700195588171482e-01
3.630861889616776583e-01 3.685052544564986210e-01 4.678768847545131671e-01 3.895008428075076856e-01 6.827898917254060507e-01
4.556609558398813653e-01 3.990810268129409977e-01 9.086878844035334302e-01 9.252213691815367458e-01 6.315725219901651144e-01
5.369197330185858652e-01 5.161001978323704886e-01 2.472568907335684907e-01 2.211886973472079465e-01 2.656863173469901085e-01
4.976866423322177102e-01 8.472081269957143501e-01 4.428042119872026006e-01 6.262890749512229904e-01 9.372216763440519571e-01
6.432261907522358602e-01 6.208080131490084641e-01 7.994612946295810429e-01 4.888082920693971323e-01 6.936188966501504183e-01
6.155164866627359510e-01 5.017998441503939144e-01 4.589164879573772726e-01 2.717151083020967195e-01 3.449044730514287949e-01
8.008709434459596599e-01 9.594638946331601748e-01 9.737612118685995410e-01 9.701670506569628483e-01 9.889556723646819592e-01
2.674334809913554434e-01 9.096467171205588897e-01 2.348470059716163683e-01 2.603109502889116023e-01 3.533885912038385868e-01
9.289413535134113387e-01 9.839072969290775239e-01 7.996622535435803369e-01 8.000515774562786397e-01 8.927127313800156116e-01
1.549505373325481619e-02 1.518754802140414618e-02 2.491232585689076295e-01 4.077386102425657050e-02 1.001531663350760937e-01
6.141356735783783938e-01 6.961087999665085402e-01 4.326383218581247858e-01 6.139308397657714522e-01 4.637946849688887596e-01
5.856911848225864192e-01 4.932260262984678456e-01 7.586596784310188912e-01 6.386156897796619880e-01 6.525841304101049900e-01
2.475074524348959415e-01 4.958249525464161755e-01 2.762135240937759195e-01 5.802024726233886431e-01 6.169327367097139359e-01
8.454768635077135608e-01 8.461714868131110512e-01 8.421761078491015740e-01 7.246180951904351852e-01 8.319484046660363674e-01
6.512253623735202446e-01 5.538494169496975816e-01 8.338126968783456938e-01 7.719189625045119740e-01 8.741892322432249784e-01
2.749428276570518581e-01 3.088712915928931713e-01 5.222291960399914057e-01 4.675237856626437427e-01 5.184802722651511431e-01
2.599840103907271049e-01 2.160811220304642011e-01 5.354713164150338711e-01 7.646875845848593034e-01 3.145061321556568146e-01
9.709666191572154936e-01 9.626670575476816705e-01 9.050879799849070872e-01 9.731071649556003456e-01 9.555765932891517878e-01
6.563695355849656909e-01 5.835518118054744408e-01 8.666036230870705070e-01 9.452448604392044151e-01 8.536261464469134808e-01
7.523108832811796765e-01 9.052674108749008131e-01 7.297544479547475316e-01 8.927725973777053126e-01 7.660153391771018505e-01
5.153327250993313680e-01 5.785456010466366594e-01 3.854466648855773281e-01 5.203519789093405956e-01 3.666323921643197536e-01
7.589809718081097500e-02 1.423929206672458481e-01 1.109353103378443034e-01 5.147378450085154933e-01 2.414273698814213276e-01
6.618556534659443269e-01 6.754004173594794214e-01 6.298207497471394190e-01 7.694630374036176557e-01 8.528291981201618910e-01
3.809882249993762349e-01 6.561040921768992451e-01 5.836103776570525925e-01 5.977711038691699841e-01 8.031164959538727999e-01
8.913131279626095305e-01 6.876886748580595121e-01 6.628653264336837880e-01 4.808982203980787240e-01 5.433157568331807852e-01
7.518242804470062213e-01 7.854683185750842567e-01 4.568402834860563755e-01 2.296352680971087412e-01 8.231594576500356197e-01
1.378646584957064214e-01 1.116757687817266365e-01 1.499467234184227171e-01 1.008383151641167180e-01 8.306623017415404320e-02
8.257226574603571123e-02 1.056208184396071337e-01 4.769493005111473394e-02 5.981476351381813383e-02 7.731450931169092655e-02
4.742410439218575427e-03 5.704988879429867717e-03 4.051730387430120886e-03 1.217022707847792949e-02 5.097476765513420105e-03
5.292103546044429896e-01 8.713509286622892480e-01 5.598600192518207175e-01 6.753754770966998722e-01 7.522774885874241590e-01
5.364375972113806235e-01 8.191956588586347954e-02 3.220698174177674677e-01 1.350889641807619668e-01 9.360817470587790012e-02
4.247388497070534452e-01 3.448758101067887494e-01 4.398027406933751049e-01 2.905638188979534076e-01 3.522182484157383442e-01
6.441420235269421091e-02 6.651233823884361573e-02 4.998879882129320107e-02 1.213951451639224688e-01 5.056085693649947643e-02
3.542381541002693340e-02 4.931049960190536652e-02 3.615608626434092115e-02 6.371945931473323166e-02 3.839929774403572083e-02
9.500722713011996445e-01 9.221166462000093267e-01 9.966205983108131772e-01 9.469587321978892858e-01 9.589169207029044628e-01
8.323589625899334710e-01 4.705603897318182405e-01 7.497926802861145656e-01 9.856678954419424432e-01 4.341523754410445690e-01
8.295822875116337647e-01 3.921880520670390502e-01 3.099952594419873031e-01 2.136133850469684181e-01 2.094942538533359766e-01
4.660483852424254225e-01 5.823140260407264623e-01 5.232813428091143138e-01 9.025348934030792414e-01 7.973337923176586628e-01
1.277703439251540729e-01 1.629533324233600755e-01 2.317145905802291406e-01 3.801063516696481792e-01 5.778485010378062725e-01
4.620425802956034111e-01 5.893277089191323315e-01 5.176291573508563504e-01 8.809957439419565661e-01 5.199300562962889671e-01
7.185824678345466010e-01 6.252942161326116022e-01 2.827792750330207494e-01 2.358694840039703144e-01 2.466449430212378502e-01
1.308008857458136664e-01 1.175188100416916931e-01 1.905512403040580949e-01 2.719765881011313446e-01 3.575443157460540533e-01
1.753298388626389204e-01 3.731872196017614884e-01 2.515040682437070241e-01 4.979667060365383646e-01 6.530343599151819944e-01
4.491203869770876156e-01 3.536933440295644826e-01 7.884398661926566021e-01 7.759596505674257738e-01 5.878620769362896681e-01
8.734837112868575337e-01 5.541465325377957774e-01 6.251570109771046324e-01 5.736442857696810727e-01 4.650366811547428370e-01
4.144013851537513005e-01 5.068675616216803403e-01 6.825299009988825549e-01 8.613583370505724091e-01 8.709465889260172844e-01
9.309983008946249861e-01 9.243777539798503362e-01 8.346527066542104301e-01 7.338218641645841700e-01 7.428356693126261234e-01
8.974794184193854996e-01 7.668826616107715655e-01 5.110752481479756693e-01 3.957732006166561622e-01 6.931364990305155516e-01
4.967727594929777918e-02 6.367668060565012667e-02 4.761701542273875931e-02 6.161443943387683725e-02 6.506591336801648140e-02
8.538634476397755080e-01 5.393714763327055184e-02 1.335101635498382455e-01 8.093029167774902499e-02 4.658028949052095413e-02
1.612876907558825346e-01 3.350134413372855557e-01 1.625525428252904969e-01 2.539607102433731889e-01 4.345533745363354683e-01
6.832508793700226013e-01 5.981313648763537660e-01 9.060149598363653745e-01 8.848513143749221488e-01 8.812633557245135307e-01
4.875829709928732325e-01 4.362090221463931217e-01 7.874837158445325835e-01 8.459599992047660555e-01 6.433521860744804144e-01
7.653712745670600004e-01 8.257026121612712766e-01 6.782875208754870489e-01 5.948323846318303021e-01 6.557303953450173140e-01
5.165790538603971527e-01 6.281462754239931501e-01 6.163504685690284202e-01 5.255216061619357726e-01 9.369324769359081984e-01
7.672391270189841128e-01 9.619823888422384117e-01 3.541039332517987859e-01 3.557664077437033279e-01 5.829796362668275833e-01
3.341732807625064638e-01 9.447944831964359969e-01 2.915874203186198943e-01 5.834119712567473748e-01 8.584546782076358795e-01
4.769778446161957453e-01 5.453894843139130977e-01 4.691440667929753228e-01 6.456910308274127486e-01 6.339175226166844368e-01
4.191572654944736298e-02 2.083375182782118418e-02 7.373519453182700301e-02 2.555908999408050900e-02 2.986796945333480835e-02
5.965974635802117065e-01 2.972851310355899557e-01 1.854728342294856003e-01 1.507180555028413416e-01 1.343182465061545372e-01
4.292202823670241418e-01 4.145778630606505866e-01 2.944273628010773414e-01 6.271833356427972683e-01 2.801401263568550348e-01
4.152167622110172207e-01 2.652755725930177055e-01 9.886771921204677849e-01 7.510683641456256110e-01 8.084914367645978928e-01
9.292429811438923659e-01 6.905954566032344033e-01 8.248278610929209442e-01 4.885015889673424150e-01 6.883124343585222960e-01
1.597346606230951038e-01 1.024860683890831126e-01 6.534456601026246148e-01 3.479517091875091728e-01 1.632754770107567310e-01
2.674933765105825256e-01 2.024576744552386565e-01 5.365623706560643802e-01 3.287009078475058299e-01 2.871205301489681005e-01
5.099484084706565890e-01 2.304023010188355480e-01 4.613063061215094129e-01 3.004343122010057487e-01 1.994163165800273418e-01
7.947963071130096369e-01 8.363681501977705546e-01 9.323911826748071396e-01 8.208210203986884279e-01 9.860196518711745739e-01
8.238206308669472344e-01 6.740081913427664606e-01 8.523578779383974569e-01 8.924554002010082199e-01 8.453299985267221928e-01
1.094888236165153239e-01 8.730379457428510959e-02 2.773535554729433250e-01 3.124150408282082569e-01 1.491858179215341806e-01
5.066344112895809770e-01 2.523880662548979581e-01 8.869218078853402520e-01 7.362653111760092406e-01 7.910023818258196115e-01
2.679442052822762488e-01 2.508023520469262468e-01 3.293981174902974596e-01 3.856216550213592553e-01 3.388600989710539579e-01
2.354862432772344624e-02 2.775043993524191621e-01 1.279088249122573885e-02 2.079466155290900231e-02 1.994182029739022255e-02
2.004230988727162543e-01 1.796804703199235964e-01 3.593967848269237209e-01 8.782383611456285877e-01 3.058835687115788460e-01
5.590910029914600843e-01 7.185564975901967966e-01 5.499237727788834906e-01 5.736950078814549991e-01 6.515699340961873531e-01
8.002757204657305889e-01 3.602510503038577339e-01 1.750148261091028223e-01 1.980598894620179129e-01 1.451142623554915190e-01
6.305251217980636369e-01 9.947244594100651538e-01 7.228646423200354443e-01 8.155426488408142882e-01 9.795009675435721874e-01
4.381598776431923532e-03 5.036064343578638882e-04 1.876989134065438353e-03 8.033724685541022070e-04 4.577541258186101913e-04
3.770492107845358487e-01 8.971335150103986189e-01 4.950941266595531021e-01 8.217906169644146885e-01 6.665421328507363796e-01
1.944839088957785733e-01 2.343350306944115558e-01 1.709929054746526789e-01 1.817545679229806976e-01 2.486674122046679258e-01
5.445852942605673430e-01 4.419454466255032798e-01 3.724279172860027187e-01 2.452134466295386728e-01 2.719467820134013891e-01
7.169163870961610119e-01 6.487171193317882167e-01 9.283834618003284911e-01 6.810168383322970920e-01 7.478108725044876337e-01
8.698510552570174470e-01 7.597745294227777890e-01 5.434095669719346544e-01 6.068277011926995756e-01 5.866345025133341551e-01
4.632969111655957928e-01 4.040856872477071593e-01 3.663584999669595166e-01 5.185174818472915170e-01 4.708378212526440620e-01
1.754120292355115796e-01 1.680751353135486736e-01 6.130003078367306235e-02 4.632057270737417742e-02 6.524751614779233932e-02
8.097266787998177451e-01 4.760213154731577911e-01 9.210780510275198285e-01 8.039008927276206640e-01 6.690925830043852329e-01
7.124882944863196732e-01 9.334224844865611770e-01 8.690779984400337499e-01 5.918267475682565948e-01 7.713330129627138376e-01
9.466295257232347771e-01 6.800601514967021810e-01 7.075036815337131246e-01 6.948173250844725812e-01 5.046637854538857937e-01
1.255668121304693297e-01 1.246603062209670904e-01 1.307221091203923102e-01 2.800471411250264331e-01 5.745853609405457973e-01
6.368056287522410042e-01 6.735974198684621106e-01 5.921876759460749096e-01 8.015596709212383653e-01 7.772787827998399734e-01
1.009265218808745937e-02 1.966129234152674821e-02 1.298513901286786794e-02 5.580224912557645023e-02 2.146439231000840664e-02
1.684173038085422236e-01 5.529049002556092329e-01 1.432051678846181231e-01 2.007716406897102068e-01 6.244571213610470295e-01
8.613823625161897146e-01 7.668829318280593332e-01 8.257076164699804766e-01 7.876823936450852992e-01 9.484539267141371965e-01
3.117669059734693437e-01 6.253282647411277928e-01 3.590248727367222892e-01 4.915855759562419713e-01 7.033492324408143759e-01
7.782319021640881074e-01 9.747696864942360095e-01 6.919409978416946050e-01 7.991335177607826745e-01 8.103635066654533148e-01
9.229810110591932792e-01 8.137022990250259991e-01 5.510581078716443315e-01 4.829113165630476989e-01 5.217723099049180746e-01
2.306887123649375981e-01 3.809396999902607550e-02 9.695939537234059963e-03 8.684447021592709912e-03 9.074269561097025871e-03
7.084558874434367937e-01 4.629373997915927075e-01 6.723298600049388840e-01 4.745591634112178991e-01 6.364629666786640882e-01
7.136039078579940742e-02 6.085272852994150217e-02 3.730585011463764811e-02 2.684516015571327546e-02 3.401404828764498234e-02
9.755320798356682532e-01 9.901933755385068370e-01 9.193541320959831564e-01 9.670959457280815519e-01 9.611936798319220543e-01
1.736864958407542125e-01 1.818553722031968634e-01 6.074354612276416931e-01 6.109941729659296161e-01 9.829199241939932108e-01
1.636309955773826152e-01 4.223612473551114355e-01 1.975519029710047503e-01 6.780503376984840791e-02 1.270872855093330145e-01
8.614075940526578767e-01 6.800034224720259424e-01 8.276513473474269578e-01 5.425393502690972758e-01 7.864419335965067148e-01
8.693042703994648956e-01 9.633128490997115989e-01 9.929509001277219138e-01 8.618445295964020092e-01 9.271756066009402275e-01
8.795213727720904151e-01 4.662582851652898874e-01 4.323657239864679980e-01 4.075051220934159946e-01 4.376819108147174120e-01
6.274873877110924703e-01 2.292208407246092428e-01 7.506837061855206050e-01 5.341038936447016772e-01 2.947313829790800810e-01
5.058812846803991681e-01 2.945694322855012537e-01 1.698757814219249429e-01 1.729249017908417174e-01 1.544150628615170717e-01
4.015392665611827033e-02 5.879070910692701241e-02 7.162700643590801108e-02 1.933756057010696250e-01 2.576817565131932497e-01
4.161812781837361808e-01 4.155624928571438059e-01 4.610579533177251443e-01 6.768515397568826142e-01 4.415559009648859501e-01
4.065343704519521623e-02 9.061927969402570893e-02 3.184046515291828749e-02 3.377565318348543788e-02 8.566534705460071564e-02
4.470249918005239076e-01 9.895638174120484631e-01 3.165491457092474703e-01 4.337113789681309450e-01 3.929542188998311758e-01
3.124952058465280125e-01 5.937549131365393862e-01 2.779815229139768196e-01 2.948043677068798440e-01 4.146284589078277349e-01
3.231081852337485127e-01 6.045323170856554684e-01 3.611367899992215524e-01 6.203294651656826586e-01 6.026113322004675865e-01
5.846587849612421700e-02 5.377019600865001053e-02 9.972178168771025919e-02 4.372987189953112669e-02 6.332562817260622978e-02
4.987000376850629912e-01 5.750657410366403210e-01 5.239892696503574143e-01 8.014339978812836662e-01 7.159781090449541807e-01
4.752805986187098042e-01 5.564159619851741789e-01 7.226175236138080438e-01 6.592328109139782288e-01 9.617470477242022753e-01
3.131364933513180460e-01 2.071582624081374779e-01 3.161668839402626552e-01 2.304467375997247269e-01 1.535233948379755020e-01
8.429071536523573549e-01 8.117522346700508651e-01 8.376306731219792523e-01 7.728509997785621977e-01 8.156190053559839725e-01
4.949859331699965614e-01 5.898616013460588059e-01 2.859489558056022562e-01 2.932312397085323208e-01 2.544569468591362238e-01
4.236761224837897188e-01 2.268298562791241924e-01 4.839609017145625192e-01 2.920528000593377027e-01 4.019218392204493284e-01
1.187987005286625791e-01 8.761854125810178417e-02 1.521468110159682752e-01 1.719189439278343279e-01 1.084824753925204277e-01
4.118251042856780342e-01 3.909175985699078759e-01 5.190322442761922117e-01 2.130692877234962312e-01 4.564332203008234501e-01
6.661216158800192799e-01 4.297936356042372230e-01 7.752933578553976579e-01 7.915350221295757160e-01 5.961180774029344320e-01
9.922959504030129940e-01 8.694804258002838404e-01 9.837197734759343115e-01 8.064040915925420050e-01 9.507358260452747345e-01
1.943818075390406908e-01 1.274952016751754458e-01 2.878781377231134919e-01 2.834644441234706602e-01 1.453062384389340878e-01
2.948057623851610409e-01 2.263287025379946138e-01 1.122022774038896054e-01 1.606091221540623670e-01 1.064873735886067152e-01
9.106146172673825756e-01 8.846410209530540802e-01 9.903618963858383806e-01 9.727437716250606492e-01 9.923043686430901289e-01
4.212448581486482047e-01 6.626953767345369339e-01 4.350906254819992824e-01 7.507896022314842766e-01 6.558173112571239471e-01
5.581398954572797111e-01 4.224378315846411547e-01 9.030299353972096599e-01 9.246552708376279961e-01 6.029957758728414774e-01
9.203720481694109834e-01 4.670307606167258818e-01 5.579114307239769754e-01 3.594514001132097514e-01 2.664922822732478380e-01
6.167597130466233590e-01 4.982028270022362260e-01 7.041257764693806820e-01 4.838804700200157183e-01 7.618706023786216974e-01
8.488109511135761842e-01 2.963583143187791813e-01 4.096966441061568043e-01 4.897755660295730062e-01 1.975582975428551435e-01
8.802419169962271139e-01 9.993699178600884414e-01 9.572806950712937635e-01 9.310958227354768635e-01 9.357526425737887621e-01
3.741370467369871666e-01 3.736694104763339519e-01 4.661018243698875074e-01 5.850990899064467676e-01 6.418901560828089714e-01
9.878718383399244241e-01 8.150415291631829540e-01 8.594356527065236673e-01 9.066734783715058033e-01 8.204255746677517891e-01
4.412438388753499030e-01 3.974164080649428832e-01 7.596901001947156118e-01 4.632847715931964205e-01 3.481379968579858541e-01
5.699571612605671689e-01 6.905653450141823191e-01 7.894278432615922103e-01 9.488176051340478923e-01 9.442222213838249445e-01
7.915122420039467643e-01 9.225416386768262589e-01 8.870718947425219048e-01 9.555172743887035969e-01 9.272891224827617407e-01
9.179623202929192427e-01 9.785199756610213351e-01 9.983026779202567313e-01 9.909283064147437203e-01 9.971246616914868355e-01
6.079779271768149806e-01 8.044352483501795437e-01 3.156182225237685879e-01 5.783427616412426531e-01 3.474540475290268660e-01
6.329420810309581702e-01 4.704308049573368566e-01 4.877658859685936044e-01 5.316584468369092153e-01 5.668188624549657106e-01
4.026618280440778519e-01 1.596384455062826724e-01 2.856194808390937201e-01 1.380377446880276526e-01 1.226676187943667173e-01
4.199600681299575644e-01 8.618730797297596835e-01 3.319699611531297112e-01 4.648754379706461770e-01 4.535665139555931091e-01
5.754444342420168557e-01 7.363976683966204639e-01 6.168099472732887500e-01 7.603644019802349163e-01 6.577091936487704515e-01
9.444732513971472107e-03 7.731339827588518815e-03 1.137235974800109191e-02 7.897614005662502434e-03 8.516594534739851952e-03
4.406404078159651960e-01 8.577757259625270470e-01 2.344802222033236794e-01 2.051526689459734765e-01 2.165424479171633720e-01
6.796734923632972158e-01 5.404124013386819581e-01 9.596027247191372123e-01 6.202262664563432670e-01 6.855384092777967453e-01
5.211473072179847454e-01 5.053636423909793063e-01 6.210506345141248996e-01 6.478450783496374488e-01 5.203296628315001726e-01
5.510670631985532530e-01 1.995576580331653582e-01 7.851642959366057495e-01 4.149493129871000274e-01 2.206501464825123549e-01
6.420978742384784166e-01 6.801392530493793886e-01 5.376339570219235142e-01 3.285325256339717281e-01 3.806857131421566010e-01
8.018406641085128461e-01 4.119464813951446702e-01 2.259025592458687448e-01 3.324787657032763355e-01 2.014509194996207952e-01
9.056891302616020267e-01 7.088404355441125793e-01 3.862246312376571566e-01 3.307694135873175956e-01 3.230556792113929987e-01
8.280028422805822963e-01 6.121867536250705788e-01 8.213387274528326509e-01 5.328632505895476434e-01 5.127337309531867504e-01
6.297342723307188805e-01 6.619274531179701881e-01 8.316818769864738892e-01 3.012763758165519778e-01 7.210583407431840897e-01
1.488470607762391595e-01 3.460700825911283696e-01 8.250135962618047880e-02 1.638151879392768517e-01 1.103628266137093306e-01
4.236497337463818180e-01 1.978203598008207442e-01 1.835906787142100871e-01 1.284296659604701463e-01 1.483892144169658422e-01
9.183477540340572176e-01 8.119965174776879735e-01 9.125828419534715019e-01 6.316422168463907694e-01 5.705822156742215157e-01
9.025230054866077711e-02 1.147100143391014820e-01 1.857545994295299319e-01 3.036466260118116378e-01 2.671561881434172392e-01
3.000166484591518801e-01 1.591075037876368004e-01 4.774382776646866056e-01 3.133326259249571422e-01 2.937842267565429211e-01
3.056180160335984497e-01 9.701480959482444710e-02 1.398199461769507601e-01 1.968247222089005710e-01 7.718543941155076027e-02
4.323897785060135807e-02 4.073091803448395526e-02 7.954850849698770487e-02 1.178850629046505061e-01 7.699093897826969624e-02
8.336809876919305529e-01 6.984087313398282815e-01 8.646178600308283002e-01 8.532920058030667443e-01 7.885460844263434410e-01
6.059469461848665528e-01 8.389818340046903966e-01 4.507137080014657626e-01 3.422762167861624905e-01 4.886445999145507812e-01
8.284873492695783437e-01 4.297723141820012360e-01 8.778437636885688677e-01 5.815221724985284446e-01 3.692108448594808578e-01
8.454937832452631419e-01 9.516449313420329847e-01 8.207939756829969458e-01 8.954047662525775886e-01 8.005869498010724783e-01
1.730981782176430894e-01 1.564567598730256526e-01 3.102854392540410622e-01 2.857218607703703728e-01 2.066284320317208767e-01
9.574952510217989987e-01 2.796089149975982124e-01 8.395697758272366862e-01 4.786670293440818957e-01 3.188500341493636370e-01
4.007827865524112021e-02 6.404111085942575110e-02 3.930204634776535838e-02 2.375526955948054075e-01 8.625670685432851315e-02
6.364848709538369065e-02 2.428425411051003402e-01 2.302727965361459420e-02 1.886846220350024694e-02 2.220491738989949226e-02
9.445970400124256150e-01 4.373881842501776140e-01 8.657944566575277445e-01 5.614454993698495544e-01 4.571930773090571165e-01
7.655154906713903563e-03 9.679604061196689715e-03 3.165337120078319522e-02 4.578868131820357928e-02 6.405575503595173359e-02
4.066419083521016775e-01 4.042419502779233675e-01 8.819874536313683233e-01 4.184490902164937909e-01 4.189328039065003395e-01
4.875591336620007099e-01 7.593536013033421739e-01 3.747020569403730628e-01 4.951916360798483407e-01 4.486902551725506783e-01
9.931500345198047697e-01 8.034138500350340717e-01 7.292867278711988588e-01 5.214870462464877843e-01 6.062766343820840120e-01
5.186915846439391631e-01 9.471051118617688225e-01 4.350854448958876852e-01 5.820830732936612684e-01 6.155696334317326546e-01
6.812787103171004111e-01 1.742351621618176416e-01 2.862410806714582034e-01 1.414373947754429817e-01 1.022664241027086973e-01
4.668606911870075149e-01 3.530768901645044977e-01 7.045188999238881644e-01 6.662779558974105676e-01 3.899878745432943106e-01
6.893650222810797645e-01 9.970520724912137478e-01 5.503809240074494236e-01 7.993028368490937563e-01 6.757907131686806679e-01
3.857057928493611287e-01 5.336864890917384363e-01 5.163465573758400096e-01 4.031639504461274059e-01 6.113593163900077343e-01
7.990155484241748818e-01 9.627214282074377794e-01 8.072882747354204191e-01 8.155765565940928941e-01 9.016211582347750664e-01
5.824923097670164918e-01 7.163599081601941254e-01 5.897799870617612683e-01 5.853646173706934519e-01 6.507910441141575575e-01
2.879790134307659843e-01 3.513391722232400149e-01 5.877979339224818078e-01 9.301128527380134736e-01 7.170068291015923023e-01
4.053529734444485944e-01 7.917533198836043118e-01 4.986212386279278985e-01 6.001773103709672208e-01 5.600406292360275984e-01
1.153467165584833587e-01 2.012272488083732547e-01 5.573763719632037622e-02 5.924353500308924408e-02 7.961850403808057308e-02
6.904082652416480004e-01 9.647997931239797875e-01 3.852222521718726145e-01 4.638723076859965211e-01 7.599053049925714731e-01
6.034679390050314701e-02 6.408423856743317160e-02 1.408129214003394636e-01 5.274021512356724672e-02 1.037785024382174015e-01
7.116725086968710423e-01 6.226421873692531417e-01 7.226880066347364240e-01 4.861474869456796077e-01 4.208722619805485010e-01
3.988343690617127124e-02 4.375957646578827048e-02 1.140082983897048874e-01 3.015052228565447134e-02 6.290247850120067596e-02
1.229922323407730278e-01 1.060684755396341661e-01 3.475963489596204381e-01 2.772224403438778850e-01 1.800777690950781107e-01
2.737775767038670427e-01 3.905942817861022265e-01 3.317920423428978860e-01 6.978882212791592821e-01 8.854487722273916006e-01
2.763722724138160114e-01 2.817930950525994183e-01 1.569807162259638789e-01 1.921870638289874533e-01 2.564737603534013033e-01
7.928655973857258177e-01 4.986877612016335504e-01 8.801429117919721268e-01 7.083119057667104368e-01 4.866586818825453520e-01
2.711883036189456919e-01 3.550618728657303769e-01 2.602468352490764913e-01 2.170948070396939156e-01 8.550167672801762819e-01
2.460919474825431774e-01 2.405557200537167817e-01 3.149938256504203893e-01 8.587002461035635470e-01 3.725787703879177570e-01
7.814030560371615364e-02 9.469943991034238118e-02 6.634190478800687518e-02 8.040741676587848108e-02 7.998298457823693752e-02
4.214741987016518698e-01 5.530635300446594682e-01 6.205829343247826202e-01 8.318937540948221354e-01 7.668887139298021793e-01
9.796643153916856361e-01 5.973715436148798741e-01 9.698096725125480155e-01 8.697645237663089723e-01 7.637558840215206146e-01
9.298409501221677198e-01 3.142888965457252270e-01 6.115411518438447214e-01 6.657514756475300111e-01 3.151574959047138691e-01
7.621581157085265124e-02 7.796174783370736494e-02 8.565253520330050330e-02 6.604577575498257747e-02 1.535871603991836309e-01
2.022916034838074806e-01 1.196446869584304601e-01 2.477331930591530895e-01 7.661568128941871336e-01 1.586417041253298521e-01
4.183330431486435852e-02 7.181599773220993799e-02 3.706436823626263477e-02 3.287703582307918704e-02 6.189313973300158978e-02
5.045115669627939781e-01 6.471209980179065679e-01 3.196480314698895153e-01 3.857735870974686176e-01 5.280787486117333174e-01
7.366898799335536152e-01 7.942495211672224720e-01 4.683496949236743978e-01 4.106766329043166630e-01 5.067919304128736258e-01
2.964036090716453131e-01 4.106239896810158774e-01 2.570644031252241613e-01 1.771278604459702311e-01 4.983998367097228765e-01
4.756686265450668083e-01 1.260685339779051839e-01 3.771531509703442975e-01 1.825402936713558244e-01 1.216030979994684458e-01
8.765886554084700855e-01 8.030522459317795958e-01 8.750728719103825215e-01 8.859630971833610813e-01 7.116281772032380104e-01
8.967639224170825818e-01 9.803524373507200851e-01 8.949968834743419199e-01 7.549794170001234983e-01 9.439622457139194012e-01
4.635487073329396801e-01 5.174638828698872040e-01 9.086134574330301250e-01 4.771403920150769085e-01 4.438469065353274345e-01
4.463154408173013454e-01 9.623907148051938920e-01 3.082992222497599188e-01 3.007886476195709147e-01 4.425781138706952333e-01
6.181780208472943405e-01 8.092311676280001809e-01 5.831403844222166066e-01 5.834259852501225696e-01 9.014730823691934347e-01
3.719523626022703255e-01 2.952035943974042898e-01 5.319797681907082465e-01 7.108458990193613491e-01 4.166599994059652090e-01
9.038694274204490675e-01 9.881234987526393843e-01 5.734311405950778262e-01 4.304376919622916464e-01 7.919261427596211433e-01
8.617517708667037091e-02 4.177520252966089587e-02 5.579027397627495111e-02 2.160319394664786952e-01 3.829975798726081848e-02
3.912541791588267093e-01 4.722308483019874714e-01 3.923687037721924620e-01 6.053512394032501964e-01 5.933261176105588675e-01
9.695356173566890279e-01 5.993630701274031969e-01 4.459321345509041912e-01 2.497446849947919101e-01 3.469610088504850864e-01
6.363428620842191963e-01 8.246626646574933828e-01 8.608830255178656632e-01 8.643143134138183692e-01 9.353607401717454195e-01
8.155433025970268979e-01 7.922372558803318920e-01 6.323082101674252220e-01 4.663960748528875877e-01 8.472946013789623976e-01
2.838265428141285573e-01 1.314053384322804441e-01 9.497969320002379590e-01 1.819883546897920756e-01 1.242393704596906900e-01
7.274400948868252614e-01 6.230736543926398419e-01 3.903015290194046805e-01 3.353114587208479436e-01 4.755433439277112484e-01
3.535596227958624493e-01 2.359319492380934635e-01 3.798344988346136764e-01 6.650030270971180046e-01 2.448929778765887022e-01
1.471909563620315831e-01 2.018789121792597951e-01 1.397601462077148193e-01 3.019551975057853666e-01 4.488657636102288961e-01
1.519381835438787520e-01 2.997243940724338973e-01 2.942833332289302439e-01 6.485857007734392443e-01 9.157176690641790628e-01
5.424140729262491023e-01 6.206307590899249327e-01 9.262572765585532775e-01 6.529444002781339407e-01 9.623819733969867229e-01
9.244085036712591796e-02 1.172084826315563516e-01 1.352815568064362761e-01 6.686489491428964094e-01 2.973084847908467054e-01
8.097367671601147787e-01 9.653010305103136846e-01 8.333536462360781050e-01 9.869103344946610346e-01 9.084621644578874111e-01
9.216000795972574267e-01 4.075805709004335364e-01 9.821536094572377307e-01 5.670268700320243438e-01 3.926701312884688377e-01
3.454000083531073018e-01 3.120638432505395965e-01 4.881987409370589504e-01 2.679198655952446662e-01 3.301941594108939171e-01
4.353096727134472266e-01 5.212589192481261735e-01 2.856773122158106082e-01 3.614275937686785567e-01 4.194491987582296133e-01
6.182473667639348802e-01 4.161507638485366090e-01 8.107615396359549864e-01 9.018647284610659121e-01 5.632467414252460003e-01
5.217347257167275210e-01 3.870466049242321516e-01 9.070963549883335197e-01 8.277460540589663962e-01 8.425413176883012056e-01
2.340843871921006181e-01 1.429323381865973686e-01 1.236191186700353606e-01 9.344384134702192479e-02 1.079212629701942205e-01
8.210321784564531544e-01 4.588952936437855623e-01 9.536273507737106359e-01 7.419529106891608050e-01 5.304531408473849297e-01
2.873787771501848942e-01 1.884711116572623524e-01 4.634307051162113167e-01 2.752264404599159553e-01 2.151964777149260044e-01
2.826934746103998419e-01 1.298655721785690609e-01 1.993114768168588180e-01 2.454245076206749698e-01 9.490203903988003731e-02
2.957510429493425685e-01 3.891446452857715843e-01 4.529862699747996269e-01 5.667853051630100669e-01 6.923908628523349762e-01
4.077736225891872568e-01 6.680266279736293278e-01 5.299061233066238996e-01 8.817592362070273415e-01 8.202729462645947933e-01
2.918590047026481948e-01 6.459709828543304111e-01 3.257111139897622132e-01 2.756746622985659090e-01 3.581946997437626123e-01
2.548368425943957627e-01 3.058834265519337348e-01 3.292476138452510304e-01 2.869304919286300715e-01 2.564425352029502392e-01
8.525388847069008680e-01 6.508089157615094544e-01 7.982007361779603904e-01 8.890140224030343985e-01 7.901683836244046688e-01
7.544123838508145496e-01 9.634194579641053302e-01 7.873631256551378854e-01 6.094572052156305153e-01 8.359906135592609644e-01
8.218966749631365643e-01 9.571517561792370898e-01 6.562481213717169526e-01 7.087996020156355215e-01 7.063375639263540506e-01
7.293815652396604676e-01 9.936737460628817242e-01 7.769140313326013958e-01 8.214632479921719632e-01 9.571083348710089922e-01
7.144658800136568511e-01 2.482686819850301041e-01 3.656197517647031825e-01 1.830574703181564178e-01 1.748242930043488741e-01
2.318530037348211226e-01 1.640897080384068618e-01 1.507597047262953793e-01 1.444534132703944596e-01 1.435962794348597527e-01
8.748171785474923023e-01 9.746070966507575095e-01 8.179976775305263237e-01 6.551905881391034692e-01 7.599999082740396261e-01
7.716545712694243830e-01 9.449836622558749344e-01 7.527128347561642396e-01 7.054866453062834664e-01 8.285668969620019197e-01
6.809537244541258305e-01 9.491301230063714511e-01 8.125723594767415570e-01 8.303450795411827512e-01 9.745059749111533165e-01
5.505740042349064334e-01 4.506803219887953738e-01 2.320453466105368290e-01 3.015479100672147084e-01 2.349733994342386723e-01
5.344611585085446981e-01 4.777147134487240154e-01 4.738887988022751352e-01 6.115659621785006772e-01 5.444873836822807789e-01
4.935104864208928466e-01 6.277630148514992126e-01 4.371000312091883333e-01 5.894051231584018780e-01 4.727253126911818981e-01
8.034069955262334028e-01 8.070799373030325130e-01 9.510506439906996068e-01 4.847283510555033259e-01 5.895763186272233725e-01
1.097596301545541997e-02 1.134571854884110741e-02 1.746543735584557208e-02 3.744911512384104663e-02 1.979899755679070950e-02
9.864153331903460220e-01 2.713086836897980469e-01 8.041098892370028561e-02 1.182144758986422711e-01 7.556046918034553528e-02
8.468916731028210132e-03 5.951190933739327477e-03 1.517827782860693871e-02 8.008302672871805278e-03 7.928099250420928001e-03
6.852321137596739664e-01 3.242578483192865013e-01 4.208868417089907110e-01 2.557580541299883659e-01 2.159541996661573648e-01
3.746088947682433834e-01 3.159973195599317108e-01 3.405674602911387683e-01 8.025969638933194705e-01 2.626133041922003031e-01
6.498603482285734145e-01 5.242086480684827743e-01 6.871477531605025835e-01 8.169302207041644337e-01 6.462731629144400358e-01
6.555387262823034744e-01 5.307830565957391000e-01 4.171953765720463059e-01 2.780572660246524719e-01 3.910557348281145096e-01
2.182154331234902045e-01 3.320481038275794328e-01 2.531540781450055122e-01 2.919392662249568060e-01 1.929234352428466082e-01
3.816599623303467137e-01 2.967240352757457567e-01 3.401379376630375706e-01 3.217529967778648969e-01 4.406720143742859364e-01
2.936057745044842737e-01 3.458855696489421261e-01 9.759060320908580222e-01 5.287658005236083314e-01 4.538477042224258184e-01
1.336739711579605638e-01 9.651284991091231558e-02 5.335035174001498959e-01 3.408527575446340663e-01 2.622123872861266136e-01
5.985050551842808764e-01 6.484371931188676053e-01 6.410214595748432442e-01 6.438815377141808849e-01 8.878473488148301840e-01
5.432543116122547922e-01 6.554744569573716095e-01 6.586759463502654954e-01 4.125846366646394592e-01 8.449421990662813187e-01
6.400999237361010286e-01 6.671887408075152237e-01 5.669065178783767589e-01 7.742011008586828780e-01 6.406193750444799662e-01
5.998772800274565498e-01 2.969418954825915336e-01 2.565432305275088809e-01 2.468420317626779936e-01 2.293271836824715137e-01
2.409940691897641263e-01 4.325849472406254614e-01 2.753437922937648219e-01 5.415063205398663593e-01 4.958539486397057772e-01
2.417046597023101706e-01 2.411609170241075795e-01 6.345472102676106285e-01 9.229614062631795735e-01 4.638879355043172836e-01
8.576986516842839414e-01 9.136746507899922154e-01 7.273088918244309253e-01 7.867210186682941364e-01 6.456326961051672697e-01
3.487424384978012881e-01 4.162222784247068819e-01 7.098110911331452222e-01 4.354564442864767293e-01 4.590748648624867201e-01
6.385856922633099675e-01 7.480295737360281860e-01 5.365433846025440268e-01 7.789911507138600477e-01 6.332329574506729841e-01
4.859410993055030548e-01 7.702690282134743160e-01 5.568022610730438693e-01 9.935714107464314049e-01 6.895190950017422438e-01
2.473150993166737532e-01 2.212447732110160159e-01 1.321447530656605640e-01 3.360843550852805617e-01 1.221440341323614120e-01
2.448539138992497990e-02 7.158091200765703821e-02 2.486446556344984460e-02 4.263535531518243549e-02 5.218790913932025433e-02
5.018866722241621670e-01 6.621618993087134974e-01 7.577461306533664898e-01 9.860862430662880040e-01 9.976172843016684055e-01
7.109770823365628711e-01 2.179345118883534993e-01 5.116412824359217737e-01 2.364407259464262334e-01 2.104692403227090836e-01
5.906462656833342262e-01 6.174848260736205408e-01 5.186636824897362663e-01 6.241242377183421342e-01 6.028321336489170790e-01
9.702879410315848885e-01 9.151197809356813595e-01 8.645041282570847807e-01 8.994376326653915621e-01 8.922305270098149776e-01
1.656644844672487404e-01 2.893770218137196037e-01 3.578833030135653015e-01 4.267345361989862695e-01 5.146399571094661951e-01
4.750407491769921831e-01 8.299432795703420851e-01 6.986936804433649950e-01 8.614936575357460269e-01 9.806223963387310505e-01
4.545516108139124878e-01 6.738725761842694340e-01 6.795407948864092829e-01 9.919896475047971229e-01 9.562848329078406096e-01
5.672184811011198313e-01 3.251744618531997033e-01 3.044374484409481663e-01 1.962446841346868476e-01 1.856690065469592810e-01
6.213887073393103977e-01 3.876065916051760207e-01 4.321056328958077231e-01 8.124084418893300352e-01 3.102379133924841881e-01
5.554519344418048510e-01 7.239886057246575080e-01 6.935405476279340453e-01 9.785223502694543329e-01 8.751863965298980474e-01
4.441836445800705357e-01 5.132260060372194621e-01 8.110644077924724638e-01 8.288276924742693508e-01 8.866836109664291143e-01
2.767641446773161373e-01 2.345356655904411169e-01 6.166443553482633400e-01 4.273934439942280727e-01 4.462802973575890064e-01
7.153933398104280750e-01 9.142766162226834137e-01 8.267150534946665630e-01 9.771506579417553739e-01 9.598883460275828838e-01
9.056996007675778559e-02 1.067116960675027620e-01 1.336575195496950974e-01 1.141583328079295856e-01 1.520112934522330761e-01
4.840361020162617933e-01 4.571517858755965169e-01 6.142050903774041171e-01 4.706564579922378755e-01 7.165814822074025869e-01
9.240859323806172032e-01 5.891424614122268144e-01 4.466105957266645610e-01 2.882693123904130350e-01 2.750206270720809698e-01
5.625270816245004912e-01 4.837212102169007322e-01 2.975842094277790228e-01 1.651345634181300426e-01 2.539356644265353680e-01
8.220355211054976019e-01 9.529073065710703672e-01 9.725912251177292189e-01 9.472508327464217448e-01 9.840950767975300550e-01
6.384168545083424018e-01 6.211651033603973193e-01 5.499064025806235101e-01 5.571793264591419215e-01 5.723541614133864641e-01
9.898988923160411124e-01 7.463169623712746503e-01 3.111413547130957302e-01 3.639063801414665900e-01 3.066114357206970453e-01
6.996668617764641995e-01 6.220727847476812400e-01 9.100130073302397093e-01 8.133758249896827497e-01 8.473609262146055698e-01
7.962087299407414331e-01 9.240933016831824887e-01 6.792932377571803126e-01 7.135774383819886157e-01 8.258141875267028809e-01
1.863979541252489824e-01 4.866568422716085474e-01 1.331707717192758544e-01 9.239508624365540268e-02 1.489444223698228598e-01
7.590926159071761381e-01 6.726677346968963356e-01 8.477289769768751038e-01 7.431667883857488999e-01 6.515199933201074600e-01
8.623564331367130631e-01 6.589110602382957094e-01 7.500375248305680698e-01 6.843643186476094931e-01 6.943528514821082354e-01
9.509542593110742459e-01 6.620090224203538654e-01 8.120477306241923321e-01 6.270535390209993620e-01 6.053805763367563486e-01
6.936162709035881280e-01 8.228168715901598151e-01 5.272543738167823069e-01 9.586202992932797429e-01 6.080828937701880932e-01
4.495973561758934700e-01 2.693091915596730890e-01 5.319192037673945439e-01 4.090246782440220552e-01 3.402693672105669975e-01
3.545453672271555584e-02 5.490997554634616945e-02 2.241255788039693553e-02 1.723207277399895973e-02 6.737735425122082233e-02
5.026657654159473188e-01 8.863790054379243610e-01 3.912398170971990718e-01 5.052782501399027959e-01 5.710338228382170200e-01
1.079728112574877275e-01 2.996501724518451162e-02 1.775337529778855256e-02 7.789622249162611936e-03 1.075838506221771240e-02
3.387849042912858821e-01 1.998751503159766907e-01 3.745573974940373807e-01 2.842361618403452805e-01 9.233187159989029169e-01
7.741446730967704859e-01 7.564982533479527316e-01 8.490148903714228590e-01 9.759424518589981945e-01 8.606560979969799519e-01
8.916188363643615111e-02 4.925989064885000907e-02 2.306966508978639530e-01 6.067014055829177133e-02 4.647787683643400669e-02
5.345275460126965861e-01 3.309819749835589131e-01 8.702638048146913441e-01 4.909645042911742752e-01 4.624880314804613590e-01
6.124320364263075023e-01 9.169728587587122615e-01 3.973411069185813771e-01 4.954894189394754012e-01 4.814204089343547821e-01
3.896269570021478335e-01 5.377659207799695418e-01 5.450842086319138691e-01 3.457283562946433242e-01 5.196444182656705379e-01
6.410205674658806529e-01 7.239208133613874718e-01 5.989454572637433749e-01 7.880362841284950237e-01 7.322212962899357080e-01
7.051241436071811752e-02 2.496434687456985657e-01 7.498962814565883483e-02 2.369214228751969492e-02 4.308198671787977219e-02
6.203328943326514855e-01 7.336648280278404988e-01 9.717496697980245735e-01 6.407599986399146186e-01 9.676433720160275698e-01
3.262264112814294292e-01 2.379110992557759985e-01 9.495814420414813162e-01 5.594546396700599278e-01 5.960333864204585552e-01
6.998812626400143788e-01 2.391561145508201702e-01 7.923328842601163879e-01 4.735174535820477204e-01 2.546574783045798540e-01
7.009344412838195426e-01 2.931183529424956080e-01 7.546572370858923851e-01 3.669520677394770281e-01 2.405800682026892900e-01
3.454900383386445561e-01 3.293541352714831616e-01 4.563197922238605431e-01 4.660855470702457426e-01 6.650551767088472843e-01
7.130066164482038449e-01 8.025900110820013422e-01 8.938574317199047270e-01 9.388182669766820254e-01 8.847318300977349281e-01
2.995683023692946034e-01 5.810956566554322800e-01 2.755799620455218757e-01 2.732571902467759162e-01 3.649966260418295860e-01
8.403613568076981899e-01 4.921517404293241915e-01 6.931531005031478232e-01 3.312355876910000885e-01 3.050795933231711388e-01
4.559542804924836545e-01 3.750590705164988381e-01 6.101934807229550950e-01 3.270540800087156086e-01 9.355456216726452112e-01
7.968839455373877279e-01 8.101341627240989940e-01 8.089384642323487196e-01 7.722705889414113178e-01 8.065057829953730106e-01
6.651012121860495896e-02 6.059469433029653074e-02 3.863786709180169754e-02 1.871956387902929883e-02 3.981163073331117630e-02
5.196532247853845599e-01 4.678125418502962485e-01 3.345769397092207553e-01 4.955652611449117839e-01 3.638168044853955507e-01
7.916417148627543643e-01 9.193084002225846429e-01 7.135060719265194917e-01 8.146460008035044664e-01 8.990804115310311317e-01
2.208391840936090311e-01 2.041709673022771288e-01 3.470324187026998519e-01 5.678140134559128693e-01 3.353985082358121872e-01
3.478358425702195444e-01 2.654450479172663080e-01 5.216559156634734684e-01 2.634070760753817186e-01 2.445071095135062933e-01
8.189103364065312141e-01 7.906252242364399940e-01 8.481704924286628255e-01 7.552724876946592669e-01 8.425727984867990017e-01
2.962662229343315454e-02 3.953432979165284744e-02 5.643650554097057875e-02 2.653618763521594093e-01 6.756472657434642315e-02
3.623726043233088667e-01 3.642121175860530968e-01 3.891249108271950252e-01 4.638234862482727427e-01 7.058901118580251932e-01
2.943414555025134494e-01 5.320768490061593692e-01 3.591339825329700752e-01 8.406981223212430798e-01 7.050429808441549540e-01
6.708372598631171524e-01 4.682366463274226231e-01 7.755302503327171637e-01 4.200291563819117946e-01 3.510820376686751842e-01
9.586272136747626960e-02 3.429194016016149510e-02 1.471382159915407828e-01 7.561880569425991072e-02 3.671831614337861538e-02
7.218595373519876013e-01 6.678822831766725310e-01 5.592833590587966697e-01 6.177473287064505492e-01 5.579401154536753893e-01
2.628545488840667299e-01 1.509058858470330444e-01 2.517674541124373944e-01 2.541991402280247558e-01 1.489394346717745066e-01
2.034027198943708648e-01 2.908401979790959380e-01 7.606301586055793651e-01 4.137500771042136316e-01 8.336766869761049747e-01
2.686938716857970033e-01 2.578965566256469222e-01 4.475631585753181430e-01 7.743922887888440298e-01 3.493843923788517714e-01
3.034360507267957474e-01 2.747066760473864666e-01 5.052319338807367277e-01 3.987182428265536038e-01 3.979745132382959127e-01
5.926577487056400306e-01 4.431394426230894079e-01 9.898933930581179652e-01 8.558879242462955617e-01 6.227238329593092203e-01
8.747391563174128359e-01 7.718620736479838707e-01 8.829334365690238995e-01 8.385066573810614488e-01 7.531402364838868380e-01
2.219501803972406262e-01 1.128499954256888538e-01 3.795592985740613989e-01 6.323106236994976426e-01 1.417474027257412672e-01
8.341553332108510022e-01 5.135928223205696863e-01 9.513668169746588577e-01 7.062893302226308512e-01 6.959837533067911863e-01
1.222919940488765705e-01 1.137589436897305101e-01 2.820453864560054091e-01 6.441155605652074678e-01 3.722623842768371105e-01
2.401930305027622781e-01 1.373240455475485122e-01 3.627973538814582288e-01 2.438594142598582148e-01 2.137676815036684275e-01
2.537678514254941842e-01 2.623457188423021780e-01 1.538839217855482999e-01 2.418808257132791240e-01 1.563867386430501938e-01
2.965052456949713866e-01 5.077799573772940889e-01 2.821568985034731414e-01 7.984932462981650936e-01 5.626647574827075005e-01
7.717113398023944804e-01 7.688250500731103054e-01 8.828891643206023820e-01 8.795600238483718414e-01 9.640368034597486258e-01
4.238039296913778675e-01 4.272958972291151514e-01 2.614002912159792968e-01 2.080406231589121691e-01 3.074560037348419428e-01
5.967005686560931110e-01 9.127796848639680993e-01 7.634915025866230165e-01 7.413565716329371114e-01 9.427035572007298470e-01
9.652616465899156450e-01 5.500695349189635985e-01 5.024666285796937082e-01 3.506801637906080682e-01 3.104126590769737959e-01
7.738382942878287984e-01 7.254867696668686472e-01 4.854166474342634929e-01 3.870358356420914303e-01 3.613156606443226337e-01
3.241317795771506138e-01 8.189114622662554410e-01 3.003646786479451936e-01 4.784161141740043144e-01 7.591270923148840666e-01
1.652103000291898494e-01 1.163831750869013110e-01 5.445913717958588141e-01 1.387924219789319624e-01 2.125082067213952541e-01
5.644172108378483488e-01 5.252637105730336708e-01 5.250108210275916676e-01 4.914337893684627145e-01 5.302975880913436413e-01
6.550722670375040968e-01 8.213886246369591637e-01 7.940238821636459443e-01 7.342961055538976822e-01 8.866318939253687859e-01
5.927231970291879648e-01 7.623660912244617505e-01 7.395234066898733749e-01 9.939006324182312335e-01 7.612946250010281801e-01
6.969761958988544490e-03 6.764590252600257564e-03 2.944820085477813446e-02 1.770424114160642701e-02 2.601117594167590141e-02
5.587332638133964968e-01 8.209372356684718763e-01 6.012685985062824479e-01 7.577874400591744219e-01 8.981383859645575285e-01
5.660112468593253565e-01 1.577218963586753675e-01 7.821485453636322083e-01 1.850015320339158387e-01 1.713178458157926798e-01
9.269971781932760946e-01 9.827527371811677348e-01 8.412627414806922443e-01 7.830454321067135126e-01 8.338896071072667837e-01
3.557417732705568936e-01 4.082981878885898475e-01 3.474918191076291629e-01 4.381312228556639710e-01 3.544256412424147129e-01
5.510585469008386639e-01 5.644944316825908359e-01 9.436353032640792948e-01 5.946175162819248294e-01 7.690227061975747347e-01
8.660623374659229823e-01 7.679092450554678706e-01 8.120532299819303024e-01 7.671611367080053423e-01 8.313457281328737736e-01
9.442441230062229574e-01 7.744682866319511083e-01 6.485059979776387484e-01 6.271643414216891976e-01 6.608348300214856863e-01
6.925378742505455820e-01 4.283896619846450093e-01 5.724677698415678861e-01 3.727910321910946623e-01 3.178374064154922962e-01
2.457782539096133589e-01 5.464858611351072204e-01 2.218623444757619190e-01 7.030724772954273227e-01 4.052918769884854555e-01
5.304215832247871631e-01 6.133856429037558566e-01 5.541197568087290470e-01 6.479920470031177437e-01 6.147571622859686613e-01
7.714946731455349926e-01 6.295308224431860333e-01 7.177932411292343717e-01 6.065707019925967725e-01 5.217121394816786051e-01
6.744824348704453465e-01 5.716976875641315292e-01 7.462811411730442268e-01 6.582651993371191335e-01 6.114756835158914328e-01
6.320424140692993964e-01 1.694366298280067795e-01 6.921698612846516330e-01 4.169532085460536108e-01 2.159130112268030643e-01
6.873081285870968893e-01 6.661625622957673132e-01 7.646239798664279386e-01 9.535915791199018887e-01 7.514493104536086321e-01
2.013568700919968479e-01 2.304090898249664954e-01 2.036376603929629658e-01 2.877296183180017564e-01 1.873090423177927732e-01
6.200980756325375626e-02 4.328211785544083118e-02 1.209112867653783785e-01 5.592588815468784169e-01 6.834337045438587666e-02
5.195136738356469497e-01 9.352788718265357959e-01 4.346428548206526243e-01 4.843941656846553201e-01 6.324153805617243052e-01
2.847734830482129831e-01 2.458681811284167684e-01 1.808487264168688879e-01 2.578975030804070978e-01 1.912020319141447544e-01
3.479111101145168639e-01 2.711107672878370622e-01 1.281658745976123615e-01 1.322505847113967237e-01 1.392305041663348675e-01
5.004052404634790063e-01 5.897974771531719895e-01 4.856121072373541514e-01 7.652124567351926698e-01 7.924491462763398886e-01
1.050491402442019079e-01 1.265089812555229842e-01 2.603497954952852522e-01 1.268981536653792375e-01 1.454945919103920460e-01
5.509360429743789256e-01 7.765487933907743168e-01 8.004864034436146580e-01 7.231848021465112630e-01 9.819769721943885088e-01
8.071705482456247305e-01 6.965383904127417924e-01 9.341624746833759874e-01 9.919632478780597840e-01 7.680026632733643055e-01
5.764020785389523116e-01 4.847373459822528208e-01 7.735164255339581629e-01 8.100178754263368530e-01 5.188855933956801891e-01
9.311661881455097767e-01 6.942456355392058187e-01 8.964023674978580658e-01 9.383156858244980913e-01 7.397800709586590528e-01
2.586932020126545551e-01 3.961285125288162012e-01 3.443613331128486110e-01 2.551582589810366120e-01 5.291763031855225563e-01
5.569413373428516029e-02 7.259439278795712380e-02 6.597178070574140352e-02 9.922771957076929883e-02 2.512331106700003147e-01
2.461326883280676725e-01 2.093997184181053128e-01 9.815155087939736456e-01 5.177123308040750826e-01 5.121336863376200199e-01
8.077150844720806244e-01 6.275386129047532124e-01 5.838331323549507124e-01 5.124122758672650102e-01 4.693269939161837101e-01
5.027434319404345819e-01 6.601659862226507691e-01 6.386690698358153950e-01 8.213382314208158563e-01 7.484715711325407028e-01
9.644781718600996534e-01 9.917768023641236885e-01 8.778634045422953891e-01 9.898367767270451756e-01 9.443524540401995182e-01
1.920396448404651790e-01 8.403985837046269447e-01 1.378957859416848342e-01 1.487847621039762591e-01 7.571646806318312883e-01
2.054451638839086824e-01 3.809443281577643003e-01 1.997371455084980818e-01 2.650688448765947669e-01 5.981724574230611324e-01
3.527957938950814221e-01 4.025689318450763610e-01 5.713164037994655775e-01 8.237387075115065738e-01 6.268907764460891485e-01
1.319218059923557909e-03 4.344674128791741678e-04 7.186402486377176102e-04 2.872257402401678299e-04 4.097982309758663177e-04
3.891508318058199967e-01 8.440055146323156565e-01 2.005739860376120898e-01 2.399675854009939158e-01 2.302053347229957581e-01
2.045067284619140058e-01 2.589927851818290550e-01 3.585129622854862919e-01 3.051514365673990703e-01 5.930308804381638765e-01
7.364048853982794185e-01 6.999786593389688560e-01 7.723617505508900694e-01 9.362076810211225064e-01 6.710424139164388180e-01
1.447698466314536192e-01 1.446044732790984777e-01 1.472471869730353211e-01 1.408684357412244292e-01 5.079085493925958872e-01
9.565993754933406201e-01 9.137976636314105727e-01 8.355002908019558694e-01 7.203848159341948998e-01 8.999818675220012665e-01
6.291112859784948885e-02 2.609317507153264756e-02 1.018913343855343788e-02 1.292336304699192619e-02 9.645744692534208298e-03
1.734437382656006665e-01 8.917238338627930805e-02 4.109398936842380556e-01 8.030686644910433047e-01 1.074261933099478483e-01
4.464173757103657159e-01 9.908590993971201355e-01 6.315474813314955194e-01 2.504016338395905761e-01 2.808448967989534140e-01
7.183609034871908383e-01 6.351794929014020763e-01 1.617354549922075113e-01 1.133436098866821284e-01 2.441469687037169933e-01
2.747933387896187019e-01 2.755383052473500127e-01 5.524257577155466947e-01 8.919654086124114700e-01 9.006057907827198505e-01
6.138059099939638941e-01 8.104706896294896490e-01 6.344007990847639888e-01 8.798855270360447234e-01 9.431709747295826674e-01
6.331124387108618690e-01 4.933538789967693572e-01 5.091653550135245565e-01 2.102824804124331093e-01 2.754329226445406675e-01
1.620456681209623273e-01 2.781278724430911731e-01 1.752855614394736861e-01 2.104223297298975226e-01 3.018594353925436735e-01
2.179150157701788826e-01 1.044866772748437173e-01 5.966030869192378433e-02 5.073172849209026808e-02 4.346024943515658379e-02
2.581533661202374819e-01 8.265695246325518997e-02 3.006312533525425934e-01 2.046413117075626398e-01 9.812516183592379093e-02
3.555847928423058746e-01 3.365684701793268951e-01 3.869866404797319692e-01 3.062183283543626899e-01 4.548537572845816612e-01
6.392191345823925452e-01 7.013226970116849257e-01 7.499149667693417731e-01 9.645022438151586996e-01 7.440393038559705019e-01
9.958806250894158829e-01 9.972667410387081599e-01 9.031974771969811799e-01 6.090599327985959377e-01 8.923432135488837957e-01
6.268775744327453880e-02 5.090502679311901396e-02 6.443165511103587928e-02 1.021013499614503439e-01 6.000667647458612919e-02
8.770014983592048230e-01 8.664737494415571950e-01 8.672835103990297334e-01 6.158566239685343557e-01 9.540236298926174641e-01
5.946235847590399803e-01 8.221157693666435451e-01 8.697500450496234992e-01 8.020594925338665471e-01 9.142510420642793179e-01
1.564053026867947560e-01 1.694522038131163755e-01 3.476839550439548843e-01 1.416379551716532292e-01 1.445026756264269352e-01
5.709399435114816956e-01 5.627386141152512788e-01 6.389677414869097127e-01 4.836926400321928110e-01 8.422327479347586632e-01
7.338707925287443201e-01 9.587504005191610501e-01 6.262703928894997052e-01 9.433849651451960971e-01 7.046062871813774109e-01
1.053944590591276570e-01 8.987327073694399704e-02 6.719494216668889242e-02 9.612975484922525737e-02 5.739026796072721481e-02
1.886845861342223152e-01 1.675465778883700463e-01 4.046834879750240144e-01 7.036672564306752919e-01 2.608168313745409250e-01
3.833103340440892071e-01 4.488259065565931016e-01 2.136218605323129405e-01 2.372896589071135098e-01 3.254537056200206280e-01
5.483654344788549961e-01 8.176704145814727154e-01 3.810109458233603141e-01 2.574374820582655543e-01 3.953074058517813683e-01
4.398178060616479979e-01 2.711137674555365584e-01 4.541996625564050927e-01 3.056076153408794349e-01 2.151342232245951891e-01
7.826033174759914335e-01 9.728076077372139752e-01 9.071269049482832969e-01 9.879410868032489912e-01 9.336018485482782125e-01
4.694148816146478942e-02 2.749383018264196094e-02 3.489966036828966167e-02 1.704773157575603312e-02 2.093702158890664577e-02
1.047765311301896290e-01 7.838255632829595199e-02 9.092295672177269639e-02 4.342584466075483096e-02 5.351871601305902004e-02
8.353321579150968512e-02 5.040141963411371578e-02 2.255531687997384960e-01 1.176204951054142939e-01 7.390321115963160992e-02
7.814956695548003207e-01 7.097914649475837168e-01 5.934925259375459783e-01 9.265015307275374923e-01 6.270155243109911680e-01
6.631918882281448990e-01 8.480989740664831578e-01 6.360894825667081642e-01 5.588571437267078057e-01 9.998465774115175009e-01
9.807497989787873349e-01 7.195588117468444400e-01 8.008245807245824022e-01 7.564401524029038537e-01 5.934454812668263912e-01
9.040158640313661342e-01 7.432998975872374681e-01 7.294194034822605310e-01 6.592531828786677428e-01 6.905949276406317949e-01
1.402070312903567484e-01 1.271467658894260555e-01 2.455736699241655718e-01 1.979390822839146025e-01 1.878575815353542566e-01
5.187883330985829655e-01 7.742895526673803097e-01 9.755714783272606550e-01 2.748832830982987363e-01 4.300246771890670061e-01
7.542503922347549850e-01 5.059714644630463054e-01 9.247619016915333834e-01 4.075569819633403368e-01 3.707086783833801746e-01
7.952228131229553687e-02 7.726945931932005518e-02 1.335302850620810056e-01 7.815291092858556166e-01 1.840287141967564821e-01
9.526493446822398292e-01 9.142024937921794381e-01 9.517396405277628313e-01 6.868449898842029500e-01 9.170565290842205286e-01
1.571310919392022304e-02 1.928540216715197639e-02 2.959645588930662555e-02 5.899574668561381047e-02 1.472125737927854061e-01
4.605507411998048806e-01 2.860773838253415913e-01 3.211779432996620942e-01 1.479363090683416815e-01 1.558046585414558649e-01
2.036829181216366080e-01 2.667298428708078650e-01 4.310813763330660908e-01 6.757692548623286388e-01 8.209938209038227797e-01
2.924293150930905028e-01 6.487402805768822667e-01 7.790532250935788827e-01 5.170439852178008167e-01 5.694211847148835659e-01
5.481749879225501498e-01 6.919426787325055894e-01 6.612006577152054199e-01 7.301666613857545896e-01 9.842934201005846262e-01
6.718080057164290686e-01 8.987640851174434342e-01 8.384187865724683775e-01 9.588231477728894614e-01 9.332414926029741764e-01
8.452519090265601109e-01 7.873607873293632098e-01 9.087482043125812980e-01 6.336649341792819357e-01 9.479760129470378160e-01
3.343615922632544035e-01 5.307791672403837646e-01 5.001728616850252829e-01 7.042720386716070369e-01 9.020280351396650076e-01
6.702969849988418272e-01 4.544944661843883793e-01 5.682283509539870492e-01 2.994839960113892530e-01 2.722692824900150299e-01
4.935031938458629419e-01 7.366145461484944201e-01 3.026127265558945512e-01 2.410464722638056834e-01 4.560707912314683199e-01
9.946013064144667570e-01 6.148599341956245690e-01 8.662304609525408594e-01 9.396857081231024811e-01 5.963458067271858454e-01
1.737652557119582220e-01 1.339184348869819075e-01 1.576971706223723735e-01 1.425734315278398556e-01 1.213559915777295828e-01
5.001644585627204043e-01 2.452595023044532863e-01 8.669439953715359914e-01 3.380750866174037084e-01 2.821286995895206928e-01
7.601006410467981977e-01 8.013738734168066591e-01 3.545284141084648621e-01 2.885804635027915954e-01 4.455788014456629753e-01
6.783239809433115886e-01 6.417704594308792920e-01 9.493702418254942321e-01 5.931747300410453727e-01 7.239274722523987293e-01
3.936074144121656793e-01 2.798825833321251233e-01 8.358659333877130893e-01 6.811985717905902904e-01 3.448375193402171135e-01
3.808129150606430202e-01 2.374537667876649438e-01 5.163950505946535152e-01 3.913164025035381632e-01 2.694685892201960087e-01
8.292740295200222711e-01 3.598200839596222278e-01 7.782468512479946421e-01 4.138130806376996151e-01 3.259392897598445415e-01
3.081387391407138798e-01 2.013385258163923885e-01 1.053736525039972727e-01 1.049918160818410495e-01 1.021757312119007111e-01
9.655261258151102144e-01 9.556745197383896828e-01 6.508799178961345300e-01 4.942440853054367311e-01 8.134159562177956104e-01
4.851229110900965869e-01 8.181047165303080293e-01 5.358414674182030435e-01 8.305709249945799622e-01 8.481155978515744209e-01
7.146230236874185904e-01 8.516770775254289827e-01 6.801261743336651788e-01 7.348775870326451631e-01 9.663982209749519825e-01
5.047261958354222200e-01 4.789108353358427217e-01 8.400401994346546886e-01 8.963004035555356408e-01 5.901923954952508211e-01
7.427266814530645300e-01 6.303825967546592413e-01 4.965640236511844607e-01 6.138825976156767616e-01 4.316873981151729822e-01
1.640284308940065383e-02 2.581113947091422806e-02 3.773274958061659246e-02 3.433875530854285651e-02 3.013361343182623386e-01
4.473489410068810512e-01 3.550718801118855072e-01 9.493290449089618610e-01 7.507773538653893519e-01 7.607601475901901722e-01
9.407866734316416846e-01 8.303335651495802328e-01 6.779609193745843587e-01 3.771324118416938265e-01 7.281842380762100220e-01
3.717849631537307187e-01 8.165048415029146911e-01 3.722228416962892750e-01 5.514793182414152728e-01 5.876586569938808680e-01
6.994210498670672127e-01 6.723271397020279538e-01 7.599414581841171801e-01 6.889443593707346158e-01 8.323703773785382509e-01
3.672421689513488685e-02 2.879233414743272851e-02 4.842123458370196226e-02 4.331784286761591884e-02 4.164754902012646198e-02
9.279345891151408177e-01 8.302299977010523246e-01 8.974047941568736864e-01 9.606740936617759186e-01 8.426412476692348719e-01
2.111937362255940018e-03 2.260362016692751049e-03 5.412633998035217865e-03 2.199000334077092812e-03 3.002999117597937584e-03
8.867863685770528415e-01 3.973154349695664500e-01 5.700737999883863649e-01 6.434857329047490859e-01 3.354019876569509506e-01
8.516184149537963100e-01 7.189297090381877586e-01 8.412249152732522717e-01 9.700177017342258567e-01 9.896138485055416822e-01
5.020482415956427635e-01 6.782992037185966439e-01 6.312609894603521399e-01 7.249225738480752357e-01 8.530739790294319391e-01
8.594002611290777471e-01 8.302884278075648439e-01 8.533669386599912476e-01 9.839187675035517833e-01 9.363045184873044491e-01
8.407348181049033586e-01 7.575252525517351954e-01 6.805412989704030524e-01 9.400417238646082696e-01 7.099282885901629925e-01
2.807025342563449627e-02 1.083712823335832368e-02 1.630198428687847784e-02 1.666393650508884300e-02 9.589170804247260094e-03
5.576611541056015753e-01 3.562951245304060710e-01 5.709208247523973601e-01 6.375363856194878887e-01 2.988304761238396168e-01
7.824377394260950691e-01 8.533784729057620755e-01 9.857947043497607975e-01 9.144501443642630845e-01 9.094952689483761787e-01
3.594912703335335080e-01 3.722596830271436286e-01 9.553157593530346992e-01 9.643163087816095658e-01 7.208001199178397655e-01
3.215117131956661267e-01 3.746411284510737794e-01 2.978398379778293692e-01 1.561469844602186019e-01 2.190264237578958273e-01
7.161098829215351014e-01 8.300836065547034792e-01 9.048140020969926978e-01 7.881391218632834983e-01 9.837308423593640327e-01
5.154161782673898351e-01 4.818617372983829417e-01 5.777078376507071011e-01 6.962875451389471948e-01 4.115969392005354166e-01
7.669590933164688318e-01 9.406943180057385501e-01 9.081841645462077617e-01 8.992592187376218238e-01 9.993240004405379295e-01
6.286697268436095554e-01 3.232811221965921078e-01 7.870519576427117414e-01 7.329304826592580868e-01 3.240562465507537127e-01
3.561767659271601327e-01 6.044249629282464342e-01 2.489942314232416742e-01 4.980939713893955956e-01 2.816917535383254290e-01
3.143889847359893630e-01 3.554417896032033286e-01 7.165413307920048824e-01 8.160231100173376273e-01 5.637397242244333029e-01
2.349780643889547854e-02 5.731471334679207053e-02 2.066900282481769560e-02 3.477368975357365832e-02 4.707688023336231709e-02
9.525053825709666189e-01 2.197755228352067380e-01 5.869840166691615568e-01 8.406330070698085910e-01 2.468106872402131557e-01
9.985366954225466385e-01 9.837343233048068125e-01 9.614548756327245815e-01 8.260293566952477962e-01 9.542365067172795534e-01
6.048173035878806614e-01 6.260128712441774823e-01 6.803252785046015605e-01 4.752057258033108300e-01 8.146575202699750662e-01
5.896981122797306796e-01 9.224107371439180802e-01 2.574788531727917884e-01 3.919427480960125942e-01 2.508706417866051197e-01
5.553210224524408600e-01 8.385611835455610841e-01 8.096148689649675934e-01 8.041425400372265164e-01 9.492437220178544521e-01
7.843915393248634960e-01 2.624374853959444143e-01 8.692631130028422026e-02 7.736240834446331260e-02 8.238212740980088711e-02
2.406243755886941504e-01 1.709309234451050485e-01 2.898035055569628260e-01 3.572117419925233128e-01 1.492755720391869545e-01
6.970009591357539946e-01 6.575782365916557071e-01 8.942837528277112202e-01 7.163220411634709794e-01 9.344791362527757883e-01
7.184939684493112377e-01 4.436419361290482311e-01 6.201000224007856554e-01 2.419843973024250194e-01 2.994381373282521963e-01
2.670299960151081287e-01 6.144736757845998820e-01 2.946840565412548463e-01 7.480277183724943768e-01 9.668226172216236591e-01
7.221105927638529209e-01 6.299741663492138821e-01 7.044689262215633185e-01 8.964026017128644552e-01 5.779209155589342117e-01
8.543486137699137783e-01 8.617034982203358728e-01 5.896092359796851756e-01 6.724705132328933077e-01 5.989090874791145325e-01
5.921253887579905895e-01 6.395987902365610767e-01 6.486318557392656281e-01 5.898348326176012790e-01 7.292743334546685219e-01
3.120512192498379744e-01 7.076743639562618760e-02 2.063041656010696501e-01 2.628798292539776260e-01 6.199883343651890755e-02
5.310976246044389892e-01 7.892308478478787803e-01 4.217836764632748592e-01 5.974648516961819089e-01 7.670611247885972261e-01
