8.414007993606298363e-02 5.775723022204207885e-02 9.334384916362199747e-02 7.016115379519760609e-02 9.636328103145662405e-02 5.108764608767404208e-02
2.421351118272573599e-01 2.540178933872175859e-01 6.868749426146186776e-02 3.154617883265018463e-01 2.946393155107500106e-01 6.417923139236920982e-02
6.554760408586035592e-01 7.939670461215333486e-01 7.293518845981497023e-01 6.963988149072974920e-01 6.536874259768946649e-01 8.042285331797262016e-01
1.862260626208731562e-01 6.682883168354437908e-02 1.868839419905154453e-01 1.135067318100482225e-01 1.682192162617296149e-01 1.180580126244298728e-01
4.456172886030866920e-01 4.582323241561341298e-01 6.114928406982196307e-01 4.905069144442677498e-01 4.918752485021230525e-01 6.007604332370166667e-01
5.050034591946485074e-01 4.648069789752397041e-01 4.777975556980347815e-01 4.391719021368771791e-01 5.241561814443503886e-01 4.460485697747975653e-01
2.538865419854613448e-01 5.171925452216890040e-01 3.358302001627799793e-01 4.852134988177567720e-01 3.756712116875484675e-01 4.498376523780701075e-01
4.868025423564975029e-01 5.977578055463589335e-01 7.047792157342948061e-01 4.973925822414457798e-01 4.011041840850763651e-01 7.587395841613915337e-01
8.729464935241904033e-01 8.575307833315128914e-01 9.144777236671506326e-01 8.190821164753288031e-01 8.715603976335570824e-01 9.093878515724638234e-01
5.828462011882612481e-01 4.082380529647800516e-01 4.738003909683682346e-01 4.912215438671410084e-01 5.914392140476950610e-01 2.847407170678635246e-01
1.487225576395360960e-01 1.492278741022240174e-01 9.482232238866498963e-02 2.599172228947281837e-01 9.532296638830758950e-02 7.314670473909389015e-02
5.431973876565135972e-01 8.061771474128022197e-01 3.778762706713719721e-01 7.427181128878146410e-01 6.173554639067490024e-01 6.925483657561880557e-01
1.787106880142526333e-01 4.672688384869227302e-02 2.814785538207527082e-01 1.118263858370482922e-02 1.842424476254917454e-01 1.527703328683831518e-01
4.370453684809581518e-01 4.512889009260773188e-01 3.982059524972228481e-01 4.263999192044138908e-01 3.841872303265230770e-01 4.530929355567922534e-01
1.091901174972532453e-02 1.250343286427422346e-02 2.333325128180986988e-02 3.997199703007936478e-03 9.223328239158673156e-03 2.763201403952804044e-02
2.392843164722975036e-01 3.712994085561773239e-01 2.592704571905396493e-01 3.492696811445057392e-01 2.340643633783051902e-01 3.742959830449503200e-01
8.066678678320653439e-01 7.746199961240685106e-01 5.949204188966782381e-01 8.645022595301270485e-01 8.308303398570756615e-01 5.031628744911655904e-01
6.841841962566367341e-01 9.180035615295036866e-01 8.541865338154678300e-01 6.303574116900563240e-01 6.336256255265793058e-01 9.360063535207016061e-01
4.354314707282296304e-01 7.723283111708065807e-01 7.724218588475313396e-01 6.276986310258507729e-01 5.015742611254968564e-01 8.400058379673052134e-01
5.949700267507879170e-01 6.214129440730022935e-01 6.972479623160430240e-01 5.461090272292494774e-01 6.336950041990286886e-01 6.912522739574553654e-01
2.745047083137682198e-01 4.388275781926943009e-01 4.958780709978054951e-02 4.818432396277785301e-01 1.532740257260926386e-01 1.688296040613474769e-01
8.389916092904599054e-01 7.960244431488282535e-01 7.745441445707615946e-01 8.606503377668559551e-01 8.578330232248674303e-01 6.872047712314756085e-01
9.703987308843626813e-01 9.474228684789961497e-01 9.744124404363673220e-01 9.578022854402661324e-01 9.705908414712335341e-01 9.645627882462308733e-01
4.070664203492721511e-01 4.119402811396331576e-01 4.664351114486844918e-02 5.084379783365875483e-01 4.499982450864895567e-01 3.742440439137073582e-02
4.115044874877780701e-01 3.973396194393518099e-01 1.407292851098365660e-01 4.444670139346271753e-01 4.243313135212616882e-01 1.101529422453343815e-01
2.347428752142127761e-01 7.193562081903712713e-01 7.102508711478797698e-01 5.538732707500457764e-01 1.237714519597555018e-01 8.382096154842756386e-01
6.180229439763268440e-01 5.755394305627467011e-01 6.188705688262056137e-01 5.302463697735220194e-01 6.090345830682500905e-01 5.828605661296507590e-01
7.409800630977555480e-01 8.616679362704678935e-01 7.207892812714736808e-01 8.070911981631070375e-01 7.328160877376931337e-01 8.264838266334326722e-01
1.193007736323022233e-01 1.812496087832013089e-02 1.318718985444516066e-02 1.229873604606837034e-01 7.292028024939567477e-02 3.668080653619930961e-04
5.220013326235586337e-01 6.261994554420078352e-01 2.692808538278437802e-01 6.311142651829868555e-01 5.157424632011921029e-01 4.532006614022697222e-01
3.769788997001278785e-01 5.617520610480484233e-01 2.783191286185203173e-01 4.457037665415555239e-01 3.527447540306498097e-01 4.846060952834376767e-01
9.153732214437262371e-01 9.131892369311988000e-01 8.637043871126512951e-01 9.182876779232174158e-01 9.178460688631638886e-01 8.498635931306017799e-01
6.366984743308115036e-01 8.965447478028799599e-01 7.417054065831275578e-01 4.927920212503522635e-01 4.523780337368228377e-01 9.125149509711052431e-01
7.862262154809690484e-01 8.044025632464086861e-01 8.176503749235415341e-01 7.935869374778121710e-01 8.135056478719554507e-01 8.064839951243987226e-01
3.295827640387836710e-01 2.435926461364914808e-01 5.198927642950434969e-01 5.575809341389685869e-01 2.243347967474669802e-01 5.582737200658457466e-01
3.859337114859462403e-01 4.798418566424741960e-01 4.301327751791435006e-01 4.229058888740837574e-01 4.156445445090487523e-01 4.794143927654085924e-01
2.456691677606433477e-01 3.005494986360020548e-01 1.131867935464662134e-01 3.409768440760672092e-01 2.462681979305796909e-01 1.840022577128254400e-01
3.521116773419462609e-01 8.960119184270592951e-02 5.453760941944861829e-01 1.573216661345213652e-01 3.603118272608420436e-01 4.243613914470467097e-01
9.681544215445492263e-01 9.614764939964951518e-01 9.733088778743859137e-01 9.696145097259432077e-01 9.628361586229219338e-01 9.721161277446755955e-01
8.987956131517377267e-01 9.024629061433696586e-01 7.767998230844215257e-01 9.016205186489969492e-01 8.954552160529648530e-01 7.883990912684855079e-01
2.525419821933251874e-01 2.995056531853180354e-02 1.783812070842255848e-01 1.185167245566844940e-01 2.651271891741570630e-01 1.750087817647813515e-02
5.384025511657228869e-01 5.248982834452634583e-01 6.211444174982052591e-01 4.313916140235960484e-01 5.149357807270895648e-01 6.296554171590139637e-01
7.006212127771864751e-01 7.857231876255710290e-01 6.118824132107292257e-01 7.508315069135278463e-01 7.142783826512945078e-01 7.041679991599280042e-01
2.307405616509760060e-01 1.704235349719114834e-01 2.522271984921032884e-01 2.632545821834355593e-01 2.404701643342957440e-01 2.044573688106925691e-01
7.931820671796424582e-01 2.642506687354144179e-01 7.600479622973904670e-01 5.605295519344508648e-01 8.030865915017375567e-01 3.316797486748844781e-01
5.695328303114909341e-01 3.484108250129471229e-01 7.875730322460022803e-02 6.682770284824073315e-01 5.981956144486169080e-01 1.161691331657401134e-02
1.207846719920740303e-01 2.280095799100880782e-01 2.338436784985296890e-01 8.759671892039477825e-02 7.955491609393694485e-02 3.385330394471828264e-01
3.363656875981143601e-01 4.328873917754927914e-01 5.581024015977285035e-01 2.632693576160818338e-01 4.170216200128412098e-01 5.723338794883704450e-01
5.824522633733391014e-04 2.747356637853070119e-03 6.391990057501660723e-03 3.177803708240389824e-03 2.332861007880514910e-04 2.356750863477943131e-02
3.240702130073940812e-01 5.497903061252390478e-01 5.338177266986295078e-02 4.901894964277744293e-01 3.987002202095908943e-01 2.090394760263261931e-01
2.082335625926329259e-01 1.991915219641542945e-01 2.064479804067075042e-01 2.056154785677790642e-01 1.921913805837473788e-01 2.049616150612067478e-01
1.336660636147393721e-01 8.357682322268715491e-02 9.584229629671779660e-02 9.361588070169091225e-02 1.103442405599690812e-01 7.140221479769572055e-02
8.341404751466044987e-01 6.778810939620649734e-01 8.461161234469246617e-01 7.633973706979304552e-01 8.261616013340324916e-01 7.896833173538589934e-01
1.444842872770839837e-01 3.173097209810368108e-02 1.726151517892246523e-01 5.043519311584532261e-02 1.323520476208607799e-01 7.186950562350646887e-02
7.633502603202733106e-01 6.658991148613532252e-01 7.826669463207126531e-01 7.330040440429002047e-01 7.371234079558398600e-01 7.552771704594573032e-01
3.161479623516274540e-01 3.527903716768668874e-01 3.824462085639707132e-01 3.075217506848275661e-01 2.892740111622465471e-01 4.150707570487497389e-01
9.675957438057000148e-01 9.707190086558431519e-01 9.127747698532507892e-01 9.680777585599571466e-01 9.705969831555423255e-01 9.087017685017787505e-01
9.561646304154868270e-01 9.332322943215597411e-01 9.561426089880010748e-01 9.425756733398884535e-01 9.551595167765675187e-01 9.471935674205514966e-01
6.859606003816374198e-01 6.256809852851480391e-01 4.893507086989603572e-01 6.983065353706479073e-01 6.755386542680975603e-01 4.429613053138516388e-01
7.503731942266607113e-01 7.084335418223532965e-01 6.760245723709479293e-01 7.612986979074776173e-01 7.431162824761019525e-01 6.585962099515307866e-01
2.169255897802506994e-01 1.716642773993118376e-01 1.527289957216023675e-01 1.589089974295347929e-01 2.439667821303721229e-01 1.106461774191345310e-01
8.961607837297815848e-01 6.728749808509494335e-01 8.652513885190555865e-01 7.903228523209691048e-01 8.888066050848539845e-01 6.922405516624855482e-01
3.176477193623424844e-01 1.919584630160503166e-02 3.788701079594274934e-01 1.007402192335575819e-01 3.348646616936116205e-01 9.641675876729136063e-02
8.710044775893494018e-01 9.004442975231529145e-01 7.886998968589781223e-01 8.697318441700190306e-01 8.836446072036606703e-01 8.263060099617181020e-01
8.917966365167105947e-01 9.208125143834545723e-01 8.424437327864141567e-01 9.082871454302221537e-01 8.766305972633597898e-01 8.952471765825725791e-01
2.955896922096910018e-01 3.453235820899992481e-01 4.641080798172125266e-01 1.538254008628427982e-01 2.878502453286503338e-01 4.963990944855157794e-01
5.607061616620557798e-01 5.887334942386160952e-01 7.245084586483209188e-01 4.943372106645256281e-01 5.352640777639405822e-01 7.486256989385997596e-01
3.338118508599003526e-02 3.952482623351840085e-01 2.369732703603683599e-01 7.000376097857952118e-02 2.550402890165627198e-02 5.138105521597301495e-01
4.470705990767611104e-01 2.959071503451469187e-01 4.957963306935098680e-01 3.148744045756757259e-01 4.429244791847736784e-01 4.145345954531475807e-01
7.305723034730621235e-01 7.022285072002997230e-01 6.630375909062439232e-01 6.884267013520002365e-01 7.251446343129674954e-01 6.517950082948512636e-01
6.953852776915034895e-01 5.019383437888648158e-01 6.377434445062272195e-01 6.563883612398058176e-01 6.836336195151372364e-01 5.494534627055732701e-01
3.113297588328943211e-01 3.140086116609297484e-01 3.735826839003148492e-01 4.099823110736906528e-01 3.548815774472134366e-01 3.945962641782450042e-01
4.882210369697991270e-01 4.708951127142420590e-01 4.885769475783677263e-01 3.741456542629748583e-01 4.984747835635475743e-01 4.605858581465172019e-01
6.333982358835161808e-01 6.388622448028707934e-01 5.127131683241683557e-01 7.573216059245169163e-01 6.277725849769650868e-01 5.503519311518206836e-01
7.172413144300100463e-01 6.094258116813232595e-01 6.420797717147846972e-01 6.440514270216226578e-01 7.246047976345321162e-01 5.199236180965783882e-01
5.919840078195409694e-01 5.880470960610471032e-01 7.949666676889699524e-01 4.478935927618294954e-01 6.038332666074829325e-01 7.909001159655086877e-01
4.899116618004679125e-01 5.076469275490321786e-01 5.777829046344461483e-01 4.284512654412537813e-01 5.129743030220262900e-01 5.664288550866380945e-01
6.340731719742683792e-01 8.293543633917156432e-01 4.810169704534302260e-01 8.325336088892072439e-01 7.873910868724334211e-01 6.025908698016030351e-01
3.681467197916436507e-01 1.431666492195275697e-01 5.637326623548707394e-01 1.564227445051074028e-01 3.680785070076078580e-01 4.535121230941322468e-01
9.776199912006939829e-01 9.851023666600681183e-01 9.755871114797809440e-01 9.797686261590570211e-01 9.783515296532443450e-01 9.824805654722731374e-01
9.488986527881596023e-02 2.223996203104444680e-02 2.951853113222513980e-01 2.143521886318922043e-02 5.695782104210353469e-02 2.713481979928550336e-01
5.958228464779572464e-01 3.208471872013243797e-01 6.368244835584365715e-01 4.141814124304801226e-01 5.899009046671106482e-01 4.705632719672176445e-01
5.505377164990780114e-01 4.566247966154156623e-01 4.552611289725958521e-01 3.762352641206234694e-01 5.549434437116906871e-01 3.515556220913645946e-01
9.607582970863957073e-01 9.390490185081697971e-01 9.365329181211244913e-01 9.584446146618574858e-01 9.648340750466989357e-01 8.879256677828767375e-01
5.499131289316886440e-01 6.363022073660909994e-01 4.506269845346129732e-01 6.002330074552446604e-01 6.313848963896677713e-01 4.545721478195909326e-01
7.375049815603766934e-01 6.530526697608999287e-01 6.128473478269985675e-01 7.758008542004972696e-01 7.591298736111632417e-01 4.949992223540851111e-01
4.895422764602270771e-01 3.242705412011431809e-01 3.678666917442703355e-01 4.114710749126970768e-01 4.872940736723702093e-01 2.029455029550245593e-01
3.153842101579400897e-02 7.968288294627609569e-02 2.376242468460313881e-02 6.724229431711137295e-02 4.429034776900473563e-02 4.209450854242161727e-02
3.456732504927710892e-01 2.979668226944218179e-01 4.627312595403062501e-01 3.595007364638149738e-01 3.271693739835594417e-01 4.507276644859424253e-01
3.849061669644199268e-01 2.227776521225633688e-01 5.888488845946134864e-01 2.448659169021993876e-01 3.457275427476192986e-01 5.606178835355741796e-01
9.886391660719001662e-01 9.886383145132616734e-01 9.848375663533626145e-01 9.896261000540107489e-01 9.882545101030505430e-01 9.856215361897336935e-01
5.714109234289269645e-01 1.773859363285238411e-01 6.231317942301508594e-01 2.451609121635556221e-01 5.135127957384519881e-01 4.738330133565630820e-01
6.626474673342495070e-01 4.573770385136396999e-01 5.876501220017747995e-01 6.438208369072526693e-01 6.676487265913323421e-01 4.311027055689442000e-01
8.955427439057290773e-01 5.370576547170988757e-01 8.856647434073388059e-01 7.397582337725907564e-01 8.906230800929234581e-01 6.847572306099080075e-01
1.599264454135336244e-01 2.871580596848811173e-01 6.085099360150286740e-02 2.496054247021675110e-01 1.159801011550037203e-01 1.418007223438097486e-01
9.370648177624659736e-01 8.960631305366976163e-01 8.884785812525760607e-01 9.084653432946652174e-01 9.350444563211753879e-01 7.860738982230330851e-01
6.013451156110982687e-01 7.872597293137668650e-01 3.418594071702275028e-01 5.833149994723498821e-01 6.137204942818681452e-01 6.733608838263919205e-01
9.820945739963751198e-01 9.726832548731783046e-01 9.777957456517009094e-01 9.769465203862637281e-01 9.820900719271503654e-01 9.694792287003488607e-01
5.900511831299179999e-01 6.479740351342863081e-01 7.071211974532398692e-01 7.449685411993414164e-01 6.200793472998856748e-01 6.997033054939243435e-01
1.416223657366020017e-01 2.012169248265567589e-01 2.422169190914068848e-01 1.538159081246703863e-01 2.087743702843662952e-01 2.444165241492925744e-01
