9.498725067277828948e-01 9.775408693541211003e-01 9.768130175796474468e-01 9.145773619539012689e-01 8.847551636863499880e-01 9.799543153956997710e-01 9.036294250010874496e-01
8.207732952138576676e-01 8.687313199977416689e-01 8.636914270680660088e-01 7.890799163800790161e-01 7.610660239588469267e-01 8.686023629237323851e-01 7.957332404603602027e-01
3.178391740873410254e-01 1.214346233476854553e-01 1.554455621088961237e-01 1.803136294628828740e-01 1.717193298973143101e-01 2.309820647112011960e-01 2.411480954553448242e-01
9.624084595447612855e-01 9.141737636483636686e-01 8.792234112123338274e-01 9.728331421795176626e-01 9.693199037574231625e-01 8.242205315014538014e-01 9.582745774535812444e-01
6.275602864412667126e-01 7.010939981786091790e-01 6.585926787797006243e-01 6.179164809163667504e-01 5.688593834638595581e-01 7.074347003502218234e-01 6.518739766483895304e-01
5.577730115296014590e-01 4.112411166486910075e-01 2.944385411904424377e-01 6.004852983603042871e-01 5.640151517000049353e-01 3.640125043466994059e-01 6.144422375191397334e-01
2.019413383605813961e-01 4.084269504780461274e-02 1.322607266206334529e-02 7.783486316772665614e-02 6.689572357572615147e-02 1.566333198307746921e-01 2.558256426379760251e-01
6.220411042761000431e-01 8.005295881068217323e-01 4.010061195906456932e-01 6.855935557970370686e-01 4.789736687671393156e-01 7.949170606543258799e-01 8.561434043887915513e-01
2.953105127920304107e-01 3.115189588082653560e-01 3.337378780980745363e-01 3.867307564463495217e-01 4.291301725897938013e-01 2.755392086591892942e-01 3.887208714651526620e-01
3.992358183964553331e-01 3.262218613891217922e-01 4.191378466615270360e-01 2.057037375418671044e-01 2.663810651283711195e-01 4.693396682594864755e-01 3.265640818103878740e-01
9.673934295915698200e-02 2.607686809886802792e-02 1.099503233723646001e-01 2.147648180825039235e-02 8.346194610930979252e-02 1.063435751434954890e-01 7.051585311653628396e-02
1.753901275090210266e-01 5.220544972577999543e-01 5.919736205261290074e-01 4.663675219829193502e-02 1.103560344781726599e-01 5.573309749698063253e-01 1.346043738936640415e-02
3.380282089045428817e-01 5.694040988031172645e-01 4.209951309331584346e-01 5.429976241516255575e-01 4.698170297779142857e-01 4.870752626173742161e-01 5.804277312405063949e-01
7.293315199766186099e-03 1.452289068536096184e-01 4.742418986126744479e-02 7.040169009337363115e-02 1.019499753601849079e-02 4.116482492958450923e-02 1.846950724287142742e-02
9.258234495332076097e-01 9.021210773376661107e-01 9.104596484555722569e-01 8.866984547797261973e-01 8.851382236462086439e-01 9.268505772239485907e-01 9.079778951462081915e-01
9.603033099537235939e-01 7.118375510317058730e-01 9.373164506146558494e-01 9.249115879747823454e-01 9.545566360466182232e-01 8.969623260395188646e-01 9.125016699183625679e-01
4.773008859656879821e-02 9.323985877780331666e-02 1.188626052727591309e-01 5.896995371200089431e-02 9.996745572425425053e-02 1.044672031337349344e-01 8.505161992677653937e-02
3.917431063233275945e-01 5.118095655741646821e-01 5.266588348705105727e-01 4.538678496131346995e-01 4.575157356448471546e-01 4.313255666458341020e-01 2.505060943540532992e-01
8.233947267368810774e-01 9.180780041980929340e-01 9.110177083220240002e-01 9.348254006792212634e-01 9.320077772717922926e-01 8.219742652138930517e-01 8.517598885361647998e-01
5.672176756492899319e-01 5.659781152876702803e-01 4.781440970789800349e-01 6.812556367103916877e-01 6.041244047228246927e-01 3.911906615750573302e-01 3.801727189286255304e-01
8.840347858727144459e-01 7.965574648457335316e-01 9.075134385031878859e-01 8.242592784099483927e-01 9.017947097308933735e-01 8.566863880389864461e-01 7.951624867771109884e-01
9.246628618534652455e-01 5.872258575413000781e-01 9.146771615579939452e-01 7.786879909475499240e-01 9.007648702245205641e-01 8.587869627733580868e-01 5.665851724846731052e-01
3.055299061417700579e-01 1.577708697943580596e-01 3.773847081843988427e-01 5.765806179215383909e-02 2.039959393441677094e-01 3.229758434690869207e-01 1.072294396166774827e-01
5.390209035328932807e-02 4.080011686437410093e-03 8.009601244839358036e-02 1.006648162067625557e-03 3.229359886609017849e-02 4.681946232834093696e-02 1.064308092210858661e-02
4.533980816853108164e-01 4.318707573429721447e-01 3.487074634370803117e-01 5.200120647729312706e-01 4.463163425680249929e-01 3.769152309275511925e-01 4.425580681406766081e-01
4.476643756304592853e-02 2.726472400132186613e-01 2.528808892342433445e-01 9.118241463723249229e-02 9.348806226626038551e-02 2.650213204948497769e-01 9.924378465975752794e-02
1.253258558829020153e-01 1.588165950735392906e-02 8.805784094547142171e-02 7.897002285732962479e-02 1.392643905710428953e-01 2.686507072679731808e-02 2.753170989063181973e-02
8.177348182599437632e-01 6.957305581096298042e-01 7.939676433752324014e-01 7.454656619936511630e-01 7.849206735845655203e-01 7.675709346329870897e-01 6.849460794466066815e-01
3.341678125221045903e-01 4.533069078288115006e-01 4.954336503844076756e-01 4.054840792253183168e-01 4.852483836002647877e-01 5.212706057613261112e-01 4.556342667873703456e-01
1.239500330523537891e-01 7.876649294872456464e-02 6.178748782318373850e-02 2.034291250636826864e-01 1.817549203988164663e-01 3.350773643342410540e-02 1.145815213413223649e-01
9.588278138044460663e-02 4.028385276783859326e-02 5.217052672914583578e-02 1.260948381540977214e-01 1.349819835741072893e-01 2.716845435291704441e-02 7.705876409822948192e-02
3.996571932568791508e-01 3.510656903588063593e-01 1.795045676524006650e-01 2.771854492334886455e-01 1.577332934830337763e-01 4.478244646845190857e-01 4.915747152256801922e-01
1.672821234521210676e-01 7.641619491265452813e-02 1.742902399096808441e-01 2.333073926918491012e-02 6.313136569224298000e-02 2.041971850607533778e-01 7.854176679430467656e-02
9.967018958437605658e-01 9.954737046841607429e-01 9.961699607952875235e-01 9.959770467047178721e-01 9.963105097413063049e-01 9.960626601256868939e-01 9.961938958482355888e-01
4.613066984016271355e-01 5.086116012760270033e-01 3.226150152437015084e-01 5.348159875864979540e-01 4.449186550918966532e-01 4.603686640117209961e-01 5.901273120718258935e-01
7.880970939614609927e-01 7.963249051874979889e-01 7.626190090645200703e-01 8.831596815189577399e-01 8.722235274035483599e-01 6.108071405463415537e-01 7.760692588488919963e-01
3.823628869462286084e-01 4.863354347470005279e-01 3.713349595040486145e-02 5.226358888084631227e-01 3.196217531803995371e-01 4.363745341687910728e-01 6.673313010213344221e-01
5.816908876081361424e-01 2.511010847163462900e-01 6.361105563809116292e-01 5.282070064574986290e-01 6.974481921643018723e-01 3.414355491083032601e-01 2.306633905742556390e-01
8.263617004919826536e-01 7.696596847195255053e-01 7.946689825845794086e-01 8.505933395583188394e-01 8.502241759561002254e-01 7.299202290416894057e-01 7.516753038058936465e-01
6.347915791444276312e-01 7.023579807407313025e-01 6.831950764555224653e-01 6.663042992162863110e-01 6.350283876527100801e-01 6.794009872810582440e-01 6.007867324595329572e-01
1.800330361483124253e-01 1.923471858463443040e-01 2.041329700607072695e-01 2.135662906060283306e-01 2.288770724553614855e-01 1.775704911468113656e-01 1.976913694375741770e-01
6.459320447708010171e-01 3.441934592511800006e-01 3.990600824859270035e-01 4.445821566464092101e-01 3.838600104209035635e-01 5.719604080669885571e-01 5.475583726715982369e-01
7.670429838470282924e-01 7.446965961348447349e-01 5.651588292736582364e-01 7.224425619569564416e-01 5.750703124795109034e-01 7.884594879965328706e-01 8.021292306719300935e-01
1.601521917889774937e-01 1.229143225361709196e-01 8.087894480656646068e-02 1.402376546954716141e-01 9.002221701666712761e-02 1.389923768329044129e-01 1.462845632062778622e-01
2.576732418916650724e-01 6.573866715390812299e-02 2.710319749919574139e-01 1.628704392497012376e-01 3.058316113892942667e-01 8.022800537932352205e-02 5.272684674904804664e-02
1.685693331949336127e-01 1.606340802493793074e-01 8.333768673296775009e-02 3.549248203601137464e-01 3.273817277513444424e-01 5.017501227174669259e-02 2.954157633333831523e-01
4.966159110629499857e-03 2.144498711865445301e-02 3.184490684346113088e-03 9.191023979431110422e-03 4.993346752598881721e-03 2.668180563521602502e-02 4.773396600098283454e-02
1.233388319488042811e-01 3.770821821055110878e-01 3.972299233159517495e-01 1.834001407238395054e-01 2.137972388882189989e-01 3.168396223564697300e-01 1.343116324855244126e-01
1.179245647085099130e-01 5.586997269106730446e-01 3.145247448773716425e-01 4.739403157479257223e-01 2.304228905122727156e-01 3.423587564303050002e-01 2.807048533115845124e-01
6.206598710058756074e-01 8.263649794333770560e-01 8.245763922134593527e-01 6.813899472062687757e-01 6.433420714456588030e-01 7.781301531849211806e-01 4.196054996062084097e-01
9.043357910768953234e-01 8.753518396649601074e-01 8.545052638849597315e-01 9.079992656359299197e-01 8.952519157901406288e-01 8.692081735232590756e-01 8.997064147250558586e-01
1.298915706317070075e-02 1.744803258191741091e-01 6.724353748261553687e-02 1.291954277141300067e-01 4.875550605356693268e-02 4.487510331927917900e-02 5.779023662314663329e-02
9.231250571806726146e-01 9.498429410950007812e-01 9.088097484032022777e-01 9.396743639863147646e-01 9.109542460646480322e-01 9.434614511815613280e-01 9.542415398797963189e-01
9.700685148995399354e-01 9.947862968067274769e-01 9.905868213473983941e-01 9.930800768400880330e-01 9.898048164322972298e-01 9.927947014390151592e-01 9.938773658205676265e-01
1.267922343470863911e-01 6.680819458254391163e-01 5.711342029593061698e-01 4.371197807648015687e-01 2.701627986971288919e-01 5.478064164736776709e-01 3.362999166993303479e-01
1.905265200670749615e-01 4.678101248654131794e-01 6.425456562599413113e-01 2.233595471016093792e-01 4.868237960617989302e-01 4.515900690382007587e-01 1.087519848643095505e-01
5.869834614862067257e-01 7.431981886918397062e-02 3.125535337103280131e-01 3.743279250907494138e-01 4.488002127036452293e-01 3.253079299651264744e-01 4.239466205459276882e-01
9.123767252505177172e-01 9.437908564303029157e-01 9.450306977092081118e-01 9.359414035119485442e-01 9.388508656993508339e-01 9.327294203508117443e-01 9.127240386144128692e-01
8.455439867167775514e-01 7.629566878316275114e-01 7.548367233188034708e-01 8.788598376223328845e-01 8.847778930794447660e-01 7.054354509022444653e-01 8.760088501746108314e-01
9.593675138463431118e-01 9.514330606605734264e-01 9.456415060455883870e-01 9.090168403296652322e-01 8.876663104165345430e-01 9.694259846376104273e-01 9.586110026392864469e-01
1.769472416977772855e-01 1.366260700318842197e-03 4.500160333833855275e-02 1.088036611287209188e-01 2.073067424353212118e-01 9.126428702626771666e-03 9.582357049727319165e-02
6.705314380688165432e-02 4.284883598698623897e-01 3.484202497430741174e-01 1.975228571350663154e-01 1.326617926824837923e-01 3.292530988913204282e-01 1.777189616048651943e-01
1.849582316798013271e-01 7.290765432165130511e-02 1.528736055279640224e-02 2.582598763527037544e-01 1.718434628564864397e-01 3.713178927239805388e-02 2.154036171880414352e-01
4.160268545956365971e-01 3.268880575839636093e-01 5.990578761913292055e-02 6.224880261339386101e-01 5.169351736549288034e-01 5.905729477830443802e-02 5.298891444820694741e-01
4.412872822843914855e-02 1.287056895861593553e-01 2.605799014156035334e-02 1.240799741347786145e-01 5.044795572757720947e-02 7.256104784269244712e-02 1.429110963205589280e-01
4.860982068771349529e-01 6.822036528362702690e-01 7.058441337052202558e-01 6.670466715856021578e-01 7.015195270068943501e-01 6.004789733491248116e-01 5.960051853908194808e-01
7.443025105841691857e-01 7.842758834979595139e-01 8.498666000900968465e-01 3.862380221430735117e-01 6.336699782405048609e-01 8.624781911288621483e-01 7.156608460340233568e-01
2.661386652209905557e-01 3.327343392861015214e-01 1.840983584508318893e-01 3.165683598182654213e-01 2.436490093823522329e-01 3.138504523610315400e-01 4.059176413381189730e-01
9.358947898851132097e-01 9.385557142735443392e-01 9.511869354273909671e-01 9.465820740150389101e-01 9.551797581370919943e-01 9.239712664617639737e-01 9.292759171345559288e-01
6.799297265659887124e-01 5.902912896337442206e-01 5.479958117078492785e-01 6.702835974635910077e-01 6.422755625098943710e-01 6.086884714745101066e-01 6.744409289369771576e-01
2.297783552674686480e-01 1.925529007222351874e-01 1.465085618929413136e-01 2.977903220184942579e-01 2.840384193696081638e-01 1.426853976032717852e-01 2.905789815519347341e-01
5.470527491834179523e-01 7.476677966279509091e-01 7.657371645700121743e-01 5.922996497707196939e-01 6.440329756587743759e-01 7.335180788941801922e-01 6.048998195099971609e-01
2.332027415314427699e-01 2.822044009978975088e-01 2.312994427873064085e-01 2.777197859292802051e-01 2.337456969544291496e-01 2.245780445832516736e-01 2.427682599425410870e-01
5.696243139542469525e-01 6.182123375701129575e-01 6.459490180842567542e-01 7.717734940737592808e-01 7.858003999572247267e-01 3.092346588770982230e-01 5.940179441059605381e-01
2.073857840910163508e-01 2.001469689408551800e-01 2.360925517882589419e-01 1.496857484943382166e-01 1.535529028624296188e-01 2.367932698372358091e-01 8.222156587405711481e-02
6.977229015698962478e-01 7.637826240195236815e-01 2.529504594286742791e-01 7.657726328944404193e-01 4.856256362982094288e-01 7.330169012466866141e-01 8.298290772077757671e-01
4.644436535748066031e-01 6.802936800411842899e-01 5.960588175817349565e-01 6.218687079050235766e-01 5.591470892541110516e-01 6.059803297309717118e-01 6.133313163888971520e-01
1.810930926815869091e-01 3.181666410362275488e-01 2.756535679886663037e-01 2.760691126382582294e-01 2.276235946919769049e-01 2.534779590422652773e-01 1.429289292790930643e-01
3.254619213523833876e-01 7.473157479590692986e-01 7.515221751027814090e-01 5.242082744733218558e-01 5.563849036116153002e-01 6.743632546755673474e-01 4.306630709707438553e-01
7.795633782779347598e-01 7.805530747220358334e-01 7.537064113952525179e-01 7.927679658131956408e-01 7.586913611739873886e-01 7.603881629105044837e-01 7.453756943766599585e-01
4.995368378127201803e-01 3.446303281604473079e-01 5.348315356720302338e-01 3.338336263469557919e-01 4.732292506378144026e-01 4.197073477818711318e-01 2.775851342528707910e-01
2.848556498671008241e-01 1.573519340935499999e-01 1.652533044922965544e-01 2.912278058508245282e-01 2.697328908834606409e-01 1.344013571460030976e-01 1.919718834138831320e-01
4.616535544333959518e-01 6.183655407512077540e-01 6.573835455939184280e-01 2.154452294229690645e-01 3.446245726663619280e-01 6.790832440862569763e-01 4.946144915635735662e-01
4.833500193596522165e-01 9.017874440998443486e-01 7.780625124477855703e-01 8.715954152701685942e-01 7.205116371624171734e-01 8.118298349827979266e-01 8.233915863686787073e-01
9.164970657787337993e-01 4.810639764751703518e-01 8.633849351660236593e-01 7.990802570567056007e-01 8.941192827187478542e-01 8.221898934066672604e-01 8.658422635971354531e-01
5.984701239868892575e-01 5.685739642753835366e-01 5.990958162960589029e-01 6.138633350343689621e-01 6.497046891599893570e-01 5.680091962008225748e-01 6.308814185037424638e-01
2.837377359338168481e-01 2.293364517737463137e-01 3.331542771096154820e-01 2.506272584236824419e-01 3.249298548325896263e-01 2.577273560958142640e-01 2.282457290901732938e-01
8.309544115143745469e-01 7.967100039230240460e-01 7.798360960094641303e-01 8.923566834301929207e-01 8.867645293939858675e-01 6.052401133187051974e-01 8.231011292469957441e-01
2.662498386082935986e-01 1.765634806346650931e-01 1.718962872240250572e-01 1.726520863091083324e-01 1.708023368846625090e-01 2.570145017318188896e-01 2.643315221376180135e-01
9.327610929909302406e-02 3.468312716049742339e-01 2.204920890187415106e-01 1.491658257547322231e-01 9.376457636244595051e-02 3.383510403206857475e-01 2.961040491710905109e-01
2.714235811385758423e-01 3.550672946766520455e-01 2.955802880783413022e-01 3.007817987141714333e-01 2.473471402190625668e-01 3.309896216568499194e-01 3.055016021902226542e-01
3.945948430519740091e-01 1.057335962607944962e-01 1.383865785392208725e-01 4.116753840290046651e-01 3.933625018689781427e-01 6.326007127851955569e-02 2.844627315003025458e-01
3.528058996938842062e-01 4.664307657220028713e-01 2.192567615506118006e-01 4.267820024435057258e-01 2.767851853277534246e-01 4.362197559146644976e-01 5.392774906668345025e-01
5.282831073339794292e-01 5.959765105177646793e-01 6.451069634718181733e-01 9.278001367389700216e-02 1.102594940457493067e-01 7.288723789710577217e-01 2.825008078545912515e-01
9.923127715298888374e-01 9.868364760033047078e-01 9.848077191898160221e-01 9.925124990551352777e-01 9.930604989640414715e-01 9.874959019858974285e-01 9.941924125795862377e-01
4.704999242847101026e-01 7.830488025001587360e-01 7.041295072305214786e-01 7.694031477393062923e-01 7.381898453459143639e-01 7.033869792274579646e-01 7.621200467057854810e-01
3.311904053667910075e-01 8.836698389930048858e-01 8.151533500782909281e-01 8.226428861597964159e-01 7.024747484829276800e-01 7.845751863176919638e-01 7.100941210379030366e-01
2.935292728349748748e-01 2.885107601167645752e-01 2.886715901568854270e-01 2.371084018991384823e-01 2.744442452676594257e-01 3.568438927437661001e-01 3.658709586009806780e-01
6.629497265796684413e-01 8.883243651984259470e-01 7.717159815540814982e-01 8.112962765601646753e-01 5.406237163115292788e-01 8.550846350677727692e-01 8.044093486752635913e-01
9.091580700636961443e-02 1.481958250641222385e-01 2.388650080913571477e-02 2.259599289234844599e-01 6.770025985315442085e-02 3.496470341773055823e-02 4.227431135358186709e-02
