9.847342784977287655e-01 9.608722421543614001e-01 3.764454246621464217e-01 4.655088479630649090e-01
6.055788206826533404e-01 7.656143822186481929e-01 9.717317415786999035e-01 4.717271875124424696e-01
9.192760427729498307e-01 1.554564765793410852e-01 5.185882485965115363e-01 2.089320679660886526e-01
9.577920677648968928e-01 8.002396001451484997e-01 8.710072671485823426e-01 8.117526527494192123e-01
2.358932714069218173e-01 5.676305830220542692e-01 3.389936830969915160e-01 2.917911233380436897e-01
4.330075256408129070e-01 1.968433417014966713e-01 4.473952187509237094e-02 2.770303105935454369e-01
3.028278085581594392e-01 8.190935768849352261e-01 6.501839459593524717e-01 7.631245609372854233e-01
8.582655642940093532e-01 4.931972530744851979e-01 8.188075367486671308e-01 4.453148255124688148e-01
9.042166759276404342e-01 6.225526301045400945e-01 3.340991671508233285e-01 7.298411312513053417e-01
5.050419145436101376e-01 8.649291365375503249e-01 3.733279309220117193e-01 8.632251375820487738e-01
2.688555271024385962e-01 1.463700544039902296e-01 1.329341306713621995e-01 7.736563871148973703e-01
1.690427715962197763e-01 3.636686107713605343e-01 6.713595716310929995e-03 6.740489765070378780e-02
9.707025871875741840e-01 4.886678829659183432e-01 6.117478933512988659e-01 9.306091745384037495e-01
3.421257272683800310e-01 4.203112025995220935e-01 2.645742455886008759e-01 6.707012036349624395e-01
6.739008470158721620e-01 2.049281421297505512e-01 8.774867709523871406e-01 8.562399800866842270e-01
6.127031346442554649e-02 6.550760066808375415e-01 3.414697024985044460e-02 6.119172167964279652e-01
4.595709915241774635e-03 3.516080635504686188e-03 4.130076624301122490e-02 2.566546772141009569e-01
9.902948290789702623e-01 8.579731189091760468e-01 6.606305698418052375e-01 7.909442121163010597e-01
9.589772758346818415e-01 5.649040416710564561e-01 9.799790849009382132e-01 7.721778990235179663e-01
2.912465041609971772e-01 9.384202996490849102e-01 2.883437351166535656e-01 9.877688372507691383e-01
9.307929308988869277e-01 9.262507426866549709e-01 9.213393024719412905e-01 3.609103530179709196e-01
5.984167429121465265e-01 4.050918772443205529e-01 8.661914228599736365e-01 4.435296277515590191e-01
2.782296326701170774e-01 3.615131705884885305e-01 3.918534249436494282e-02 7.065843883901834488e-02
5.123140947901240194e-01 8.050627889156056205e-02 2.219140718696350351e-02 9.852790879085659981e-02
8.341494836454433903e-01 8.066306431561466317e-01 6.525526359070359383e-01 7.151049193926155567e-01
6.049495281196729524e-01 6.814207716855513741e-01 7.650859451830368529e-01 7.782733743079006672e-02
7.646967966654892868e-01 4.484629701768255150e-01 8.029788940120987650e-01 6.843839942011982203e-01
6.110685869105990653e-01 2.923502909347200363e-01 6.429225742174291547e-01 3.332671076059341431e-01
1.823505830801754601e-01 7.219735022112435674e-01 8.596663928496409701e-01 7.840725730638951063e-01
9.385089131979394983e-01 8.507015888882548671e-01 3.447227252368260664e-01 7.939584215637296438e-01
4.360989897723595021e-01 3.995258287250811335e-01 9.463828924884953864e-01 6.954905879683792591e-01
6.154390687434305729e-01 5.344436638469381995e-01 3.120626926902437814e-01 3.829309944994747639e-01
3.856956098152960477e-01 3.496024918357972799e-01 5.430365764206283030e-01 8.813057488296180964e-01
4.833186131654696460e-01 6.963426634724421138e-01 6.162135306023364123e-01 4.620085773058235645e-02
8.441271540331688472e-01 7.777217169114080710e-03 6.778549676488579978e-01 6.664158327039331198e-01
6.665006574237564152e-01 4.182041865987229379e-01 2.519531711873420621e-01 9.105178709141910076e-01
6.154947594106101594e-01 9.467786951140501062e-01 4.108009146748766161e-01 5.736887385137379169e-01
9.797632146851189550e-01 9.427980913196438717e-01 8.482940884061973552e-01 2.543407534249126911e-01
2.171860326176346667e-01 5.346670069443379969e-01 4.974806981148061080e-02 6.246575142722576857e-01
2.909135610863113341e-01 8.254841665858592137e-01 9.362440831961440502e-01 2.987507230136543512e-01
1.839380694806643513e-01 4.400314432314543778e-01 9.313868499948627644e-01 4.099645074456930161e-01
8.724194471748644708e-02 8.715089476829606108e-01 7.516964253688369624e-01 6.210860242135822773e-01
2.228893006691617246e-02 5.217195202813889043e-01 1.153200917460065755e-01 3.075105133466422558e-01
3.946483773114024540e-01 8.216440734698730042e-01 7.856123247691523259e-01 9.244420717004686594e-01
3.653134036602084800e-01 3.661241031270616730e-01 2.871757688281030285e-01 3.890188937075436115e-01
5.072475255169183184e-01 7.081914626490495301e-01 8.239577320475964806e-01 6.942226684186607599e-01
2.186730124114296542e-02 1.025639591336895556e-01 9.962605477234071083e-02 6.220157793723046780e-02
9.438010208957099689e-02 8.024578692145502290e-02 5.034992322544774579e-01 2.928780915681272745e-01
7.445036040312319470e-01 2.866977227892604230e-01 8.273464008157164207e-01 9.253802492748945951e-01
7.831268570789001737e-01 8.465937483119375662e-01 4.070435747951123284e-01 6.094838355202227831e-01
3.045772448014016920e-01 5.823540176427026704e-01 9.451225752446573702e-01 1.590124678332358599e-01
2.798131744158169898e-01 5.086734725247448186e-01 5.667560577404500144e-01 8.631474000867456198e-01
6.556917242819929603e-01 6.054200326357626061e-01 5.804578187187526828e-01 4.597575305961072445e-01
4.598476057613028189e-02 1.639566236701938962e-01 7.031234826375561964e-01 7.656966592185199261e-02
9.174084296832556440e-01 1.494016258329002034e-01 2.150502077356533925e-01 7.882312256842851639e-01
2.074958237277927178e-02 5.197731595056732656e-01 2.832599875549684024e-02 6.171959638595581055e-01
3.963836616049176698e-01 6.446948731674079225e-01 6.831105721472442438e-01 5.314968451857566833e-01
9.919884665043293692e-01 9.967492471985395230e-01 9.315500558393353669e-01 9.975890934001654387e-01
4.156941326684260307e-01 2.782768777582079189e-01 4.224311632405397532e-01 7.413522202987223864e-01
7.692921283239103625e-01 7.586200439962398345e-01 7.119337973878067105e-01 1.527851901482790709e-01
1.575164554189342203e-01 1.050966098716828862e-01 1.786941516087300202e-02 3.018017716240137815e-01
2.830833256624779581e-01 9.384725363551481570e-01 7.209766033529070306e-01 5.736196651123464108e-01
4.535711151783629602e-01 9.400927911227501335e-03 1.762346725297383176e-01 6.253408612683415413e-01
9.892583400422995110e-01 6.210671979770064910e-01 4.943431759227921718e-02 2.894293221179395914e-01
1.316180240850073624e-01 6.950816813468632116e-01 2.848374382874950816e-01 2.952014049515128136e-01
7.534038194498379193e-01 1.203429271632507347e-01 1.522730882025731813e-01 2.466596609447151423e-01
8.444476384975572181e-01 7.423854302008855433e-01 8.043001517573231673e-01 6.502214802894741297e-01
9.154402030154984438e-01 5.154537994820200808e-01 6.858180926494479301e-01 4.979058390017598867e-01
3.858578925597938025e-01 6.585978645333199211e-01 3.519846982773398025e-01 4.702608445659279823e-01
3.655119402550539853e-02 4.272040484139113525e-01 1.737491190382838835e-01 2.012173263356089592e-01
6.009518603346699628e-01 2.257796454693941079e-01 5.932990965316802257e-01 7.983578350394964218e-01
8.249705613987666775e-01 4.010077199071414300e-02 8.407465534107760874e-03 7.142175035551190376e-02
2.826109563884290909e-01 6.551685887638560857e-01 6.994109586129039213e-01 2.965752447489649057e-01
8.483619173430482219e-01 7.341646728839762437e-01 8.163912572726842454e-01 3.491116242948919535e-01
7.313912831664151071e-01 8.391661893939972305e-01 6.101321100738795744e-01 9.536324325017631054e-01
2.177986441902167447e-01 2.781545505464507184e-01 5.610582615908954462e-01 8.458934640511870384e-01
8.461098624391754086e-01 9.760344725344249905e-01 4.298157082154878128e-01 2.535615072119981050e-01
7.242993142248000948e-01 2.609780129766881562e-01 3.340405595787010462e-01 7.578634433448314667e-01
2.122027221703268463e-01 2.254988747901948976e-01 3.254099515870977344e-01 2.575840833596885204e-01
1.574226222839969491e-01 3.869511012840953779e-01 1.750746416634768599e-01 7.157888778019696474e-01
5.429831722689860696e-01 3.523195656757837635e-01 7.837841511926790794e-01 4.354028988163918257e-01
9.079907030076776742e-02 6.396244393752492652e-01 2.175776084622453865e-01 5.550397257320582867e-01
1.221367229131781057e-01 1.771631842886709773e-01 2.964093119786967434e-01 4.071410547476261854e-01
4.823866344170509857e-01 6.891490742790169488e-01 4.090555511356095408e-01 5.709825495723634958e-01
8.035642468620051160e-01 1.435760712166202768e-01 6.329733965864448031e-02 9.278833530843257904e-01
7.738519643198329412e-01 5.666116302316259734e-02 3.314936795869075636e-01 6.726849612314254045e-01
5.084377762339830076e-01 2.520818866650999523e-01 3.638527177958513215e-01 4.444799600169062614e-01
4.759440029745787837e-01 8.030386387765036105e-01 2.500746565808287247e-01 3.268211469985544682e-01
2.796485378773310160e-01 8.238646901903213804e-01 4.538751869258741412e-01 9.018738926388323307e-01
5.158972075924844747e-01 1.407217340385669702e-01 1.647092078036884247e-02 5.551291536539793015e-01
9.933233002510905019e-01 9.928404801778496491e-01 6.386200542402667990e-01 9.336764533072710037e-01
4.148832508311913747e-01 4.144245751661232435e-01 3.469876713625053705e-02 4.885535403154790401e-01
8.255265248234681108e-01 9.202674730812275827e-01 7.819779888620072006e-01 1.184414396993815899e-02
6.314103789792515631e-01 1.684827190641637606e-01 4.769102125857990204e-01 5.489555760286748409e-01
8.063856155766425671e-01 7.647292667161350588e-01 1.382350718593926275e-01 9.297316574957221746e-01
5.145154641284324995e-03 1.122886426066645876e-01 7.866696652051607952e-01 7.607133749406784773e-01
3.561358036276713879e-01 4.984113114641326447e-01 6.563620816455559837e-01 8.775173989124596119e-02
4.384336150278739068e-03 4.553235110052733514e-01 7.734235146085042256e-01 5.671780218835920095e-01
7.245530378762615742e-01 3.073594683304335939e-01 7.493520368618582506e-01 7.036262068431824446e-01
9.973038961072711039e-01 9.808197892976913135e-01 9.617889549105609337e-01 9.979256540536880493e-01
1.898727589955081507e-01 1.613551369319061735e-01 9.283598904972184540e-01 1.827688147313892841e-01
8.813179759333631402e-01 7.714384962954500269e-01 6.047575239388662816e-01 5.521804301533848047e-01
9.572502628281397419e-01 7.854748777071645094e-01 9.482785268834085235e-01 5.147008828353136778e-01
2.358498050936122803e-01 6.502964587864700219e-01 2.958364759537744360e-01 3.913206371944397688e-01
1.386652970714592759e-01 5.929156014160258392e-01 6.639088302046913803e-01 3.932345123030245304e-01
7.409030341879397907e-01 5.108426555361163246e-02 1.316565559535495533e-01 4.420742713846266270e-01
6.946360213264073380e-01 3.580027621216787526e-01 1.888008041399083237e-01 1.907203409355133772e-01
5.834764398437313204e-01 9.520738123196759162e-02 2.841709381216602770e-01 3.242632716428488493e-01
4.992236244063087969e-01 2.969893137659135318e-01 7.219005616830779237e-01 3.131678118370473385e-01
7.572353236574844160e-02 4.951223275989605765e-01 1.897249392135190171e-01 5.812375957611948252e-01
5.184363852851190391e-01 3.791995469270539321e-01 8.039229287162497073e-01 7.258503215853124857e-01
7.771873840864556016e-01 5.264361226653733183e-01 7.085320503211095522e-01 7.601573073770850897e-01
5.621728176364236829e-01 6.329819129974029179e-01 3.031741491748130013e-01 2.935221891384571791e-01
5.536431817994855523e-04 1.937631862347982958e-01 3.860857189939723155e-01 1.740132318809628487e-02
2.707494843787923711e-01 7.892567997663445523e-01 7.414957321975191862e-01 9.320018931757658720e-01
2.488912131011254691e-01 3.226534252380718892e-01 2.036824063213500402e-01 5.136469777207821608e-01
5.642898273571709256e-01 9.025140679632326357e-02 5.610285604120897052e-01 1.793231647461652756e-01
9.865237443802151729e-01 8.987385709029420688e-01 8.288374833128311359e-01 9.903518126811832190e-01
4.924922549140270389e-01 8.889688900688595963e-01 7.398723589884438345e-01 5.162294511683285236e-01
1.850178420400096571e-02 1.269264740903382482e-01 1.434210260387077107e-01 8.998002624139189720e-03
4.538938840735655678e-01 7.484839647294162512e-01 7.461010065578288497e-01 3.533310350030660629e-01
5.358845978658207665e-01 9.213104768941156042e-01 4.458572094466159985e-01 1.893281275406479836e-01
4.994303345766794022e-01 1.338675396107370796e-01 1.847677594711808619e-02 3.528229007497429848e-01
3.157342231310309999e-01 7.840867938671113313e-01 5.513331347460459497e-02 7.175778909586369991e-01
4.568711051086679076e-01 6.061490968952212288e-01 2.274635195317969427e-01 7.126156408339738846e-01
7.479924715589978401e-01 5.348639149953116068e-01 4.616824484429579156e-01 9.200791877228766680e-01
8.508548473290159508e-01 4.066115496590004819e-01 7.217258898551774937e-01 8.534339580219238997e-01
1.573381008394018066e-01 5.766208787587190354e-01 2.235763554668825925e-01 2.896265925373882055e-01
5.570950664037922773e-02 1.918944235302897164e-02 7.727465864859149880e-01 1.682435669936239719e-01
6.705901298082407314e-01 7.234110270551408206e-01 3.821438147826030085e-01 5.833036140538752079e-01
5.451754582819891004e-01 6.525617793018043677e-01 3.289532689864816950e-01 5.634463124442845583e-01
2.702632279481801403e-01 6.875347764710160181e-01 6.211357144851276102e-02 6.740927991922944784e-01
9.982057745424596229e-01 9.562019994621129282e-01 6.041297385846715606e-01 7.235449487343430519e-01
6.133251544573486980e-01 7.061947769247317597e-01 3.835602316210246499e-01 1.208427178207784891e-01
5.577985337040568536e-01 1.185795676487295253e-01 1.293984982963364283e-01 2.259856727905571461e-01
8.533212640802737559e-01 3.965388264283148945e-01 8.768695426285146866e-01 7.754476498812437057e-01
6.371070989956905128e-01 7.087358420357749988e-01 4.023262422109539216e-01 6.151470378972589970e-02
8.328002211623939388e-01 7.578297132667789759e-02 8.474354901771546933e-01 9.495502838399261236e-01
4.641860595971322723e-01 1.789769937332507863e-04 1.719439034006158551e-01 4.901049705222249031e-02
5.628246865015799072e-01 2.474063933837995777e-01 2.789285599551161732e-01 5.322486024815589190e-01
3.199506855891884882e-01 9.659821003838915399e-01 4.975657277998332684e-01 5.803450106177479029e-01
4.015526525886082831e-01 6.812215274873230086e-01 9.260096357109132148e-01 8.862140751443803310e-01
5.999085151717106074e-02 2.655339227961090454e-01 2.026908021746778865e-02 1.185773990582674742e-01
6.886329083859588085e-01 3.696722965112197133e-03 2.352371186436971462e-01 2.471620184369385242e-01
9.241388181722730577e-01 4.119916741122530701e-01 3.927317316938669367e-01 7.009308084379881620e-01
5.249857831712323453e-01 6.253061259123459115e-01 2.583982186547764126e-01 6.947625963948667049e-01
8.439074345583138514e-01 9.206155247810673403e-01 8.094837896965287882e-01 7.039751491975039244e-01
3.619306364439102697e-01 8.626371558176558763e-01 1.684514513191025242e-01 5.628275175113230944e-01
4.175957694402427922e-01 4.949204542041253929e-01 8.881068266145770718e-01 7.095528487116098404e-01
7.822561710175554017e-01 7.349490425449591857e-01 9.073636826948882073e-01 8.406412391923367977e-01
8.114352754142502011e-01 9.923855179845598729e-01 7.613613177638672846e-01 8.410304747521877289e-01
5.904508834162424114e-01 2.554814151857577320e-01 2.214715830422833986e-01 5.241781002841889858e-01
9.827917518779718531e-01 9.844842901688790615e-01 2.019377802052745585e-01 6.585783304180949926e-01
6.457218298546627544e-01 9.639045292537933018e-02 7.432304564784153467e-01 5.248753558844327927e-01
7.062900808055977420e-01 1.420587901168943179e-02 6.009800499190181000e-01 2.154950581025332212e-01
6.805225142935762417e-01 1.718519468515941062e-01 7.694867070196012016e-01 4.570879475213587284e-01
3.427446374683427721e-01 2.634363356391724031e-01 4.239292025465073444e-01 7.225196063518524170e-02
4.096040212664509572e-01 3.278108411876478057e-01 7.492356332691066934e-01 8.186074022669345140e-01
7.329487694903487061e-01 3.527661829416640082e-01 7.519369219737823684e-01 6.639742781408131123e-02
2.616408535023426185e-01 1.472131601404340351e-02 6.780579203044245773e-01 2.596345073543488979e-01
9.112212738537850409e-01 8.504969035388424414e-01 4.633941773879491355e-01 7.134426606353372335e-01
5.846245995538069673e-01 4.086799654893577549e-01 2.316133069430415803e-01 6.463267460931092501e-01
5.653665801640436195e-01 3.032661352427230561e-01 3.914500447885898016e-01 5.339167842175811529e-01
8.772243319364545489e-01 1.853173579288620310e-01 8.797679692406308316e-01 4.761473455000668764e-01
2.532282749906129005e-01 5.020109549842245444e-01 4.794448088908732641e-01 1.643131421878933907e-01
2.883680429150113356e-01 7.302249664443548616e-01 3.441232503178821567e-01 3.157871074508875608e-01
6.696533815396671363e-02 6.638930025091361875e-01 2.261145304246342802e-01 1.004520338028669357e-01
9.941221149031434501e-02 6.887577437440363104e-01 2.936838352866495347e-03 1.195345045998692513e-01
5.917629273728943762e-01 1.712166916841992015e-01 4.370359328702977941e-01 2.139141135849058628e-01
9.892734494233800246e-01 9.288908503783973591e-01 5.819306741532045413e-01 2.632998819462954998e-01
3.637611563156652877e-02 2.655049020168204765e-01 3.444309878542087811e-01 1.078067128546535969e-01
8.944628001301969666e-01 9.328938791396150787e-01 8.044392426248754280e-01 5.334576324094086885e-01
8.255917901490060773e-01 8.415889855708428291e-01 9.216268161899472400e-01 6.488730558194220066e-01
8.331062148559158498e-01 4.173299433783255741e-01 9.038874773151763797e-01 2.103722586762160063e-01
7.353391268216866727e-01 3.581742491065472711e-01 2.131624168888148485e-01 8.597997869364917278e-01
6.360696622059170968e-01 8.524252210928469076e-01 8.601188770537728789e-01 3.638545346911996603e-01
5.429589173909322719e-01 4.191845337124840976e-01 8.782561240615105458e-01 9.139281671959906816e-01
9.670064083206375560e-01 8.639455905835565774e-01 9.156727877798864768e-01 5.494185974821448326e-01
6.041538208883908689e-01 5.218670822067841275e-01 4.612167985392162661e-02 1.310042226687073708e-01
7.921456692294840396e-01 3.475446656776225440e-01 5.338993469882737930e-01 3.279814661946147680e-01
6.538592261222327950e-01 8.075218138409284707e-02 4.008239663393473595e-01 5.715681503061205149e-01
7.706432930411464266e-01 7.582367501926056130e-01 6.466699338451562529e-01 5.559937083162367344e-01
8.689654963082957817e-01 1.143860506177687281e-01 3.672019851843431604e-01 9.951778335962444544e-01
9.872072622999474856e-01 9.677499676723612110e-01 9.960487066333449935e-01 9.904160448350012302e-01
5.680071995083824099e-01 9.104324080586906343e-01 4.058462332427856811e-01 3.859144963789731264e-01
7.915152360360119266e-01 8.557158471598086402e-01 8.543527851432480835e-01 2.494239010848104954e-01
8.983432669081362620e-01 6.956454607181581373e-01 2.930828962505517832e-01 8.715949426405131817e-01
5.640845818864552719e-01 5.347286965204398612e-01 9.713900691983631264e-01 3.845859202556312084e-01
2.953531310469654225e-01 6.376671604217213352e-01 4.879566960962895550e-01 7.798912967555224895e-01
2.338520302248918714e-01 7.002998176355599291e-01 3.521512691240819004e-01 2.248529484495520592e-02
4.080787658690062103e-01 3.227767274592800439e-01 5.369052198047852276e-01 3.439432661980390549e-02
7.321566425003740441e-01 4.604134482567798226e-02 2.553605753350127738e-01 6.082051284611225128e-01
6.040096146877911749e-03 5.777884809944962008e-01 2.140426991933569445e-01 8.561377462465316057e-01
1.167700063017839199e-02 3.400543416269408703e-01 8.834609061519338447e-02 2.207901545334607363e-01
4.420729937041369406e-01 2.716688400286833560e-01 8.555039567428328606e-01 8.063094206154346466e-01
1.790419528378218161e-01 9.598339112161313746e-01 7.185759391070012381e-01 9.186617480590939522e-01
6.055436601187186296e-01 7.109623418559247732e-01 2.636279523144676173e-01 3.108838247135281563e-02
3.570637142106831141e-01 2.269134892724704589e-01 8.314228370156054315e-02 8.977251600008457899e-01
1.303825331035700641e-01 1.584630254129807680e-01 9.482082764040123957e-01 9.325775143224745989e-01
1.492110535110640901e-01 7.346803628900773209e-01 8.327975543609670295e-01 3.884229282848536968e-01
7.624479747718743150e-01 1.308389129569514087e-01 3.366573656712792406e-01 8.369215191341936588e-01
7.802283313606878101e-01 4.663369349881499315e-01 9.076429370303702449e-01 1.590144159272313118e-01
9.079347553089953671e-01 8.364387087915924335e-01 3.128777626209709450e-01 9.136826777830719948e-02
9.328880649160825600e-01 9.376182963487614819e-01 4.233084181081075981e-01 7.436703888233751059e-01
9.884864906786018368e-01 6.171242711626166999e-01 7.726177838168403200e-01 9.542708615772426128e-01
3.552586902685671566e-01 1.368746279283758194e-01 1.012582325302218561e-01 1.016230464447289705e-01
5.026048850962440140e-01 9.169772702424515698e-01 4.755829521537359716e-01 3.014041041024029255e-02
5.264592305970444697e-01 8.038412501742177307e-02 2.420921611094472431e-02 1.712457989342510700e-01
2.941274172739190007e-01 3.652072414930949279e-02 3.008156930327887668e-02 1.057311356998980045e-02
4.184286762194510123e-01 8.072231411557054814e-01 9.229085525833037318e-01 6.796947661787271500e-01
4.518929174709310215e-02 5.345845811073499654e-01 5.569881758513144376e-01 5.064763538539409637e-01
8.304624649292449146e-01 3.276076763036077644e-01 4.969349247974718525e-02 5.242080031894147396e-01
4.190523030492502854e-01 9.338363257726983724e-01 6.604454417268977862e-01 4.320247485302388668e-01
7.695109087761191624e-01 6.758047848859439766e-01 3.696424987326037415e-01 5.883951100986450911e-01
2.332861315211881559e-01 3.647146558288529294e-01 8.531332776217838143e-01 6.209362244699150324e-01
9.669327511876146808e-01 7.166101778819191637e-01 3.279086815174776515e-01 8.531970563344657421e-01
8.407565408930324224e-01 8.870978521897969760e-01 1.591524006178609563e-01 4.390204006340354681e-01
3.112853254581006701e-01 7.037721921891149091e-01 6.369719529807322811e-01 7.557644841726869345e-01
7.962334038155769456e-01 6.994877376774719657e-01 5.669920413331009934e-01 8.767560420092195272e-01
6.863189936128598623e-01 3.032225806907275500e-01 3.920367184078273892e-01 7.388379147741943598e-01
3.590813656805907916e-01 3.969727823689345181e-01 1.329055507689657079e-01 6.288803406059741974e-01
6.246656732414007651e-01 3.830283333823719660e-01 9.357929419329023002e-01 9.121411885134875774e-01
8.898877382015719928e-02 8.953520071091202182e-01 6.506523854896580916e-01 4.517415282316505909e-01
3.021791346347833529e-01 2.048651122705341943e-01 3.691066481606095073e-02 2.808462581597268581e-01
3.748612236586703478e-02 5.253897932413585936e-01 1.866641569584515381e-01 8.859547595493495464e-01
1.788752236067431278e-01 8.932295642109988609e-01 4.030122177131590933e-01 8.998675621114671230e-02
8.278465517266213602e-01 7.329446411863542732e-01 6.632903000197963861e-01 7.064551254734396935e-01
3.889834514160678269e-01 2.525385592291086168e-01 5.769309403924524071e-01 7.034691136796027422e-01
7.069465996864955359e-01 3.142683452692521251e-01 2.719325654306216644e-01 4.427481347229331732e-01
9.714700711072112374e-03 6.865723841936538507e-01 4.520637540554851008e-01 5.370521384757012129e-01
9.774850652464893708e-01 5.994429796327499504e-02 4.015654973282005158e-01 9.331993917003273964e-01
5.790755411195067648e-01 4.159783554123379634e-01 5.211417442580701387e-01 5.674359251279383898e-01
1.552801662891435674e-01 3.681794195433273353e-01 6.386571008350248879e-02 5.085309725254774094e-01
3.842516036656627998e-01 4.850143248551331832e-01 1.022182157218626125e-01 7.951090198475867510e-01
1.000877483300365994e-01 8.265362518036426520e-01 6.532181169221626948e-01 5.389028671197593212e-01
2.525088760132909727e-01 7.923843479427084002e-01 6.236844480958826376e-01 8.204754788894206285e-01
3.958131243951732436e-01 1.972508074257565691e-01 3.827545995094947529e-01 9.424248069990426302e-01
7.664626814885654449e-01 9.597220055310763387e-01 4.287316598278804181e-01 9.510779706761240959e-01
4.476621781865661176e-01 4.555085583120898618e-01 2.871775847174681817e-01 8.298491539899259806e-01
2.218856676793931615e-01 8.732490661849270919e-02 1.618131360268145608e-02 6.301817484200000763e-04
2.103893971066904123e-01 6.110402753238582951e-01 1.394054065603019255e-01 3.651527096517384052e-01
2.710953793561846070e-01 4.851199408550811998e-01 8.305885260272447557e-01 1.479038153775036335e-02
8.780333980689423168e-01 3.478287339419158242e-01 1.548922936526480609e-01 8.630111441016197205e-02
4.334625275094097785e-01 6.817111023269201153e-01 3.876176100475112185e-01 1.278849341906607151e-01
1.832815651485913966e-01 2.904590951810427368e-01 9.539791177683706880e-02 6.674027536064386368e-01
5.762751678313917658e-01 8.120293584063558168e-01 8.043099145548885387e-01 5.971218396443873644e-01
6.928324284045809245e-01 4.273431022010900082e-01 4.690840609660321681e-01 6.340354136191308498e-01
9.155986447820270158e-01 3.856324674019735443e-01 6.860352935899666216e-01 7.778239960316568613e-01
5.044432264944280764e-01 9.703853859825662953e-01 3.996272016059129184e-01 9.855313659645617008e-01
9.771790100409191160e-01 5.869323053607393703e-01 8.250915457485041848e-01 1.476935886312276125e-01
9.393827629312941907e-01 5.329313171539276639e-02 1.831334285468911582e-01 7.063994470518082380e-01
2.858361378262355701e-01 6.285974170014995144e-01 3.953838021698142802e-01 2.491908753290772438e-02
7.250530519906928095e-01 4.808678311555782958e-01 7.896339564702820057e-01 5.194992166943848133e-01
2.826701379863542640e-01 5.259107171336679931e-02 4.328561895997188325e-01 7.884812797419726849e-02
4.273093315770713774e-02 8.267155597600482908e-01 7.999776950751587012e-01 5.475186498370021582e-01
4.245000866585272314e-01 5.780446498211511130e-01 4.781636645423334997e-01 5.514521203003823757e-01
6.996065484257659728e-01 7.934325890949488480e-01 7.535101474533232313e-01 4.748074621893465519e-01
9.245819805284906101e-01 8.684902556551440389e-01 9.345675768681294127e-01 9.796390943229198456e-01
3.166759509528756927e-02 7.271632956311415708e-01 4.205440096054071097e-01 4.479100049939006567e-01
8.128725645114931453e-01 9.089848826183388741e-01 6.714345990477892379e-01 8.343117330223321915e-01
2.208582832874704527e-01 5.468354199309685137e-01 9.426250879247247694e-01 9.565558587200939655e-01
1.911213179539655027e-01 5.478496838112902889e-01 7.990368016421021125e-01 4.988512794952839613e-01
7.881044511507004913e-01 6.200984598689667227e-01 4.661808373914113623e-01 3.408876182511448860e-01
1.398265215673352019e-02 2.926411188179001144e-01 2.993462973990099751e-01 4.509198374580591917e-01
2.998132806795416605e-01 1.797143835775388276e-01 7.168678078707816370e-01 2.408540318720042706e-01
4.003264888549479261e-01 4.277987877827920116e-01 3.905495039196933416e-01 6.998855860438197851e-01
3.120742495576521169e-01 4.884338574071533934e-01 2.339468362065401374e-02 3.431040116120129824e-01
2.587328682272983515e-01 7.617306977786356681e-01 5.426272857822450613e-01 4.922553580254316330e-01
6.031069624312993538e-01 9.353442636223083806e-01 3.636802593805688044e-01 1.751766647212207317e-01
4.478585455257926701e-02 6.714636352551879295e-01 6.176123522107092034e-01 1.951819634996354580e-01
8.987982752601642034e-01 2.356931422061819825e-01 3.093791809415765148e-01 1.105081965215504169e-02
1.673215661990521685e-01 3.243976949744402094e-01 1.651869239275355616e-01 3.462011588271707296e-01
5.035077048070922823e-01 1.669070339302259828e-02 2.180732602422263966e-01 4.553941665217280388e-01
3.746425103420999436e-01 1.555922577990127009e-01 1.626081814820138360e-01 1.188995484262704849e-01
2.076367349574386734e-01 3.524441593357659497e-01 6.405557900525977733e-01 8.535509293433278799e-01
2.694264576120646848e-01 6.264840679493091091e-01 8.229065229085875677e-01 4.883480754215270281e-01
4.494986226504091853e-01 3.400826471112636251e-02 2.537670210995325859e-01 4.570485597942024469e-01
2.465841160015397882e-01 2.026639770041436528e-01 8.602100789150007865e-02 9.213257767260074615e-02
7.263822150798787680e-01 3.413773331327669136e-01 3.084506301851475119e-01 1.191198206506669521e-01
2.610055676933689117e-01 4.579624713344286335e-01 7.678887720559814944e-01 9.424599744379520416e-01
6.735654157559867183e-01 2.853511727296693112e-01 7.270251587689842143e-01 7.878706399351358414e-01
3.226825512594895251e-01 4.347919387729098917e-01 1.692422985092943699e-01 5.974694620817899704e-03
7.899902836652346050e-01 7.928883506155767202e-01 3.313881016762114107e-01 7.087896917946636677e-01
2.280099574973392662e-01 3.147014092024861820e-01 6.825811077278227668e-01 9.115669648163020611e-01
3.296928570158069727e-01 2.571289718786226031e-01 7.878954485338642844e-01 7.799566756002604961e-01
2.433442604587564007e-01 4.835083150097879701e-01 9.144356194271546778e-02 5.922526121139526367e-02
8.964881956154482356e-01 3.667013219758646914e-01 1.733775530019042999e-01 4.213308743201196194e-01
3.592937767367235247e-01 2.910502162238073343e-01 2.037705533695780002e-01 5.226437672972679138e-01
6.377842011593817251e-01 9.151454129464937914e-02 5.553175568264717699e-01 7.646092509385198355e-01
8.578629048238044508e-01 3.465718721949122005e-01 7.153517672424052343e-01 1.020634972956031561e-01
4.428573117976487006e-01 5.231302976586376108e-01 6.696444083968439154e-01 3.511315267533063889e-01
5.830098802212077547e-02 1.485890940494748458e-01 4.050099887605246307e-01 6.251408741809427738e-02
8.425780774592678268e-01 7.504842569762428806e-01 5.906080566677897048e-01 2.116932603530585766e-02
9.948411992369369239e-01 8.844867053791629630e-01 9.525180043155463405e-01 9.886226938106119633e-01
7.008584559804474923e-01 9.450131626623459180e-01 6.308188724458071439e-01 8.205226140562444925e-01
8.007485292180546166e-01 6.177024445382832407e-02 5.301073317992581468e-02 4.960920405574142933e-01
9.230558576345532229e-01 7.609940274293766072e-01 6.626729058974016873e-01 7.601510484237223864e-01
6.939415275353749690e-01 4.256787884786515652e-02 8.415060833325469503e-01 4.273610829841345549e-01
1.055665783804952129e-01 7.969462880564032181e-01 5.591629985314847673e-01 7.834220596123486757e-01
9.224890507707451670e-01 7.306933970227499908e-02 8.902036478237213002e-01 3.264119739178568125e-01
2.688448187656081179e-01 6.640658895929624217e-01 1.017315786435826347e-01 5.989925926551222801e-01
7.753786285000351386e-01 7.650285074278232456e-01 7.937803590143012178e-01 3.899944920558482409e-01
9.627961419691434264e-01 6.921976130892465440e-01 9.276419724894916508e-01 3.090821194928139448e-01
4.439224319284424541e-02 1.771555406830470913e-01 2.198185929375648384e-01 6.479507498443126678e-02
8.123067208032557218e-01 5.427725777115868233e-01 8.160226236136908229e-01 2.398346031550318003e-01
3.659386086299945551e-01 6.019088905475539208e-01 3.504359144044905117e-01 3.604314392432570457e-01
6.932904750437702823e-01 7.729588023749623948e-01 4.708971971773341925e-01 7.909030003938823938e-01
9.422734901474499880e-01 8.366502319508229979e-01 2.757459501803001811e-01 8.602006128057837486e-03
5.982961048009757254e-01 9.404573713957486980e-01 6.084576857275785233e-01 3.317360596265643835e-01
7.987223601177901866e-01 6.609061278676425788e-01 4.410496035362701517e-01 7.720276950858533382e-01
6.431520645030713856e-01 2.963536674922284120e-01 5.473015160608214053e-02 2.419720559846609831e-01
5.125807296422385528e-01 2.641254541803867983e-01 4.465551955916789023e-02 1.694094182457774878e-01
7.808636014655111479e-01 3.479282328640802002e-01 3.245797008983915544e-01 5.052132208365947008e-01
3.797963580419092544e-01 2.221462260220689877e-01 2.265833362928816250e-02 8.257077592425048351e-01
8.928316874870044773e-01 2.432260937103182807e-01 1.911881335232898105e-01 9.717315747402608395e-01
9.783340604446372213e-01 1.921605064053995282e-01 7.844624283514252394e-02 2.446037351619452238e-01
8.422268175919983557e-01 3.454012335731265204e-01 1.303660350817871516e-01 9.434317557606846094e-01
9.569842199719503784e-01 7.919272530436091140e-01 9.536064482934659692e-01 1.305883852764964104e-01
9.449682722839102267e-01 4.482199479739372716e-01 7.336234426466052838e-01 1.369271217845380306e-02
4.869963386438179720e-01 5.221186175115479777e-01 8.918491879737060479e-01 9.032642170786857605e-01
1.803193740699491898e-01 6.849028122998803703e-01 8.154275958056758089e-01 6.805883373599499464e-01
6.173838540407159403e-01 1.656284926739833019e-01 2.578824119211480803e-01 1.592075433582067490e-01
3.140978221624382005e-01 8.195307602255014201e-01 8.506628726064566770e-01 7.836556222755461931e-01
8.642551410509000664e-01 1.998278692503676623e-01 8.473872541377376333e-01 8.039911256637424231e-01
8.014723808110032488e-01 1.912577964005907072e-01 6.430558934705715712e-01 6.500205514021217823e-02
9.571313650513403326e-01 8.618967722149103450e-01 9.879291463817519992e-01 2.769261281937360764e-01
9.775882768784984744e-01 8.096058304719891963e-01 9.185784266376980645e-01 9.247824058402329683e-01
1.793699024783955986e-01 7.925910260542337049e-01 3.018562467294704788e-01 2.618583803996443748e-02
3.593250745876409025e-01 7.636188825681478054e-01 4.443259692593343885e-02 1.116899123881012201e-01
7.960290135814847012e-01 9.392880855591698719e-01 9.454174712068954545e-01 1.005517181474715471e-01
1.337634425932854865e-01 9.146720451681638817e-03 6.531360280889844105e-01 5.635232802014797926e-01
4.016994817278270874e-02 9.021934985237304305e-01 7.611075267595636129e-01 8.533113668672740459e-01
6.025023515978060740e-01 5.171089742928287603e-01 1.151765033424076851e-01 2.368142127525061369e-01
3.545659812083284401e-01 1.743722226966106792e-01 5.365972811198298498e-01 5.211663278751075268e-01
8.865676408274228981e-01 8.726171125630974856e-01 9.690147952882742777e-01 9.480461305938661098e-01
7.858721106764724462e-01 5.230992717132811748e-02 3.510371291502014657e-01 1.455960257444530725e-01
8.257138383650181046e-01 6.459623379036852908e-01 2.712222902691946436e-01 6.350164695177227259e-01
9.828053031300409970e-01 8.849509366475116767e-01 8.526013710512472255e-01 4.791015440132468939e-01
2.062241010417921461e-01 8.883892371371471253e-02 3.498027087474506885e-02 1.053965955507010221e-01
6.545402970274302179e-01 8.752143530599242327e-01 1.458494147255993689e-01 6.993826047983020544e-01
6.288104563545031667e-01 6.309435470390134526e-01 8.757066295884650131e-01 9.305175638291984797e-01
8.700537070817194740e-01 5.650853212585732477e-01 8.698052823216799734e-01 2.253468439448624849e-01
6.509522485582933671e-01 7.141299424555022091e-01 8.356583431003438145e-01 7.358736880123615265e-01
8.678524025172400513e-01 3.422709387125614788e-01 3.363091246009894397e-01 7.284063524566590786e-01
1.246257335100130759e-01 9.239262854301527605e-02 7.934832184690113754e-01 5.157200484536588192e-01
2.084417057312965837e-01 7.742394808203695300e-01 3.801869687207886650e-01 2.145952845457941294e-01
2.008522386626337419e-01 8.291328009438513336e-01 9.588250400183574718e-02 8.364931265823543072e-01
3.091949532637626730e-01 1.232741036979282390e-01 5.153273445657686747e-01 4.704850821290165186e-01
9.185128531451635103e-01 7.978913435459967785e-01 5.492222335478850193e-01 3.845285440329462290e-01
2.411127812706197471e-01 4.685242458090430051e-01 6.890691603526921671e-01 6.197331834118813276e-01
4.653614997723047320e-01 6.501409703169696019e-01 6.100671427556149107e-01 2.901239688508212566e-01
8.082691421683830812e-01 5.489749498258330584e-01 4.527217975718570986e-01 8.470268936362117529e-01
2.791437275617051350e-01 1.306544435333319987e-01 3.289266714358793364e-01 7.936038195621222258e-01
4.842791534048909718e-02 6.574025304085728827e-01 2.771380311385955308e-01 3.740888510365039110e-01
6.947964842506161309e-01 6.023116815945555036e-01 5.096082453884567126e-02 8.668325489852577448e-01
4.656583204242335516e-01 5.994382855455393511e-01 4.630464795679657408e-01 5.208496775012463331e-01
5.757121585706668349e-02 5.215700344566669144e-02 2.104469822281129221e-01 6.970072381664067507e-01
7.904007303184313882e-01 9.131449264137269095e-01 9.734623889501314853e-01 5.067546574864536524e-01
6.751857632008725352e-01 4.279813158630640935e-01 6.018960392575110896e-02 2.430864735506474972e-01
6.208624650930869571e-01 1.201268310234945014e-01 5.064535007483067508e-01 8.994698477908968925e-02
6.708642671071635144e-01 3.327566533792436498e-01 7.370847728213730798e-01 8.550146045163273811e-01
6.564674164126749201e-02 1.929403115243646660e-01 7.095484506220749443e-01 1.495619243942201138e-01
8.610340155774620641e-02 8.831074254607679253e-01 1.784552353413931813e-01 7.461273593362420797e-01
6.085087195518769088e-01 4.744243515501505026e-01 6.301212620976169576e-02 3.372925622388720512e-01
6.100574140137356993e-01 9.475788678973033896e-01 3.097400788712275088e-01 1.233939346857368946e-01
6.235602953288820194e-01 5.781274117862492679e-01 2.419358478469132434e-01 7.427058159373700619e-01
1.248830029179060636e-01 4.749755044014409844e-01 1.467765542759135733e-01 6.598667977377772331e-01
4.081362186399336012e-01 4.881106392791716986e-01 7.149731143008251077e-01 5.549384881742298603e-01
6.279624018890389570e-01 3.710119820252141820e-01 6.498680221833134096e-01 8.649752275086939335e-01
1.803385709136554882e-01 8.441676479935836253e-02 5.274314969004265802e-02 7.293696282431483269e-01
2.853231462038035571e-01 4.829834354030697052e-01 8.534700690835097525e-01 3.151684934273362160e-01
4.382896973595640233e-01 4.150806231646996802e-01 7.767901252430062797e-01 4.601473314687609673e-02
9.482082914492331316e-01 4.410937881987825882e-01 8.845065175833158877e-01 3.211390133947134018e-02
8.605082650028887947e-01 7.723219820474189756e-01 1.190582527334709262e-01 2.498247451148927212e-02
1.248343102299727808e-01 4.200083365838406801e-01 6.222157465937758758e-01 6.303162337280809879e-02
3.394912246090656671e-01 3.294541952359270054e-01 6.024181289494836555e-01 7.950423778966069221e-01
3.402952737011124551e-01 2.240173170518085233e-01 1.697157908962713402e-01 8.227130598388612270e-01
2.800028932850272545e-01 4.944306961743195061e-01 3.005597460268175647e-01 7.193472797516733408e-01
6.234255639957890782e-01 8.880391645042102766e-01 7.912914121430733028e-01 6.666310501750558615e-01
1.564507796722206800e-01 3.263083009912826626e-01 6.939190758417200788e-01 2.465451946482062340e-01
7.704026974027731178e-01 4.756182567049260235e-01 8.194396081228501050e-01 5.436166967265307903e-01
6.629092187622487309e-01 3.071643898558117924e-01 7.968606037173923129e-01 6.223464091308414936e-01
6.563711744825895256e-01 2.378706132306593612e-01 7.064497682472002937e-01 6.842135882470756769e-01
7.971255370750159885e-01 9.044438103856731193e-01 6.107285696642860140e-01 4.461412355303764343e-01
5.665392745221895510e-01 7.387789929349715123e-01 4.712070981086324828e-01 4.838847327046096325e-01
1.702707360824542993e-01 9.483513526282375539e-01 8.862957841425943561e-01 8.598726103082299232e-02
8.506088682073985607e-01 6.496985751213109062e-01 5.959796419644620286e-02 8.943748958408832550e-01
2.476859521583455459e-01 3.704514059067621212e-01 5.797349131285947088e-01 5.462922365404665470e-02
4.011308448806069626e-02 1.626906931086365971e-01 3.453839809193955945e-01 1.993336377199739218e-01
2.654036630180371670e-02 7.434275027954532211e-01 4.704038308540002822e-01 9.568183661904186010e-01
7.464674900321069950e-01 9.053110968695896599e-01 6.145785813959631083e-01 2.884099213406443596e-01
9.315559495403735735e-01 8.336536389472551933e-01 9.610507543469878344e-01 7.973662349395453930e-01
2.918950596534730657e-02 6.310589709211277265e-01 9.693778086652529158e-01 7.912264300975948572e-01
9.861476095294783306e-01 6.458033226909152269e-01 8.872871751011650598e-01 6.613361346535384655e-01
1.602779630612023165e-01 4.504505500126104733e-01 7.261677552149733428e-01 5.969012279529124498e-01
1.365280506461507073e-02 7.648523548064369848e-01 6.655461848367956457e-02 1.396582280285656452e-01
1.907096957804981785e-01 7.274972703841570132e-01 3.862977605513518986e-01 3.806171726901084185e-01
2.267076592843065286e-01 2.093015077100056909e-01 3.533744207589912256e-01 1.647795839235186577e-01
6.379831359219434450e-01 6.114142881751573055e-01 5.647037967471504327e-01 6.807562082540243864e-01
8.184381191654965804e-01 7.821841185953926079e-01 8.965781942168339347e-01 8.980822188314050436e-01
9.771662564336726087e-01 9.850235391664715623e-01 5.874225843089821986e-01 9.700938819441944361e-01
6.927948823971835646e-01 9.386748406446226989e-01 3.006194047468994102e-01 1.048772984649986029e-01
9.633498087717934366e-01 8.076547288309973149e-01 5.236170786312138725e-01 1.978087066672742367e-01
1.962861234389007004e-01 3.408608243219884981e-01 1.280992002085273307e-01 2.688091127201914787e-01
6.102761383445982624e-01 3.440150909976046889e-01 6.114123584006535550e-01 8.903189848642796278e-01
8.968465226581524563e-01 8.217325826392043453e-01 6.782278442854670075e-01 6.235328565817326307e-01
6.576325819412052187e-01 8.395494008492369042e-01 6.092105315274396471e-01 2.512257695198059082e-01
5.021753276283467265e-02 3.184455165811053146e-01 4.331505729223387724e-01 1.739460520911961794e-01
3.468995030085152420e-01 1.883646743727598882e-01 8.679391973451245912e-01 6.758604482747614384e-01
5.887245759803375611e-01 7.437495537439124671e-02 3.355826105626991129e-01 6.050598379224538803e-01
2.819589188108041766e-02 1.010845901368556260e-01 2.468716147514948556e-01 3.030980362091213465e-01
7.988428478195350735e-01 9.738852280506162806e-01 9.603139606685524576e-01 4.825391138438135386e-01
5.626395815679243739e-01 2.356524216369302871e-01 4.869309751534014463e-01 2.562150638550519943e-02
9.406317418619686288e-01 9.135466912989814725e-01 9.696244025136125932e-01 8.906490523368120193e-01
6.748269810634031085e-01 7.582756035804271155e-01 6.275946804944455559e-01 7.825598926283419132e-01
2.653052688173151985e-01 7.248156376238565901e-01 8.492927494917931197e-01 8.417267389595508575e-01
2.591274287754605776e-01 1.432205118767436169e-01 5.264441452932984156e-01 7.380008138716220856e-02
1.742909969054312058e-01 3.588426811270003514e-01 8.424616589016219181e-02 4.743221378885209560e-01
7.320640628042526243e-01 4.660549446449878119e-01 4.292353911798590937e-01 1.229738078545778990e-01
1.274473488756303063e-01 3.276876797947733122e-01 3.265873536513566600e-01 8.519103426951915026e-01
3.290664012642525171e-01 9.305857603251266319e-02 5.987902796612937228e-01 4.404265405610203743e-01
4.989588049748325815e-01 1.128075363742859494e-01 6.647610628909258468e-01 8.801793721504509449e-01
3.409069221191451393e-01 4.120069078966060450e-01 4.910478623809072518e-01 8.246947731822729111e-02
4.706584481884495408e-01 2.789266746920073259e-01 5.685086529712418679e-01 6.405867394059896469e-01
4.662304204580255407e-01 6.737597430518977859e-01 6.179668173582316681e-01 9.855330192949622869e-01
7.733776828150442650e-01 9.646619549190630361e-01 7.373879761963156865e-01 9.024218737613409758e-01
3.242629612686082075e-01 7.683695196815254480e-01 5.412557620041367201e-01 4.049475181382149458e-01
6.789795408642249619e-01 1.446203353796360336e-01 5.132127568219608804e-01 3.034650324843823910e-02
2.483530705754820600e-01 8.821714843150219379e-03 1.695422067985962733e-01 1.787900475319474936e-01
5.866119089887687071e-02 7.242952310870920396e-02 6.435543037779456466e-01 9.136321279220283031e-01
5.043177754984208283e-01 9.231434425402261779e-01 8.371086414736201853e-01 7.801927137188613415e-01
1.078095960319664648e-01 3.982872765684323246e-01 3.278139668651469663e-01 4.813508209772408009e-01
6.024344114686669416e-01 2.004806783848941398e-01 4.187903533895953045e-01 4.657640224322676659e-01
9.406772687572891034e-02 3.949668073134679491e-01 2.901525509035084993e-01 2.808258023578673601e-01
6.408102976820216901e-01 1.086187489372783255e-01 7.620840340948231706e-01 2.990663687232881784e-01
5.571470704908522142e-01 5.460501652575543430e-01 3.768070133479840544e-01 4.306318005546927452e-02
3.616239415585055794e-01 3.066331614819108875e-01 5.722148206311736818e-01 2.908653293270617723e-01
8.674185770937604678e-01 9.951592850203162532e-01 9.889437236024426481e-01 9.592173239216208458e-01
7.567524117649070403e-01 1.791387073617857484e-02 8.007670314645071175e-01 6.309105956461280584e-01
3.570763586870723261e-02 6.210164941158879959e-01 3.647490998723771360e-01 8.056826430838555098e-01
1.131935163198870414e-01 7.670699119073330907e-01 5.296924633673903982e-01 8.976736564654856920e-01
5.617635219796142110e-01 5.416494252682502175e-01 3.274705994258137465e-01 6.737650393042713404e-01
4.406951142543721889e-01 4.841328863659670190e-01 5.107873945732971377e-01 1.513523384928703308e-01
5.244704071148350577e-01 3.897505019715740704e-01 7.019667368568820454e-01 7.569215549156069756e-01
6.283432793150003359e-01 5.277290243581873597e-01 4.062136472834520506e-01 4.929727762937545776e-01
9.228294741936130530e-01 8.226996301692822700e-01 6.261314827098576341e-01 6.958305521402508020e-01
5.037967396477406323e-01 6.140745894923369530e-01 9.086154124877675597e-01 6.840133483055979013e-01
6.028677636719339539e-01 7.054627037613862839e-02 3.915682793158060671e-01 4.959834269247949123e-01
9.607514195793860345e-01 6.394762479318757964e-02 2.012873972946142287e-01 2.750789667479693890e-01
7.084916380030592542e-01 4.202739328768755334e-01 6.720048933425222248e-01 4.217823036015033722e-03
1.831651148812067989e-02 1.387473229573158752e-02 4.810019649233782807e-02 3.531114112120121717e-01
7.530555874069089217e-01 9.661154662801664239e-01 5.857298221510156555e-01 3.608667082153260708e-02
6.010602192056879733e-01 9.448861348815533745e-01 8.796651270859785487e-01 9.284181089606136084e-01
8.344204455526523789e-01 5.472750035880463715e-01 5.181414526893709516e-01 7.241073180921375751e-01
2.539105414214311018e-01 8.128989549998451025e-01 4.843401299241865687e-01 8.809865093789994717e-01
6.528030954982991796e-01 4.329219896607528623e-02 1.522343174646565711e-01 1.133616096340119839e-01
8.418649818680670194e-01 2.861838231297410551e-01 7.849487021107486306e-01 1.667656227946281433e-01
7.486184061137701740e-01 4.411392864975596240e-01 3.550254771849765123e-01 6.527525421697646379e-01
8.100775483621822648e-01 8.228524586991574630e-01 2.907410213050022341e-01 1.655706968158483505e-01
6.321497191007448002e-01 2.224469794027630620e-01 8.437689189778948551e-01 9.728662832640111446e-01
8.035969135807776720e-01 9.746664887759451945e-01 7.064371439559260502e-01 4.127664731349796057e-01
7.321224729558520883e-01 2.089784124815572686e-01 4.976235620548918881e-01 6.594209566246718168e-01
1.790520400761799191e-01 2.512326199385756520e-01 1.659659550658923177e-01 4.966323599219322205e-01
3.675901734322926107e-01 1.429218416666131475e-01 2.443876819156926838e-01 5.644124185200780630e-01
6.525352561027361054e-01 1.841930983075671935e-01 4.689648257176856627e-01 1.112470428925007582e-01
1.283751468051604894e-01 3.127662628551317048e-01 3.620067623582091665e-01 4.109609033912420273e-02
3.465322972315462713e-01 7.995619832954988793e-01 9.505527486814432381e-01 9.412544535007327795e-01
9.877974633909119007e-01 9.919546542600664596e-01 5.013236387397400629e-01 3.358073935378342867e-01
9.632775626861720397e-01 8.811177194772129573e-01 6.332807945582362708e-01 9.323356181848794222e-01
9.282614284055413778e-01 8.931451976846460639e-01 6.439420976973839750e-01 3.905767109245061874e-01
4.019674609975749657e-01 5.946637800158538489e-01 2.779264133564694483e-01 6.362154823727905750e-01
6.968911777139608077e-01 4.301549647067446913e-01 1.409177574272535705e-01 2.693349153269082308e-01
5.788665516326964022e-01 5.017200589726887872e-01 5.311334304562116415e-01 4.525084630586206913e-01
5.568803019242243857e-02 8.655054197345547484e-01 8.011473718345383244e-01 9.864613532554358244e-01
5.457415768429091374e-01 6.335988420283427125e-01 7.458209327540952227e-01 2.331314331386238337e-01
8.645962584304753840e-01 4.392175083917537748e-01 8.990408551551621885e-01 3.159297176171094179e-01
8.577239762046426907e-01 6.692195864451427889e-01 1.841654100809569650e-01 5.769248986616730690e-01
8.247652596932923963e-01 9.330642735073694238e-01 6.762574636819227436e-01 9.273195606656372547e-01
3.696447429157996289e-01 8.393483573763622640e-01 3.645921867176603604e-01 7.558509982191026211e-01
3.304842154763684703e-01 3.267527866662696123e-01 1.551605852419370157e-01 5.279186533298343420e-01
5.439796448164015974e-01 6.155390040727611867e-01 8.897948148085518261e-01 9.313479445409029722e-01
2.235511409363654667e-01 4.619005708411408340e-01 6.839125550318397861e-01 1.740209341514855623e-01
6.102067377462871978e-01 6.564720794813120319e-01 6.541105865821443821e-01 2.412193939089775085e-01
6.213102591480430537e-01 9.788214311080971619e-01 4.548368946816842007e-01 8.662006040103733540e-01
8.230515690048292310e-01 8.975399460789527106e-01 8.708416537676180180e-01 9.648272376507520676e-01
4.340726067821668033e-01 5.385825195968236834e-01 6.816444270886778956e-01 2.575038252398371696e-01
4.534772918305601808e-01 9.821555107815401753e-01 7.841462672083665542e-01 7.737102201208472252e-01
3.503505980050320434e-01 5.843525783137921703e-01 5.341680333442525574e-01 6.265730345621705055e-01
5.485262085069446680e-01 5.801176233708883467e-01 6.149274382427429853e-01 7.114720467943698168e-01
8.835506720424334270e-01 2.587472129538507248e-01 2.366917502941958979e-03 4.876663777977228165e-01
1.579536187735951780e-01 7.595296232900238254e-01 1.899745556932673496e-01 4.778671490494161844e-01
3.041019870179978435e-01 5.743437822455482733e-01 4.561642202830109016e-01 8.525768578983843327e-01
2.723343593373269145e-01 6.828669562246739710e-01 4.538738682586237472e-01 5.191820051986724138e-01
1.518217923960091531e-01 8.190188574638447294e-01 7.653714806369786849e-01 6.898165601305663586e-01
8.482310216105221068e-01 5.849734246091583545e-01 4.243708568719309349e-01 1.623681630007922649e-02
6.854789561089507099e-01 4.937523884291081799e-01 8.163019663918533730e-01 5.924621063750237226e-01
8.422092631929221085e-01 9.144516936061196644e-01 6.925179891188578685e-01 4.988011061213910580e-01
2.028775551578823055e-01 2.720901698035024241e-01 7.406138010132066185e-01 1.192251802422106266e-01
1.572749423195744789e-01 4.283350269962019063e-01 1.036729366479981623e-01 7.468975051306188107e-01
9.115081473733686046e-01 8.807714340896212191e-01 7.733010658332102327e-01 5.678247427567839622e-03
