6.193238852011530016e-01 6.310230958236373588e-01 4.310572416057851797e-01 6.300505116769536951e-01 4.549616076983511448e-01 6.502057501414495455e-01 6.870258482663174071e-01
5.482103785229576198e-01 4.525945815434360142e-01 4.503427521818761936e-01 3.849984236774515178e-01 3.142908117733895779e-01 5.392014475687346708e-01 3.773373213041027463e-01
6.406270717476220122e-01 3.136327378945783506e-01 3.028417623538861569e-01 6.767395235891822125e-01 6.423562008421868086e-01 3.007552400086144218e-01 5.806149845438101087e-01
9.522791696162709041e-01 9.592154340464777995e-01 9.818058321236056152e-01 9.830480991659200640e-01 9.934112152550369501e-01 9.269993139174634855e-01 9.579731767864456682e-01
4.435117141905502436e-01 2.926803337967629481e-01 3.681991798994616594e-01 4.297781625960310770e-01 4.941912251524627209e-01 3.224779937595297907e-01 4.171993433686648767e-01
9.139879371654443529e-01 9.722711771584763296e-01 9.470783965082616440e-01 9.712669565095658486e-01 9.554410516284406185e-01 9.316138381357241816e-01 9.536597491962257589e-01
6.231662528318564487e-01 6.256614998915800419e-01 7.056131288361764398e-01 6.861942806831027308e-01 8.089276659302413464e-01 5.969378946073351511e-01 7.408620172107073243e-01
7.060810919138299502e-01 9.616117277873670321e-01 9.603060216752018485e-01 7.273351278005122378e-01 7.433861913159489632e-01 9.461035159666200123e-01 7.519520344134248413e-01
3.278208356388662148e-01 2.370131042250410713e-01 4.938385912089445773e-01 1.682380826757966519e-01 3.338891509920358658e-01 3.700865027696243481e-01 1.709514296568403480e-01
7.937740649798654680e-01 7.934652843367011599e-01 6.203299381570013260e-01 7.479691162190146292e-01 6.056997603736817837e-01 8.521106157588196339e-01 8.708621307629991204e-01
4.162733905770096277e-01 2.363363216522206822e-01 3.671760609199217207e-01 1.151819104029330187e-01 1.986182190012186766e-01 5.769580883478642175e-01 3.808955120029957619e-01
3.223489702345531671e-01 2.147300639784648912e-01 2.487162223824018747e-01 2.347606748792142040e-01 2.224047211930155754e-01 2.902592326345889706e-01 2.068668716522863993e-01
6.305938132067746560e-01 5.986161431098219188e-01 5.466554901856059967e-01 5.532690418540996413e-01 5.020217946730554104e-01 7.070095532455368259e-01 6.513159387631823893e-01
9.451871878690552009e-01 9.851688061715615508e-01 9.910450852315196846e-01 9.621147451475401402e-01 9.726835889741778374e-01 9.705537376536013117e-01 9.248102603135672783e-01
6.256089717703234854e-01 6.083939522931376409e-01 5.428630802769356389e-01 4.270817651830633999e-01 3.328516664914786816e-01 7.274665691008835866e-01 5.277066081685019006e-01
4.514200042957200454e-01 3.828526714542535014e-01 4.076673633331139857e-01 3.336689708529966270e-01 2.718611825257539749e-01 4.074365464493391320e-01 2.193162486501359365e-01
5.938927206549271531e-02 1.560151841901902259e-02 4.562161768280148522e-02 1.570145363735214739e-02 2.846230892464518547e-02 4.784286447942548426e-02 1.807117349239056869e-02
8.464636650038934729e-01 9.011514510812104195e-01 8.167570148362097715e-01 8.879843374844889059e-01 8.315216659102588892e-01 8.729231617456097991e-01 9.074573580393036076e-01
6.115364418305965222e-01 6.092976261916169811e-01 3.347353885080561198e-01 8.342206997764927134e-01 6.498514798004180193e-01 3.901981761999951948e-01 7.139327500073023858e-01
8.310662823197578764e-01 9.020170286902251533e-01 8.949382437461906870e-01 8.731175279307104020e-01 8.575883293524384499e-01 8.410849487475910990e-01 8.005413154736545911e-01
1.455908822830319083e-01 2.006660142428461358e-01 1.887954362787525042e-01 2.197878389100729746e-01 2.660306154284626245e-01 1.530748236471005108e-01 3.092806489562403005e-01
8.658221068872709036e-01 9.398939800491965535e-01 8.736632966112176657e-01 8.676257220249601332e-01 7.479223157279193401e-01 9.481625575238942227e-01 8.662892723681647755e-01
9.498461068837438237e-01 8.200460639127098439e-01 9.735384416308769939e-01 9.066820419532715114e-01 9.820522640366107225e-01 8.885785935270308356e-01 8.532077287327214377e-01
9.265303183400783738e-01 8.708343006786660734e-01 8.723184103533982992e-01 8.663984801336416242e-01 8.408696316182613373e-01 9.004491624822075213e-01 8.821150776601598409e-01
2.799116988924805205e-01 1.388154184316298112e-01 2.606491887482832448e-01 2.040018742176977207e-01 3.086280098650604486e-01 1.897524313719273770e-01 1.738410852573968879e-01
4.704946591974933923e-01 5.593001278954091715e-01 5.519527601855682697e-01 6.435172401418989274e-01 6.129115759395062923e-01 4.086869675552574077e-01 4.016271456895856851e-01
9.779607657963139689e-01 9.030669201224555964e-01 8.941128588974376346e-01 9.725575903318296467e-01 9.601232807617634535e-01 9.103887936497484512e-01 9.615793582916742910e-01
8.696481519744682087e-01 9.121968797365964665e-01 8.004917679756343718e-01 9.588622878044494868e-01 8.901320113800466061e-01 8.028055698272378304e-01 8.837605086287734224e-01
4.679104139784827088e-01 2.689862844651688123e-01 4.043483165056851458e-01 3.667966043143619514e-01 3.867330725770443678e-01 2.976459148437403668e-01 2.006222656451783215e-01
3.113287712837035648e-01 4.670728856586892075e-02 1.779525929177975252e-01 1.767512951987824654e-01 3.819554632063955069e-01 1.160927337260367342e-01 2.107640882044786168e-01
2.804006618537073781e-01 7.812220281822664925e-01 4.460358499846210356e-01 5.412221657807315678e-01 3.350718156434595585e-01 6.572870759459594758e-01 6.496547700238298750e-01
3.331560440949273838e-01 3.638468611958922683e-01 3.677494259234015406e-01 2.730521093737826033e-01 2.558261265512555838e-01 3.894484753608559169e-01 2.561918516130502477e-01
8.769320384518286549e-01 7.763499221912315562e-01 8.143728006324324475e-01 7.525068192815032031e-01 7.984064433258026838e-01 8.925049428378535321e-01 8.885974408692727255e-01
5.350351369811213731e-01 8.219493158568003111e-01 7.980158187992936192e-01 5.108574668014629339e-01 5.017639312427490950e-01 8.463789346083321341e-01 6.266821355689464745e-01
2.791412270935500484e-01 3.724331382567066528e-01 3.993652479476872963e-01 3.716676806277012801e-01 4.702158640138804913e-01 3.095272712724468356e-01 4.167123345769376819e-01
7.963303812420414740e-01 5.885213348893001406e-01 8.073769636564652741e-01 5.285928124506490411e-01 7.182583203539252281e-01 7.646375969075209778e-01 6.671169473743819855e-01
1.391707486054189480e-01 2.037364290584475213e-01 1.626662339065831353e-01 1.345104069345136044e-01 8.674799348227679729e-02 2.070309963603115810e-01 8.763324762391755396e-02
8.096000999936812104e-01 7.877231380014821926e-01 6.053764034193463983e-01 9.383383271420785432e-01 8.574140248820185661e-01 5.904194435178518052e-01 8.359052941256759350e-01
3.476273769838221783e-01 2.808814761501224888e-01 4.840205334532785564e-01 6.310459959466785396e-02 1.600724686868488789e-01 6.702064708569805962e-01 3.298705815367386496e-01
4.724593120427796333e-01 6.686964276899536319e-01 8.007073491641985008e-01 3.385417640639744041e-01 4.544534834567457438e-01 6.751470151668400588e-01 3.620307079733269262e-01
6.520940642500872020e-02 3.541358211005074530e-02 5.814602674195606946e-02 7.025000454189578303e-03 1.172900758683681488e-02 1.369089664510693138e-01 4.715489086701268873e-02
2.327744098885094481e-01 5.653615926728735586e-01 3.165134465750265580e-01 3.822767954122401335e-01 2.362467071507126093e-01 4.527224998618339380e-01 4.639598208741052554e-01
1.716794364805468431e-01 4.593730986899418611e-01 1.611469411749799074e-01 2.917551821403167045e-01 1.228182760532945395e-01 4.568780206167057933e-01 4.486900008975679977e-01
1.158301537796981862e-01 6.855416902399052992e-02 7.487353374123772998e-02 8.980483811277939488e-02 8.372239209711551666e-02 9.690924190198135779e-02 8.142949704888508000e-02
7.602791039643674864e-02 1.401342003811444914e-01 1.998431174115611331e-02 5.655162666168078722e-02 8.852945640683174133e-03 1.941027338253417667e-01 1.859015778110337802e-01
7.873259174540081506e-02 1.177340114487053779e-01 9.443772758208529572e-02 1.018430859356825313e-01 8.813554281368851662e-02 9.118392309098161119e-02 1.003630315432820219e-01
3.617226556712549446e-01 4.526662490790412940e-01 2.269977985369076579e-01 2.371485985132149588e-01 1.236490821465849876e-01 6.068215279158565290e-01 5.410537796200345362e-01
2.053219205947707793e-01 3.008168159667611308e-01 1.389438072977062233e-01 3.417641419264060287e-01 2.152414675801992416e-01 2.475867227525736514e-01 3.627844878817609864e-01
3.551637049877653940e-03 1.109141225992044122e-02 2.730898046609975260e-03 3.750544680302481115e-02 1.892745820805430412e-02 2.118469630828012651e-03 1.385686828199833576e-02
8.808465325078422836e-01 6.285857912949815995e-01 8.580906237126852965e-01 7.738685757306664748e-01 9.042738829739391804e-01 7.318817458396679188e-01 7.599055266275442921e-01
8.908668902169233350e-01 9.191728417618358904e-01 9.395724331772894455e-01 8.865349043189179046e-01 8.914410853758454323e-01 9.111772400644524428e-01 8.200648920075983561e-01
3.452151650325551158e-01 2.561842614582342526e-01 1.644044433716668752e-01 2.992159531479309797e-01 1.849620176944881678e-01 2.865820076276913708e-01 3.032191692940737759e-01
5.585538794815797514e-01 8.136647270700980705e-01 6.669636927846744889e-01 8.453411433524491425e-01 7.904428394977003336e-01 6.307996199085530442e-01 7.935214663952856462e-01
4.844250757089519910e-01 2.848660893652075754e-01 5.989573453008895099e-01 2.392669865344228541e-01 4.013316577766090631e-01 4.398883453495097684e-01 1.706490695953286618e-01
1.748569825995353599e-01 2.473647490091702150e-01 2.313164086375225081e-01 1.105499138273439153e-01 9.334761742502450943e-02 3.009145242084146910e-01 1.369617211669936219e-01
5.456965804915473450e-01 4.761272495322354525e-01 6.356685992705017885e-01 4.649575514138474253e-01 5.784317494835704565e-01 5.106017794952930622e-01 4.350112729671145595e-01
4.475758659928196215e-01 3.057411083926946938e-01 2.985221041006593801e-01 6.316942642123603013e-01 6.638925040606409311e-01 2.277065834001628097e-01 5.593482147899268009e-01
4.231293866524828973e-01 7.503361455130607149e-01 5.545888221209702706e-01 4.593567543325292046e-01 3.631331773940473795e-01 6.939216332338860038e-01 7.176659693905075299e-01
3.920323772791265426e-01 7.894647677653016116e-01 7.561639126659746024e-01 6.593225419186437009e-01 6.250211684964597225e-01 5.950852490594813471e-01 4.082623797517394015e-01
7.520040571594405199e-01 6.694055879720719471e-01 4.963897262188043946e-01 7.606158601580936818e-01 6.526941161137074232e-01 6.828720875596218098e-01 8.579260320292612096e-01
4.487650695728033212e-01 6.744613719024663556e-01 6.804564210158855486e-01 4.274351137549523560e-01 4.006942086853086948e-01 6.567919052348768494e-01 4.052588824121907130e-01
9.914542214036773382e-01 9.990890293282067569e-01 9.890710888264884204e-01 9.979775994747005496e-01 9.837716571055352688e-01 9.973470278393545829e-01 9.953616668551064084e-01
8.803142992260915012e-01 7.400731286950823495e-01 7.649291631210529685e-01 6.520902050986971954e-01 6.170514267869293690e-01 8.952766046637272712e-01 7.628267204126071288e-01
7.867841083381381662e-01 8.518742259164335806e-01 8.417992069009334610e-01 7.569604673204294309e-01 7.053323062136769295e-01 8.667726478992826555e-01 7.067690370253087995e-01
1.617390699074523486e-01 1.081282375518756722e-01 7.347176930547633100e-02 2.598076382556237518e-01 2.614942141808569431e-01 7.335638408184452786e-02 3.329742913356315004e-01
6.607614586472406737e-01 6.162943885735504557e-01 6.015151049663916005e-01 6.824218218897569743e-01 7.253144481219351292e-01 6.380758086793677508e-01 8.072089433600453390e-01
9.816002807920074513e-01 9.379316845860568019e-01 9.786345011815492656e-01 8.401465217431787202e-01 9.230910681653767824e-01 9.938862511489355844e-01 9.645611321420823892e-01
3.367225034207911860e-01 3.178970949920695288e-01 1.699984172825044215e-01 5.256582924778273602e-01 4.089852413162589073e-01 1.810706447296928090e-01 4.963749925422722420e-01
5.072114694715673666e-01 4.356760414937793091e-01 5.048384772360464678e-01 4.564502962226721916e-01 4.713175136130303144e-01 4.651473528163386217e-01 3.675978304700010524e-01
5.131692751403469366e-01 2.478780549704981961e-01 2.350590573124290428e-01 5.515602598671924817e-01 5.604917968157678843e-01 2.605722797104079724e-01 5.664556239252357406e-01
6.681199622682884032e-01 5.921846932029621868e-01 4.756397706550104520e-01 7.534946962862520969e-01 6.251764171756803989e-01 4.424741405785782011e-01 5.791606787623415631e-01
8.331755592766663110e-01 9.093505486061723708e-01 7.910377394124901151e-01 8.370385300250902105e-01 7.492161984555423260e-01 9.360382827258525440e-01 9.449658140901988634e-01
6.861832105184539898e-01 8.564611230960390564e-01 6.270730621222100343e-01 8.215152477880823811e-01 7.074009729549288750e-01 8.243848412446341811e-01 9.314740330806431379e-01
5.691833968095476592e-01 7.080873005335626136e-01 7.385140541716772589e-01 7.401891935709126180e-01 7.698399578221142292e-01 5.737666539327607174e-01 5.844654687857083752e-01
7.314849825285453244e-01 9.176951879380603749e-01 7.588389320069786059e-01 8.022994228517021931e-01 6.273166486062109470e-01 8.835840244313375447e-01 8.444457608947800731e-01
2.791131469716880420e-01 4.019534809040087864e-01 3.085878307432380341e-01 4.049834557330948548e-01 2.905988965649157763e-01 2.593822476567645419e-01 2.028874424431800771e-01
5.945972690240214353e-01 8.822790445075339161e-01 8.393939356251614026e-01 7.520694363335058696e-01 7.064197913277894258e-01 7.934180947030720077e-01 6.662543915018869223e-01
5.917250361573678230e-01 6.164913019510896985e-01 5.285795044015795252e-01 7.175706445779060916e-01 7.301665872801095247e-01 5.915397607479117026e-01 8.127112847076854996e-01
2.872991599898277459e-01 6.462222809631513742e-01 3.693821345460261418e-01 5.704498392152601571e-01 4.320661148522049189e-01 4.863118222634036925e-01 6.566945030863936550e-01
6.039560547437040627e-01 6.701113379748009358e-01 7.146782930837467518e-01 5.838578339347777479e-01 6.912787805777043104e-01 7.660327982653162282e-01 7.561049684914447067e-01
3.320182863996458678e-01 4.885557110946926462e-01 3.633298321280669096e-01 3.475265346472790062e-01 2.640311657451093197e-01 4.653942165156448318e-01 4.321781683303085320e-01
8.058376446852697494e-01 9.633005015972243568e-01 9.480589121624729554e-01 7.717852699033669328e-01 7.432425830047577620e-01 9.716863165370394073e-01 8.464055292982619605e-01
9.704893637072113943e-01 9.364246222002921005e-01 9.332149860641507644e-01 9.729994727808124466e-01 9.759589282330125570e-01 9.488830743574911963e-01 9.788971828166378453e-01
8.506728341009994754e-01 7.123824896482995328e-01 9.153422572389018352e-01 6.826941760298216311e-01 8.639462075661867857e-01 7.843635658246894682e-01 6.859390031977099511e-01
4.036217020939720790e-01 2.881839785599614179e-01 5.752144638948013533e-01 4.052780566769917936e-01 6.027117650955915451e-01 2.831854787078289526e-01 2.143284135479311958e-01
2.441310092650708086e-01 1.032367113857520224e-01 1.463229177325419128e-01 2.292628820815096335e-01 2.425554152578115463e-01 8.431073579803533002e-02 1.270851167851097530e-01
8.258606429974816310e-01 6.332978918261253920e-01 6.585857826551191341e-01 7.860559106230676774e-01 7.985912696458399296e-01 7.128208016391305302e-01 8.355776168832260709e-01
4.761492643033460315e-02 9.037077016890937564e-02 2.846362620326975401e-02 2.608115371341429567e-01 1.616655408870428801e-01 2.104692594975621223e-02 1.335662859781754919e-01
4.485401230695832409e-01 3.621952030239695142e-01 2.864650141918638759e-01 3.791032711028127222e-01 2.957292599603533745e-01 3.994807300956985663e-01 4.285364269221199063e-01
9.370559480786948559e-01 8.610415324643159174e-01 9.318492638432505082e-01 8.943071982122317021e-01 9.374622108880430460e-01 9.144235112319432091e-01 8.915500237218947355e-01
3.600435849623866424e-01 6.900060079050529538e-01 6.155153375400055360e-01 5.571509566049950291e-01 5.127403540536761284e-01 5.384958511952999682e-01 4.409007916060962984e-01
7.274637817187711297e-01 8.998082515384938640e-01 8.881336391903915661e-01 8.823301055333340193e-01 9.297326926607638597e-01 8.327934207607974315e-01 9.337529622201484747e-01
2.270421823074462719e-01 2.223856234682380917e-01 4.109394911834124420e-02 4.655240903046400369e-01 2.431713358964771032e-01 1.475949257913075630e-01 6.096589833780232670e-01
6.130951550063225008e-01 6.449609956678122868e-01 7.532924936608202948e-01 7.429532837971777326e-01 8.530330136418342590e-01 5.913198431455556348e-01 7.164891041907277547e-01
5.370843527597881639e-01 3.127415255711327724e-01 4.689849310350681089e-01 2.742348967060618814e-01 3.580137814860790968e-01 4.909056550258464879e-01 3.479464066316035331e-01
6.676949891766641443e-01 7.989352216653546890e-01 8.398085272920874367e-01 3.217500078898364313e-01 3.748108798172324896e-01 9.140175191571415780e-01 6.395627788892932486e-01
2.989321758023628650e-01 3.926526143480995046e-01 2.874485208748038811e-01 5.638638368721402561e-01 4.165921111125499010e-01 1.849197452281385878e-01 2.518152507622769543e-01
5.584397765097576238e-01 5.445997627823230269e-01 6.149491921400265237e-01 3.950946132871812067e-01 4.501928358804434538e-01 6.679996964051483355e-01 5.255531730717369898e-01
9.451008474424221761e-02 2.444604323523324463e-01 2.560088696736337877e-01 1.463196812908117428e-01 2.483656799886375666e-01 2.235381074088308995e-01 3.085935137378816306e-01
1.846293707167722675e-01 6.444142119025020321e-02 2.942613452261498841e-01 1.733246111922293053e-01 3.806606656871736050e-01 4.880867693922535944e-02 3.915092133228359472e-02
5.113890092077039151e-02 1.581204613313466067e-01 2.410463731876092974e-01 7.613874467785963773e-02 1.072982139885425568e-01 9.928324623678608241e-02 3.144603564631465176e-02
8.106452553240062198e-02 3.773677046052303918e-03 1.195117216879870714e-02 1.875857587490065148e-02 2.380417915992438793e-02 1.872068134008492146e-02 1.688765787377527472e-02
2.767603401619179171e-01 6.505537100048670585e-01 3.939520208685278191e-01 5.187028261838999565e-01 3.975446007680147886e-01 5.022372875837974870e-01 6.385616891507570614e-01
9.752164652896886388e-01 8.523742725671181741e-01 9.675171461116622851e-01 9.551225680671018292e-01 9.912557536736130714e-01 8.838516739022066471e-01 9.412479804024407315e-01
7.348889091198125278e-01 6.964984369544339193e-01 6.516919985358944345e-01 7.333147940499653572e-01 6.533042516093701124e-01 6.552488643222740272e-01 6.168189064715139391e-01
6.916647989616412362e-01 7.025354792261164771e-01 8.536476816969811310e-01 6.192412255409572852e-01 7.447351531591266394e-01 7.120736013746449267e-01 5.183347022003482740e-01
3.726415033946051114e-02 2.611616600311413849e-01 1.535166295359021160e-01 1.231634345805028286e-01 1.019976937677711248e-01 1.519845314471921505e-01 1.467928241139979106e-01
8.450501121628253287e-01 5.739454118864724119e-01 7.655552921848360892e-01 6.682285493120312392e-01 7.692909627221524715e-01 7.406561739060952831e-01 6.661285300740060755e-01
2.605801224526206328e-01 3.927763883180811488e-01 3.475179710020438462e-01 2.391545018311129200e-01 1.935076673980802298e-01 3.907930792120388741e-01 2.279068634699467633e-01
1.365170373594277731e-01 1.042267088735057690e-01 1.023125275659725331e-01 1.503455890883629298e-01 1.751619658898562193e-01 1.193143994654140561e-01 2.113511798401451758e-01
8.997768799766965309e-01 7.308689289798760980e-01 8.361146147263003314e-01 7.891848428895495982e-01 8.534915284253656864e-01 8.326949745667506786e-01 8.224157273627374920e-01
4.711516554321922845e-01 7.700488931378048907e-01 6.665696255019626371e-01 6.413711126931985751e-01 5.416139056906104088e-01 6.480831838036678061e-01 5.225414297006356623e-01
4.164315453980400039e-01 5.079570486644560123e-01 4.133433320971019453e-01 3.483001974235621634e-01 3.106150482781231403e-01 5.584780625534442322e-01 5.830488475336900178e-01
1.231785255059016926e-01 1.978442855784570686e-01 1.798200308541209602e-01 1.564493653037202225e-01 1.909020722378045321e-01 1.892533339885528187e-01 2.617766672141258466e-01
6.775404152898067967e-01 9.149122090631663928e-01 9.282545099348662454e-01 8.354478487054702862e-01 8.361422971356660128e-01 8.225960604511813878e-01 6.159911508980179251e-01
2.778952347360670316e-01 7.061138902192721778e-01 2.796340764134347956e-01 5.936105056681812986e-01 2.995357327163219452e-01 4.889880156203388339e-01 6.465615566593244656e-01
4.951437219912419030e-02 8.419156923203025000e-02 6.080743273758587586e-02 3.366865005434288571e-02 2.356868656352162361e-02 1.227720574560847711e-01 5.650210504780678322e-02
2.839168369605468145e-01 2.842735144325660990e-01 5.135737657895782515e-01 9.999191385247174768e-02 2.046648357063531876e-01 4.610711142050825107e-01 1.776595055849897187e-01
7.660156584068524843e-01 3.243453971778674783e-01 8.679983758472629152e-01 1.891225394105158775e-01 6.719381262082606554e-01 7.993321655222929145e-01 5.190757895044665338e-01
4.795489428662897957e-01 7.913984279659302956e-01 5.895800920369421716e-01 6.203562405611680042e-01 4.243525457568466663e-01 6.419398128930489111e-01 5.515614932627782574e-01
2.674457599007673547e-01 5.035841894950325859e-01 3.007774718103226608e-01 2.897428012003089304e-01 1.084239413030445576e-01 3.852250897899993087e-01 1.768585631891141374e-01
9.247524548881367323e-01 9.318864409974818575e-01 9.849682532775934085e-01 8.191379754812517788e-01 8.941491418518126011e-01 9.655209477045421096e-01 7.106757292863052911e-01
2.307314438043521210e-01 1.230340168160988790e-01 3.591138438830150936e-01 1.912860277875081949e-01 3.989662460517138243e-01 1.167974880384969327e-01 1.026505059449383528e-01
3.631519048055877330e-01 8.556742681151319196e-02 5.225847963591834233e-01 1.953079509839273364e-01 5.407514155376702547e-01 1.239772363490793117e-01 5.944666909245199804e-02
9.748896883919877521e-01 7.726294995343940819e-01 9.540551836550401621e-01 9.371049794762618124e-01 9.891993971541523933e-01 8.644537849454514422e-01 9.297436369571110415e-01
1.651120457774499228e-01 2.980431241019647626e-01 3.312810711764840876e-01 4.884549472123533298e-01 5.505133471451699734e-01 1.162517834838050490e-01 2.161336937866322194e-01
5.234746130658436414e-01 2.681621166988481519e-01 3.443707659841558355e-01 3.680710835331524322e-01 4.337036230135709047e-01 4.040725734985151640e-01 4.943980153713852244e-01
8.604028995803033597e-01 8.153614715983312777e-01 7.785193448619240897e-01 8.173152605326057252e-01 7.869130815379321575e-01 8.559909747430111127e-01 8.775120412449911589e-01
7.097999528409904002e-02 2.646875007899638366e-01 2.140359491045278895e-01 7.732630576643378939e-02 6.611559027805924416e-02 3.018338689449795442e-01 1.361502788976262091e-01
1.682832810947916258e-01 3.479263982462136862e-01 3.484298967029030858e-01 1.609010750135619894e-01 1.753832118120044470e-01 3.500907692285934458e-01 1.875027648034399141e-01
7.992639655985679381e-01 5.269486654043079588e-01 5.835541313462754287e-01 7.663613270054405735e-01 8.197423580568283796e-01 6.166410798168385776e-01 8.375105536989781996e-01
6.493573445546448886e-01 3.761262938655911547e-01 5.993841283767556982e-01 2.618615897132279269e-01 3.294528075493872166e-01 6.066334226406731034e-01 2.993626878785067835e-01
9.099844614368481910e-01 8.461279388628953901e-01 9.312254160806123782e-01 6.402242011696354096e-01 6.885880164336413145e-01 9.407970745563620785e-01 7.182789800457476392e-01
3.732107468443528475e-01 3.308406572549044133e-01 2.873991190068471147e-01 5.392899183129180596e-01 5.221834280528128147e-01 2.489627537934792079e-01 4.179534892153932146e-01
4.167430477184169701e-02 2.614210226912937474e-01 2.130915827064625567e-01 1.353650178628627021e-01 1.241516077425330877e-01 1.330271925133851285e-01 7.419213046846478976e-02
5.934548457857442560e-01 7.510836294790778078e-01 7.018780881928801119e-01 5.906919692974270664e-01 5.432483986951410770e-01 7.116863754188478275e-01 6.130362716253834332e-01
2.254977451189578708e-01 1.415392916010134727e-01 3.362901751766587677e-01 1.002788023951858842e-01 2.218712202738970518e-01 2.493419036746132300e-01 1.145099611509337589e-01
9.203517574719655148e-01 5.804505803834190125e-01 9.055395168422823993e-01 7.701991944805983703e-01 9.302132022567093372e-01 7.133406175308646402e-01 6.673523496608970706e-01
3.216216821736626597e-01 3.784325078790428676e-01 3.511485525573853073e-01 2.633841740513277463e-01 2.945959214121103287e-01 4.479094095567176526e-01 4.978021638024687223e-01
3.594580400474334247e-01 3.122240368074987726e-01 3.875174847526441924e-01 3.936358703235306455e-01 4.849178278818726540e-01 3.011464819200396215e-01 3.514510266159804885e-01
4.871386046668543246e-01 4.493174467662543470e-01 4.599168721534571680e-01 4.119567876420935360e-01 4.354655784554779530e-01 5.161591799915137280e-01 4.994293943378130263e-01
9.074324563506352970e-01 8.283493916160169501e-01 8.078373974727928175e-01 8.907714437109637284e-01 9.305944391526281834e-01 9.069613169322554569e-01 9.844438035427218736e-01
1.143458888782030725e-01 5.795239550332671463e-01 1.855907550819476115e-01 3.432710904301118915e-01 1.016142291482537985e-01 3.510113387466708978e-01 2.871496399842191627e-01
7.291717881601804674e-01 7.834149531930532095e-01 6.460294593190248902e-01 8.441224218997733786e-01 7.698971231002360582e-01 7.193404226710787830e-01 8.255994421884140788e-01
4.330515570278696824e-01 3.387193578365066404e-01 4.565748115698392007e-01 5.692749392003629838e-01 6.888152407482266426e-01 3.041490750570482460e-01 4.627530016290857251e-01
7.886198329433147247e-01 7.918273989494313270e-01 8.985549092736897503e-01 8.208190760759068727e-01 9.248700742609798908e-01 7.901010589612111890e-01 8.216198774258747228e-01
6.574264755871686017e-01 5.775693359581214326e-01 6.982895102138598764e-01 4.337434635846899589e-01 5.120680811814963818e-01 7.159660405716850029e-01 5.369051025053876991e-01
2.338374181601276525e-01 6.516714627360251644e-01 1.956219937564606104e-01 7.263728421263223600e-01 3.138025752268731594e-01 2.517697804823830765e-01 3.780996952867419214e-01
7.310964250091955829e-01 9.276643516373808129e-01 8.230750056534970049e-01 9.338445753462033538e-01 8.413217824418097734e-01 7.325508768486839184e-01 7.191959623781398747e-01
4.906237870900220788e-02 6.009824918533024363e-03 2.300347369313504586e-03 5.279743371901263194e-02 2.920106379315257072e-02 5.562591788869475362e-03 6.163898371276765875e-02
7.098072232107774937e-01 8.911694065489518257e-01 7.807728014156165575e-01 8.792329793432867024e-01 8.293578280135989189e-01 8.043789657330997489e-01 8.767159980251868490e-01
6.786206918049738634e-01 8.164454260259994545e-01 7.574093473395757670e-01 7.630078196976834981e-01 7.299352472182363272e-01 7.398503715026083505e-01 7.681015123935286404e-01
3.632823346134197440e-01 5.475627332416661552e-01 5.820945923191368498e-01 4.265947734748954390e-01 4.636558620259165764e-01 4.718674288518438509e-01 3.754720929184224287e-01
1.701589472995598262e-01 2.069845549654757422e-01 3.849020946670903554e-01 5.929164682988335988e-02 9.170769713819026947e-02 2.883673568194506931e-01 4.654586255418907692e-02
5.422491435784013714e-01 5.311362646037750546e-01 4.316015394158843610e-01 4.737757335644040002e-01 4.435687118675559759e-01 6.607614517687872002e-01 7.181770973533782021e-01
8.516002467721304203e-01 6.637983713951723930e-01 8.302397186455903189e-01 5.973924218826278665e-01 7.228856852743774652e-01 8.187167149383816067e-01 7.017040714223256037e-01
2.500081035879245794e-01 2.230303634225985210e-01 1.605102459300521978e-01 2.703727338238864353e-01 2.270705180708318949e-01 2.295935719314034507e-01 3.259086508552765382e-01
1.298079623471081190e-01 1.328417898706486522e-01 1.289852781215073407e-01 6.801516380811628570e-02 4.566161986440420151e-02 2.064781532511776874e-01 5.172083995074960860e-02
3.833290343188905380e-02 8.991136786154640959e-02 2.264559869316788432e-01 1.833412724432953445e-02 4.785133316181600094e-02 1.225752147275684933e-01 1.314879840693272683e-02
5.811670135372001278e-01 8.475570581587779095e-01 4.886667440539682050e-01 6.548520191391964396e-01 3.685305786784738302e-01 7.966302721662610331e-01 8.525900382124289578e-01
6.085711997242718718e-01 4.826061317436647347e-01 4.006506391711085469e-01 5.741566195511548232e-01 5.053078711498528719e-01 4.929044160263368335e-01 6.506349509622765259e-01
9.679526685628714322e-01 6.033520936974368087e-01 8.164836321598569757e-01 8.187457222663681033e-01 8.940710956230759621e-01 8.213770246651991291e-01 8.483438834162422282e-01
7.835533476769498407e-01 8.028072180696848026e-01 7.926660005087980965e-01 8.216855857417528775e-01 8.117799353785812855e-01 7.270719725954520873e-01 7.818693124472003708e-01
9.705980241345542048e-01 9.061731069324554522e-01 9.426004337424795931e-01 9.287574285270318031e-01 9.413138772360980511e-01 9.559793868177337561e-01 9.295634978007644156e-01
2.213429363420373330e-01 4.689936672968378906e-01 3.480212187284175140e-01 2.385848472092826356e-01 1.658299008850008249e-01 4.256755725059293005e-01 2.558740457528004275e-01
5.551132379647498727e-01 8.385517991349293876e-01 7.672152931384663699e-01 7.473402346878816882e-01 7.516801385208964348e-01 7.217743840313832759e-01 7.894954249513208566e-01
1.226040853069992331e-01 2.436503222273038172e-01 1.304372875059468528e-01 2.911669763869491057e-01 1.933180592022836208e-01 1.058066486792748617e-01 2.086785621503773336e-01
3.566302065545151057e-01 2.904502802204590450e-01 2.723244101482549806e-01 2.377543754900995343e-01 2.435406532604247332e-01 4.215131972652910175e-01 4.084290382054048263e-01
2.864260857617165756e-01 2.497909215788828297e-01 3.937962670652240815e-01 2.223771486177063550e-01 2.795571018941700459e-01 2.494092650327128791e-01 1.176738102023487387e-01
2.940017414288444431e-01 9.582666937136019580e-02 2.636094499492975252e-01 1.601620444541101973e-01 3.203787181992083788e-01 1.565685405262755570e-01 1.786806184013700616e-01
9.673062019617767460e-01 9.957451720913005344e-01 9.936529326898384529e-01 9.816848436303911019e-01 9.772971225902438164e-01 9.913384975947766575e-01 9.764233427288036005e-01
3.752567798902423091e-02 9.953161698832829751e-02 3.106168798749786575e-02 1.289620580836849939e-01 3.770040534436702728e-02 2.453748327625315806e-02 2.807276231102995290e-02
9.137692653930022946e-01 9.716487629452159602e-01 9.031341872137303994e-01 9.635607047902017275e-01 9.128524102270603180e-01 9.437789074784861398e-01 9.632866478887460726e-01
6.796886019777650390e-01 5.757127138946951384e-01 7.098492393556105062e-01 5.860214269729077108e-01 6.307402139063924551e-01 6.184665824822657143e-01 4.370174690895137215e-01
3.852787254503860503e-01 3.878494889114633137e-01 3.451859207616656544e-01 4.323053162802852900e-01 4.366456412244588137e-01 4.049305735469948542e-01 5.205991022532879819e-01
3.764517717639961902e-01 4.836723061693029568e-01 3.669842844610387567e-01 3.053150254933869601e-01 2.567242216318845749e-01 5.704274954199005654e-01 5.200763362379038357e-01
2.160805133920885579e-01 4.356993922957896337e-01 4.108379361199311353e-01 1.634479288176598488e-01 1.347194625996053219e-01 4.752517852272577503e-01 1.949470299098019499e-01
7.186720843804965675e-01 6.231602529222062259e-01 7.345306340652504318e-01 6.795881587319129169e-01 7.229848990682512522e-01 6.024597492129386556e-01 5.601291370862275798e-01
1.051522938421239894e-02 2.528690561644514334e-02 1.170267890291765145e-02 1.950061737435976328e-02 1.297576748766005039e-02 1.709559645079733459e-02 2.317658052590049200e-02
4.217439633501222085e-01 2.993140294789389255e-01 3.235553681863361231e-01 4.778475133627027027e-01 4.920953700784593821e-01 2.460277449461947263e-01 3.264602379485413985e-01
3.662429059410436949e-01 2.465223906398132381e-01 3.803622214213274177e-01 2.267833861580084154e-01 3.158103693276643753e-01 3.476324194186115601e-01 2.941202286590200443e-01
7.553711091875536798e-01 8.660081244121539124e-01 8.359822921302075827e-01 6.961903418379304931e-01 6.458554088603705168e-01 8.715516707017423315e-01 7.339765691360213840e-01
3.918792998137007322e-01 2.577590770854406577e-01 3.718761609970935300e-01 3.583404631871319190e-01 4.385467795655131340e-01 2.603545473847058700e-01 2.896220688247538311e-01
5.010619700668050847e-02 1.545124946588893877e-02 4.533751454065793052e-02 2.252804898919102961e-02 4.626453598029911518e-02 2.638687644164899870e-02 2.042406042370420449e-02
5.637580128303087967e-02 1.563208045048802841e-02 6.593912127141554613e-03 9.057091185205062844e-02 5.250490643084049225e-02 1.102110400437927851e-02 7.609940936800457800e-02
3.867949381344926163e-02 2.311828991023917590e-01 3.384458144589985729e-02 1.896907962279525961e-01 4.167315037921071053e-02 6.511789334200379642e-02 1.281874591343776237e-01
2.286231587933173492e-01 1.672271085562045956e-01 3.350567681217988536e-01 2.724494736835914033e-01 4.241249980404973030e-01 1.520707377780278757e-01 1.526127258708771528e-01
4.690188228694930350e-01 3.652609778528937978e-01 5.315966298147786206e-01 1.681508957739354937e-01 2.613825558219105005e-01 5.967418228166698757e-01 3.326932073108642696e-01
7.353809365130938858e-01 7.696759589832313786e-01 8.109852172344933496e-01 7.018997265777973116e-01 7.592198243364691734e-01 8.060911796846488286e-01 7.603854961172531457e-01
9.092056385759356152e-02 4.595996946913342152e-01 1.212587729928444880e-01 4.142495364123817136e-01 1.959071084856987000e-01 2.329516606516138788e-01 4.397178214562909582e-01
7.381894090292092647e-01 9.229348172892024582e-01 7.961635648628112572e-01 8.847850879242292743e-01 7.949231807142496109e-01 8.627967613078930675e-01 8.901278209065829339e-01
7.523905420901364494e-01 7.396002520648016221e-01 4.522943646919550531e-01 8.832958922913055622e-01 7.480269933585077524e-01 6.406507868678046336e-01 9.108054587769182087e-01
5.157164084228456069e-01 5.069633526303979343e-01 6.270681125909429721e-01 2.583848118884350953e-01 3.046151949092745781e-01 6.771719272423177838e-01 3.553282595743618710e-01
6.843649707668321147e-01 3.952368666260114294e-01 3.976480528053755736e-01 7.232499444141610168e-01 7.274274367373436689e-01 3.861738260054818350e-01 6.836981558223391708e-01
3.292886544376377178e-01 5.256604998162980324e-01 3.274711102342299784e-01 2.685646847738750731e-01 2.110432249028235674e-01 6.065342513351503761e-01 6.499086751175404686e-01
6.567175304019252646e-01 6.086015171485247288e-01 5.731220993929273533e-01 4.698887926937651005e-01 3.362201291602104902e-01 6.463344174367356976e-01 4.115377356787976448e-01
9.027768158199436233e-01 7.340272599141963727e-01 8.839210853193504303e-01 9.334689537358193956e-01 9.737578348722308874e-01 6.667048212012767205e-01 8.219030460559829665e-01
3.589182098763710194e-02 1.179657885592834687e-01 2.579096815486264793e-02 1.052056481554825007e-01 3.159587201662361622e-02 5.069814082333734540e-02 8.919913411832935957e-02
2.467112603432997098e-02 3.180914984734756201e-02 4.114064649040410915e-02 3.949415543768114434e-02 5.820892215706408024e-02 2.863830045686938108e-02 3.967260072511497038e-02
9.173976149349315490e-01 8.906843520330409714e-01 9.023040530813934978e-01 9.182231911231606425e-01 9.305322330910712481e-01 8.847503455815221018e-01 9.221693265105019854e-01
9.431479873406527492e-01 6.816193112052906233e-01 9.279246614672365112e-01 9.397551109770829747e-01 9.925409932620823383e-01 6.764341269140440316e-01 8.975149954457042334e-01
1.511336005674946970e-01 1.702886071376408239e-02 3.151273106404822721e-02 1.088764647429625865e-01 1.522184645291417837e-01 2.826642497829773282e-02 1.040127582565781861e-01
1.508332042915183635e-01 2.578221228680875332e-01 4.347990785234021605e-01 1.478141896963538482e-01 2.246824512258172035e-01 1.864071948212726593e-01 6.669173609630546506e-02
9.901668996490937680e-01 9.760792123731081293e-01 9.750920637093851706e-01 9.787911703437148780e-01 9.683630454819649458e-01 9.880973542446587210e-01 9.744787266414787208e-01
1.016258783788452913e-01 2.635295990096037100e-02 6.191353788740272535e-02 1.208813372209071035e-01 1.874319480266422033e-01 2.075678927703938914e-02 5.359698307013993634e-02
8.624354901520616679e-01 7.880473685803740524e-01 8.595243656790076958e-01 8.070310212988851539e-01 8.923289324156939983e-01 8.773474409545871655e-01 8.959843524291316585e-01
4.175059419599108090e-01 3.991334359277063371e-01 4.880751034332644345e-01 5.444688971938792532e-01 6.574759166687726974e-01 3.185270896781472461e-01 4.788157980346240961e-01
8.964341946572566000e-01 9.175466776863614449e-01 8.423716121134730006e-01 8.806969315274091326e-01 8.301475830376148224e-01 9.388094729306930564e-01 9.565517609119211784e-01
8.015335614649761187e-01 5.599503588366888662e-01 3.988391475563901056e-01 8.621004709035573477e-01 7.979586189612746239e-01 5.593034983540459137e-01 8.802013198989575571e-01
9.781195195186311864e-01 6.720561479137971972e-01 9.248915565531057315e-01 7.393456274306118292e-01 8.971395823173224926e-01 9.127214436272661491e-01 8.517489821854442589e-01
2.738640069912529063e-02 4.213585259587565579e-02 4.100552526327660985e-02 4.635428408466968353e-02 5.824171076528728008e-02 3.717217531012056986e-02 5.205130203849112069e-02
6.279587518817230096e-01 4.140289013460897172e-01 5.372392829404736281e-01 6.210239617220357777e-01 7.254828908480703831e-01 4.261745666723606440e-01 6.173992576350769701e-01
9.322299287168767101e-01 8.135468708339372856e-01 9.562210660158161346e-01 8.944383936929997114e-01 9.725179609376937151e-01 8.428289990356158112e-01 8.594586043486542870e-01
6.171025275425283674e-01 6.188611649682064231e-01 7.426878660300227919e-01 6.426675437756818043e-01 6.959084763657301664e-01 5.577411834570251692e-01 4.167979709917107312e-01
7.734519924752389919e-01 8.340529222568393575e-01 5.954006909435924921e-01 8.577520629851230760e-01 7.058050658088177443e-01 7.736182579654928837e-01 8.945814860988821060e-01
8.441472789908310848e-01 8.359384256306742200e-01 5.246744662640452361e-01 9.522698263780386974e-01 8.487736156675964594e-01 7.418041986128534049e-01 9.560490454437009511e-01
9.182174658514293819e-01 6.869580683237115348e-01 7.334675255310683095e-01 8.562999068300621852e-01 8.683521412312984467e-01 7.796926742393375243e-01 8.816614967179903228e-01
1.681459986715355681e-02 7.450362948369815275e-03 5.669434748427215620e-02 2.661483266948982962e-03 2.000349713489413261e-02 2.525109679825543463e-02 7.966412112244136701e-03
9.915679146555839152e-02 2.818898665042481877e-01 1.993753833296537659e-01 3.462054623427746058e-01 3.128808790352195501e-01 1.256249323893621761e-01 2.161356610870670547e-01
8.049667697774398611e-01 4.001257936042298402e-01 5.852080166509809889e-01 7.473264742877359090e-01 8.191137586254626513e-01 4.712695413457208549e-01 6.305755547698975727e-01
6.375407715942309483e-01 7.013685458929386218e-01 5.574634981753775476e-01 7.164319767548473772e-01 6.339273222256451845e-01 6.528376907450321731e-01 7.797703797473924947e-01
1.254408831602896734e-01 4.863443112316534478e-02 8.712205383595911234e-02 2.231095090669127368e-02 2.598005789332091808e-02 1.307646429146433475e-01 3.840413252292274038e-02
5.019316910503230922e-01 6.959575433221970586e-01 5.058725268601924618e-01 6.764767145496015655e-01 5.326742182951420546e-01 5.254403789038082362e-01 6.196347251452861693e-01
4.328136032301144187e-01 4.342412713131016400e-01 3.690884775568487042e-01 4.676600753793124232e-01 5.013238745741546154e-01 5.415891240565101628e-01 6.956081955068197376e-01
9.158081338417430883e-01 6.993664667304441140e-01 7.365289379178499019e-01 8.955543467364651677e-01 9.048613025806844234e-01 7.414476206683999759e-01 8.721870134278451037e-01
6.913801386667254301e-01 8.691879614852644487e-01 8.870686271987738847e-01 8.192903967486584449e-01 8.653453367296606302e-01 7.917304858836384795e-01 7.708714361957270667e-01
5.314526363166226508e-01 6.512229960539459572e-01 6.317437013653947053e-01 4.269379911355014046e-01 3.606053714174777269e-01 6.623990930327317006e-01 4.579992135395430375e-01
1.670487988982715666e-01 6.029823217453675888e-01 4.188923576629710599e-01 3.756690252967880839e-01 2.361749212723225355e-01 3.345994587955001820e-01 2.022707741930526160e-01
4.928744865600072078e-01 3.957328768885167714e-01 7.526560131881749882e-01 1.518760109070117492e-01 3.101227967999875546e-01 6.084795957203839034e-01 1.176489353981185482e-01
4.751439092321879665e-02 3.515830045745543808e-02 5.469515294230731239e-03 1.150608126073415782e-01 4.254346201196312904e-02 1.768795900387643005e-02 1.487810441453256138e-01
2.668977371844926116e-01 2.361439787554765468e-01 1.389299776505354966e-01 3.002988523462134518e-01 2.291487553156912327e-01 2.369925542073307856e-01 4.444216919329256332e-01
5.422816330639542715e-01 5.625757236068791300e-01 6.166802901528880554e-01 5.830605159343571486e-01 6.552905060816556215e-01 5.522100225042518851e-01 5.958566219423395705e-01
4.497284635347441606e-01 3.149619698773390430e-01 4.276417773928539723e-01 5.222160647237408249e-01 6.062228281516581774e-01 2.557027736981737354e-01 3.436604169339162462e-01
3.914603550020729905e-01 3.538927504385963596e-01 3.646331048160654786e-01 3.388551315901149330e-01 3.773337127640843391e-01 4.303139247770781939e-01 4.525160548783447867e-01
9.935808289287458850e-01 9.736934877380216680e-01 9.734139872182097086e-01 9.845001026105781872e-01 9.845036147162318230e-01 9.863827463404288842e-01 9.937049699263735825e-01
1.090867880447421445e-02 7.324387282505728791e-04 1.014120580581423514e-03 8.123393391153976850e-03 1.456711185164749622e-02 2.073220593017732760e-03 2.629019091147749565e-02
1.686901781637323294e-02 1.134100130816519392e-01 2.944404523194410483e-02 1.446629578348302414e-01 5.125962849706411362e-02 1.748775160522736405e-02 3.123460090427937486e-02
1.388671098372960544e-01 3.478292293959539538e-01 2.098036878240230885e-01 2.074198387158429635e-01 1.708670409861952066e-01 2.920375960262673320e-01 3.753186156213567659e-01
3.893608619737278231e-01 1.273011944752799884e-01 9.386040600413858570e-02 2.995132622176620019e-01 1.731294067576527596e-01 1.549429069475387055e-01 2.001162515437528433e-01
9.763513873209314076e-01 9.001394106251114913e-01 8.253321407547200561e-01 9.469912677883627339e-01 9.132473254576325417e-01 9.364797209299883241e-01 9.862870382242570066e-01
2.469282799069172363e-01 1.745457111852138921e-02 1.624167873967088949e-01 8.660223401551714328e-02 2.576060162391513586e-01 6.198871865164667927e-02 3.963205069799008440e-02
9.978466453770153954e-01 9.964741426189587248e-01 9.642860415294706167e-01 9.993429315690141035e-01 9.931924934498965740e-01 9.960231322614909732e-01 9.995911662581908885e-01
8.987474277012246215e-01 7.877545454036849470e-01 6.800000390822692475e-01 8.679763716754423930e-01 7.536548411007970572e-01 7.817373212675513550e-01 8.561539824852304470e-01
5.109680169832652163e-01 5.258883241756925342e-01 4.817225018684427318e-01 5.828079821421642270e-01 6.039479491300880909e-01 4.811809819844472536e-01 6.668673289449608133e-01
6.080868728990508343e-01 4.776458037691585501e-01 5.574156463187346366e-01 5.120934126460492397e-01 5.711918424349278212e-01 5.466093312971135321e-01 5.242193413867821672e-01
9.910850409814633277e-01 9.845329381894990517e-01 9.287774026712565245e-01 9.954156920342061010e-01 9.760125845205038786e-01 9.756689545133998553e-01 9.944419779423347983e-01
1.886873418475794595e-01 3.175081889008280478e-01 1.588404294177677145e-01 3.373235294775984716e-01 2.271398282609879971e-01 1.850494094992624627e-01 3.192660194096385018e-01
7.786536904574168361e-01 9.591062402751875382e-01 9.316795856381875351e-01 8.593264216580757120e-01 8.591871485114097595e-01 9.395700766582474328e-01 9.120653503349712699e-01
9.748095846713771273e-01 9.993089210218459861e-01 9.952137422878974959e-01 9.781301261298340766e-01 9.534387269522994757e-01 9.994031700914471905e-01 9.964041584002795160e-01
7.552656935193657883e-01 6.030216104581657133e-01 4.699545093939545004e-01 6.511871607864337941e-01 5.254224131349474192e-01 7.349530146353501214e-01 7.829475635041881487e-01
3.376891678785963746e-01 5.727991327551696932e-01 4.751816439403490633e-01 6.551699795985903574e-01 6.336832344532012939e-01 3.475453407597182687e-01 5.618483288071662862e-01
6.596712647084467251e-01 4.393703693182759440e-01 3.544553134832829633e-01 6.065638979387101282e-01 4.576217224821448326e-01 4.513380762254495804e-01 5.452109107956842893e-01
1.041878901801177593e-01 3.499527598800967199e-01 1.043744304483923413e-01 3.345959852020541359e-01 1.402617234271019697e-01 1.816975760379021532e-01 2.597379913083559533e-01
4.672357500815421671e-02 8.007674598140879230e-02 2.235282600729580627e-01 4.374619908695848158e-02 1.312147434800863266e-01 7.150736633187154689e-02 3.219000221016998786e-02
3.466786707400500989e-01 1.911395681122184387e-01 1.304317038688936892e-01 2.467573244603553095e-01 1.558993484359234571e-01 2.380505258402706992e-01 2.885388223017912868e-01
4.918383941940614457e-01 9.772667354397202022e-01 7.402617605385634070e-01 9.088699099094554867e-01 6.624797610566020012e-01 8.558879735257658439e-01 8.671378386808636929e-01
7.067466334658474292e-01 9.316346068554446358e-01 6.125347655580200001e-01 9.275124673619539184e-01 7.525860527530312538e-01 8.350418775957101358e-01 9.452474881527388462e-01
3.494065031468386873e-01 2.675977117013892403e-01 2.801062491447434688e-01 3.087334812919598770e-01 3.101015991996973753e-01 3.073241970920442268e-01 3.322207109206685161e-01
9.067127121316849170e-01 9.128922306320734759e-01 8.727849657463437882e-01 9.793503658354667518e-01 9.734899653121829033e-01 7.840325911319325769e-01 9.496479120753733572e-01
6.575688479878687431e-01 6.858151281456004167e-01 5.986498054433413429e-01 8.906633997357858989e-01 8.535624528303742409e-01 4.304575560704956283e-01 7.010441371718736381e-01
9.345789567156148614e-01 6.936703431325070834e-01 9.224729803502997871e-01 8.067528436104698386e-01 9.428363530896604061e-01 8.624523612628769431e-01 8.403665626090885965e-01
2.132324300308769405e-01 4.805409818575140379e-02 3.139096359973427286e-01 5.205561966149852005e-02 2.398246219381690025e-01 1.414493885417660857e-01 6.748339146137144473e-02
3.634598772194512772e-01 6.324832328526330816e-01 3.493835416613475520e-01 5.751049312608123021e-01 3.456725655123591423e-01 4.719265979551807155e-01 5.171943903250162400e-01
8.311848929888410176e-01 6.850772938902379705e-01 8.448351824871073168e-01 3.332748429729858186e-01 4.920551478862762451e-01 9.410162445936695041e-01 7.174822333704049537e-01
1.140705003848724308e-02 2.176511709958345309e-02 7.998926610780443536e-03 1.839703323311281391e-02 8.575794519856572151e-03 1.309362647513478972e-02 2.355888130321737162e-02
8.297112227386995720e-01 8.548579289857582975e-01 6.647207897046649716e-01 9.133364573589817237e-01 8.203080669045448303e-01 7.658717803019180481e-01 9.286715042373441253e-01
8.755661376692416287e-01 9.330120238726464788e-01 7.956128689073227456e-01 9.407257892047976577e-01 8.723136067856103182e-01 9.046565468746636807e-01 9.624569785262424571e-01
8.644265053023765244e-01 4.193964435039772010e-01 4.867882112333528077e-01 7.179380311549575788e-01 6.645930702798068523e-01 5.349170049057854204e-01 5.982136427588430339e-01
2.301417428136984245e-01 3.743274599962852500e-01 3.511820524949307298e-01 2.208974713325177475e-01 2.643040569964796305e-01 4.477618706032989726e-01 4.141113943504889372e-01
7.614129295184016710e-01 8.054472915037946823e-01 7.255186748034806454e-01 8.675257533787542608e-01 7.989300892222672701e-01 7.523352475711033716e-01 7.926133550510813253e-01
8.057201482604349208e-01 3.621524908127655706e-01 4.413488070133376739e-01 6.543726593296675942e-01 6.749400189146399498e-01 5.040024722267040236e-01 6.630358291976986562e-01
8.436797503970447920e-01 8.754317222605880744e-01 6.464489499341368184e-01 9.413952717598517150e-01 8.615245195105671883e-01 8.149662889377399244e-01 9.647061314438769575e-01
9.671167955835704433e-01 7.372159368647712707e-01 9.485808937341829727e-01 6.896167392989566158e-01 8.688282947987318039e-01 9.475913246900815601e-01 7.884784018543604667e-01
5.181235330910433090e-01 5.909332254295069919e-01 3.342949577084232682e-01 7.573886839704104812e-01 5.571853911969810724e-01 4.448394598789881527e-01 6.282437927374784348e-01
8.848014452127562768e-01 8.826817069747285860e-01 9.093406871794956770e-01 9.748296381322856252e-01 9.786425919737666845e-01 6.938275209702396973e-01 8.574501033264328997e-01
4.257327665250196236e-01 7.711432355208309719e-01 5.966553261856284429e-01 6.448319657054381038e-01 4.918144186958670616e-01 5.929162190527136334e-01 5.372733577573703956e-01
5.006320027305388720e-03 1.098863104142384639e-01 1.459681081632774324e-02 6.896347793861484776e-02 2.017811965197324753e-02 2.780847217147558448e-02 7.102053227740312558e-02
1.098410267520123496e-01 1.111781868909345050e-02 5.454581386042145486e-02 5.562755836802379950e-03 1.907314034178853035e-02 1.076717976109843877e-01 3.878913617620421972e-02
4.665793948588907170e-01 2.776586155564876313e-01 4.734250943410613366e-01 2.038977738589949906e-01 3.740459207911044359e-01 5.135773143802758733e-01 4.122564250932463925e-01
5.196153265926456433e-02 1.431394511713204309e-01 5.703973011458662867e-02 9.214768033042869400e-02 4.770455136895179749e-02 8.273565886907274791e-02 1.186863169579747690e-01
3.365939172811468483e-01 5.373329705469070960e-01 3.978818333638884375e-01 4.537788613476015920e-01 3.708103331737220287e-01 5.015518864340563487e-01 5.149951989693348775e-01
1.605125085379014993e-01 3.580292172031549480e-01 1.983304981936288014e-01 4.720128255465032563e-01 3.977461687754839659e-01 1.571914868188376002e-01 3.966254294508329004e-01
2.172396362254712110e-01 3.864754054925214621e-01 5.203399397018293460e-01 2.474917931355516409e-01 3.842151889111846685e-01 3.918040447266947224e-01 2.323754125673027637e-01
2.958836857502025186e-01 1.406492083674901195e-01 2.252711539723951661e-01 1.576529130445930016e-01 1.918177409097552299e-01 1.836841860648453228e-01 1.373055715120267695e-01
6.724294301105926408e-01 4.702000358490940890e-01 5.178874604762504497e-01 6.479686287858232863e-01 6.208589093293994665e-01 4.292756940766716545e-01 4.926098067960520965e-01
8.876341020093357903e-01 7.817708598186607905e-01 7.195971798642972761e-01 9.353171510297122460e-01 9.080907588358968496e-01 7.393243578549122397e-01 9.072184833011165406e-01
7.989144784979709257e-01 7.802776333874967829e-01 8.374764665183869194e-01 9.056702595341679096e-01 9.324238516855984926e-01 6.952110155455035745e-01 7.780335680823788902e-01
5.027365235954202038e-01 3.212159590130798104e-01 2.722965180313413058e-01 2.958846494424766660e-01 2.371975991409271955e-01 4.993541437449391940e-01 4.688977540472615835e-01
6.933643014047281561e-01 7.330164142088244628e-01 3.632807580033323158e-01 8.050204774076974434e-01 4.944908998440951109e-01 6.233333884571596872e-01 7.983427755250964708e-01
7.365770624535487032e-01 5.457411071349554943e-01 4.410539019568223140e-01 7.327718358732242532e-01 6.207164411898702383e-01 5.980944804029970641e-01 7.112757776014200228e-01
1.834296164410350038e-01 2.495593237822296695e-01 3.215748904345684389e-01 8.745690989311494246e-02 1.090991143137216568e-01 3.415906487958686455e-01 1.394580027126868793e-01
3.225933904876070457e-01 2.112363687815146385e-01 2.580293746841445524e-01 3.645696442733404874e-01 5.017258850857615471e-01 2.024694828638990418e-01 5.327366006984384228e-01
4.671278751943347407e-02 2.387002549124780382e-01 2.286017546113050525e-01 1.794815681814325159e-01 1.649572232272475958e-01 6.278018113346361950e-02 3.678743819301455442e-02
3.021888671823009798e-01 1.421925798805834251e-01 3.939343121451149288e-01 6.907029556464849840e-02 2.121030879206955433e-01 3.737774892839251795e-01 2.005277967290404195e-01
7.417614129256098199e-01 4.557683282753545173e-01 4.282156204571474500e-01 6.497902328228523094e-01 6.361229298636317253e-01 5.150179248294133316e-01 7.466777486725970636e-01
3.493513340955646251e-01 6.156348337646783131e-01 4.080235690816043648e-01 6.977195417338832861e-01 5.876331713516265154e-01 3.880438135436944380e-01 6.329972156404266581e-01
7.116670798598779824e-01 4.826845928721242851e-01 7.324061528383698505e-01 5.685133954992611649e-01 7.530159072484821081e-01 5.940132190787581479e-01 5.547631025084756029e-01
1.301001508799591866e-01 1.197596382841516482e-01 4.618611495256141897e-02 1.735391391847675435e-01 8.734307624399662018e-02 9.986415493670469656e-02 1.739125822017010270e-01
8.517104371092849568e-01 9.366525911470362509e-01 9.317889706968544017e-01 8.417116804012656495e-01 8.391201519407331944e-01 9.318555436018747251e-01 8.628600433095703348e-01
6.905775082382367147e-01 6.750308563980556009e-01 6.801877774823444911e-01 7.266722418269943029e-01 7.362444119062274694e-01 6.610617857913747564e-01 7.200530268289300206e-01
6.099685767715780083e-01 4.369822256807427419e-01 5.463630966961920965e-01 3.203928449981268134e-01 3.435955331660807133e-01 6.313049872816952623e-01 4.083378563138360673e-01
6.167585323967336164e-01 6.601505938625893410e-01 6.178249533297325291e-01 4.339120270501283239e-01 3.758420837111771107e-01 7.827506323466544291e-01 5.908134805778291199e-01
1.995802539506136286e-01 2.169727128052122977e-01 9.468239903672931446e-02 3.669337910976303574e-01 2.788920318707823753e-01 1.624370833205372455e-01 4.995946931242585820e-01
8.700369107530327994e-01 6.489123981455440227e-01 8.855148467486317898e-01 5.577365397467156649e-01 7.632049946114420891e-01 8.469655444585061366e-01 6.771183638479124633e-01
5.724831427075599555e-01 4.161485393497553753e-01 2.587747655431753557e-01 7.133604857674746835e-01 5.971980406902730465e-01 3.544808727719744867e-01 6.831744159498367441e-01
9.996603330251470076e-01 9.982238173646584833e-01 9.995048198757384705e-01 9.906062715337707880e-01 9.960629066918045282e-01 9.999424870755437844e-01 9.994311020549706548e-01
5.185366149566386085e-01 4.397261687182656975e-01 3.450227047014371440e-01 4.808828353055858429e-01 3.981187765020877123e-01 4.891400385873316825e-01 5.839168600187228941e-01
5.298259797890870759e-01 3.040493452027289711e-01 6.074602407380081948e-01 3.040033700696448404e-01 5.496343164704740047e-01 4.533772195339423883e-01 3.896542089178766100e-01
8.126792598520818922e-01 9.308648863800098594e-01 8.841147259595258934e-01 7.271891266546995913e-01 6.019053957425057888e-01 9.435832298870857615e-01 7.553074526367657970e-01
4.090420312988406470e-01 5.833618003954134101e-01 5.525779155859290581e-01 3.843871983189940389e-01 4.185759006068110466e-01 6.470519154015855756e-01 5.824030538295703607e-01
8.347480766945353237e-01 7.341378945550979251e-01 7.273799369508678891e-01 8.166043119488886060e-01 7.949620131403207779e-01 7.324890916920447914e-01 7.767631689026062158e-01
3.146739312850014292e-01 1.132902769935330567e-01 9.535869807742386461e-02 2.416908109713962194e-01 2.032181867398321629e-01 1.864287328476322281e-01 2.923543717022165644e-01
7.336020248022123713e-01 6.394463703691423140e-01 6.350097177644693502e-01 8.156943203771716000e-01 8.257661883253604174e-01 6.197742833241839389e-01 7.932384149426974229e-01
7.397541795401774145e-02 9.769890077690041030e-02 7.582810269435336092e-02 8.477717151489810865e-02 6.988950166851282120e-02 8.985451545389433470e-02 9.191768765451108214e-02
3.871596435653629764e-01 7.203484325566180679e-01 5.441972032568868078e-01 6.814462213992307227e-01 5.904586161486804485e-01 5.866186355508991035e-01 6.411472860853241196e-01
7.088129367253441782e-01 5.842862412462196398e-01 5.797013053176570674e-01 7.256155101679147013e-01 7.742410004138946533e-01 6.143603056533979423e-01 8.483830915125727401e-01
6.770097311116203276e-01 5.495603607333314766e-01 6.884879531827732269e-01 3.097287035409364009e-01 3.647065120749175549e-01 8.074135130397923632e-01 4.793798977707861564e-01
5.554351514497934961e-01 3.411638626847598443e-01 4.678111460694954760e-01 6.529074605361320227e-01 7.142434455454349518e-01 2.378992442187869427e-01 3.821106467722366062e-01
9.037919366897246842e-01 5.231484585189319914e-01 7.267457112660351548e-01 8.554221352383006849e-01 9.012274125125259161e-01 5.297803548687248787e-01 6.476376378669848055e-01
1.837328462082986613e-01 4.140286028029338539e-01 2.071169931698872424e-01 5.188267337953055280e-01 4.249877424445003271e-01 2.016944748499300832e-01 5.130977418783747579e-01
6.561577294837915852e-01 3.887315155564866620e-01 5.876470064384592407e-01 3.627254778767514676e-01 4.943845325615257025e-01 6.293648509491053256e-01 4.714615205197670855e-01
4.569223186449478114e-02 1.529328468610098857e-01 4.935308031466190126e-02 8.021203029692386410e-02 3.039779141545295715e-02 8.584853826093874485e-02 1.024801009746785230e-01
7.903897882251766926e-01 9.352992367432719778e-01 8.465572764414787121e-01 9.323137080912758945e-01 8.526568741071969271e-01 8.278716853597660741e-01 8.397625779850861338e-01
5.568851218112180756e-01 7.443703833790016322e-01 6.639954764490896277e-01 6.449077855368219314e-01 5.430969342123717070e-01 6.692430523606198722e-01 5.450512006023787714e-01
7.749763987110855901e-01 9.425577032874944416e-01 8.838330404078159619e-01 8.929091424285584555e-01 8.442580841947346926e-01 8.692242995575516495e-01 8.627918683861934834e-01
7.694828656541363721e-01 6.225379265223900394e-01 9.592305387986308496e-01 2.977294270288310951e-01 6.727559692226350307e-01 8.596276498163402113e-01 3.156194292439962190e-01
8.253272764580359411e-01 7.306748370395469427e-01 8.232711409368758115e-01 7.049849056000638825e-01 8.051031001377850771e-01 8.290762992944394894e-01 8.282408916765032769e-01
8.321783137859981583e-01 9.555344613240658314e-01 7.841986557266484859e-01 9.365374101280219410e-01 7.995325631927698851e-01 9.045171691942861525e-01 9.389527098110338477e-01
3.090152197965240211e-01 7.901879508860948365e-02 1.845019044015984711e-01 2.554253457760531365e-01 3.749308241531252861e-01 1.263165657043556211e-01 1.899092684143113274e-01
7.972133108703471915e-01 6.947952285459298993e-01 8.334825171859434612e-01 5.577366528678485702e-01 7.050474558491259813e-01 8.494076282095419650e-01 7.424847666321980899e-01
6.185674114502069942e-01 5.877572738106426886e-01 4.810857234426228479e-01 7.290080966671665941e-01 6.648516959976404905e-01 4.466330292251331491e-01 7.029902319546312839e-01
1.905836441959131711e-01 3.466649789826981021e-01 3.481712540827640590e-01 4.528580434080735628e-01 4.862486275378614664e-01 1.854780127280481472e-01 2.430427803301488110e-01
4.605960652583122594e-01 1.745494362905934960e-01 3.877663815358973198e-01 1.106650062999259276e-01 2.147464856971055269e-01 5.176146003778484550e-01 2.545770312837416505e-01
9.490982887298349269e-02 2.030679042204976970e-01 1.803733240196914167e-01 1.057556439252457792e-01 1.078334737103432417e-01 1.700665438303236021e-01 1.454911892381971494e-01
5.302187402644131797e-02 1.222398206682234756e-02 3.144134907124684908e-02 1.744260828952282072e-02 3.696976881474256516e-02 2.973883043039804441e-02 3.320848696791212085e-02
9.171530927006679157e-01 8.902087905125921630e-01 9.193321143036662368e-01 9.434044446457989785e-01 9.451368181034922600e-01 8.200380568305970508e-01 8.191753969323551932e-01
2.192240166053359141e-01 5.352336376705724152e-02 1.451358775934084577e-01 6.655619694217679294e-02 1.024480424821376801e-01 1.233307684417594974e-01 5.867338258620136138e-02
2.315512287386972123e-01 2.458812331134430096e-01 3.236630818632939555e-01 1.666905664496242112e-01 1.843539713881909847e-01 2.671452263419489270e-01 1.254392692000081966e-01
5.361657966597028757e-01 4.942003476345127044e-01 4.578501487585634466e-01 3.077073333980847591e-01 2.580573942977935076e-01 6.712708630964149270e-01 4.787278845747112155e-01
9.143543255891641852e-01 5.943126112155598939e-01 9.159192547056009825e-01 7.057332693139899416e-01 9.088000645861029625e-01 7.916460724692975237e-01 6.690209714251535988e-01
8.989984377760362744e-01 5.291475396087209626e-01 6.955647894873072667e-01 6.843533363855808238e-01 7.013965295627713203e-01 6.968514260376369451e-01 6.238342434589220220e-01
2.460743405935754136e-01 8.374459386910149128e-02 9.069049994026512351e-02 2.486403854746302433e-01 2.686415798962116241e-01 9.634324091198809281e-02 2.551214125827657719e-01
6.892654529709499878e-01 8.666183985455623295e-01 6.940789377749763123e-01 6.553248580199606543e-01 5.260114052798599005e-01 9.030701069159683403e-01 8.928703456620838974e-01
1.096759142703790380e-01 1.133771499614288358e-01 7.058348107978840158e-02 1.334055010860142887e-01 8.097359258681535721e-02 1.085981945982215646e-01 9.573233202184538992e-02
8.602271860264983916e-01 7.012330396295310964e-01 8.374068474615903312e-01 8.302589131785272913e-01 9.273620613384991884e-01 7.509565535129687497e-01 8.684888323547914624e-01
9.740695339351832516e-01 8.069686319722260137e-01 8.893188254475359322e-01 9.579912136365131836e-01 9.732440370135009289e-01 8.532976427167217048e-01 9.383621075804604583e-01
5.353804794845425929e-01 7.930775592341352542e-01 7.483035268238730220e-01 5.624584373955181515e-01 5.330123994499444962e-01 7.903159542591519093e-01 6.344188912661021806e-01
1.727772637753929863e-01 4.278743951765149323e-01 2.669751087714234972e-01 1.617730585355555695e-01 1.032443861477077007e-01 4.945162804327610240e-01 3.003753048029297879e-01
3.934063067987326745e-01 6.095031778191086769e-01 4.920274237449179799e-01 4.681701094852518952e-01 3.331445222720503807e-01 5.065848697326484906e-01 3.487506052531230694e-01
7.146669947431901759e-01 6.103327059530034848e-01 5.682176084277832384e-01 5.515940292914590648e-01 5.383702735416591167e-01 7.614752540078786325e-01 7.849744824811899502e-01
7.625309872144436785e-01 5.653838224888925179e-01 6.436539265313361291e-01 7.423788932023410725e-01 8.156157250050455332e-01 6.231769014021371067e-01 8.107778741121904886e-01
1.725827879867197767e-02 1.644485554836982999e-03 3.651860943247986491e-03 2.488329174292130963e-02 3.593740751966834068e-02 1.406408092355648787e-03 1.133007953549475255e-02
6.425487891298689025e-01 3.806710967415041225e-01 4.542649798357985547e-01 3.270576861065174756e-01 4.337067811284214258e-01 6.609277260413010113e-01 6.859776474109462452e-01
1.207470291381013139e-01 1.049406814504179608e-01 2.276789953026432389e-01 2.239334145291935751e-01 3.447713067289441824e-01 6.745921984883795908e-02 5.763174205937954264e-02
4.892385187119324685e-02 1.893593753957377723e-01 1.506011311898202698e-01 8.710995935580367888e-02 7.616524188779294491e-02 1.291962005011015324e-01 7.883240946607200650e-02
1.273589156597433325e-01 1.124948346752755457e-01 1.615601385734498074e-01 1.873979557228144799e-01 3.081398310605436563e-01 8.901442892435235121e-02 2.045827102213362836e-01
3.770208876973656364e-01 1.748974315713682781e-01 3.643996733352439232e-01 3.740834581691187544e-01 5.292187682352960110e-01 1.611475576532059306e-01 1.859994455582454354e-01
7.257382910579782687e-01 7.895668984441343019e-01 7.687393619134798017e-01 7.954286840322797314e-01 7.874955458100885153e-01 7.188396818481197492e-01 7.545223517980708117e-01
9.651860740005737682e-01 7.689320803486441314e-01 9.250724801026861677e-01 7.853593049344379518e-01 9.147067596204578876e-01 9.322838732594271871e-01 9.281762110221138951e-01
2.954141039026747517e-01 3.221219117125483367e-01 2.929475412133730194e-01 2.822202998396038387e-01 2.672471930272877216e-01 3.232233896600559264e-01 3.253923164465309381e-01
6.233345740443884120e-01 8.393464591923702756e-01 8.291825806121151388e-01 7.859930187728090267e-01 7.889689861331135035e-01 6.910551913855389472e-01 6.398648748614974568e-01
3.491039099948686220e-01 1.770632397371516009e-01 2.457980353025888687e-01 2.423377055158583704e-01 3.134441373404115438e-01 2.888319031029190631e-01 3.336119718633583364e-01
1.033875721178053042e-01 4.744686640685968904e-02 1.981087417194602462e-01 5.865517193574870669e-02 1.323322933167219162e-01 6.079223522291199444e-02 1.323797364782325348e-02
1.137823134809625159e-01 4.333212988200938476e-01 1.324556757773508453e-01 3.703678405942056329e-01 1.440173627343028784e-01 2.298760171677963760e-01 2.862975631655638176e-01
9.824222215141852343e-01 9.514209106696263074e-01 9.263927686245415627e-01 9.740092654636296476e-01 9.575664058793336153e-01 9.653582084983848288e-01 9.824809183345114549e-01
8.804488758198139031e-01 6.967111034917033985e-01 9.368519830951654859e-01 6.150947648316050786e-01 8.366087605245411396e-01 8.688552572837471288e-01 6.320325779816626799e-01
3.342516625563077270e-01 3.018728251082553049e-01 2.480946388066162522e-01 3.728351559513959357e-01 3.862351828720420599e-01 3.058596957279715589e-01 5.626969015197319512e-01
5.272821881820923817e-01 9.204550458530225132e-01 5.869904298109268614e-01 8.043767698838535374e-01 4.848816881421953440e-01 7.727685483296022895e-01 7.906739979702621657e-01
9.894491246821579544e-01 9.960115153285297174e-01 9.951350653327954987e-01 9.967443511654359156e-01 9.959651271346956491e-01 9.889116284204524376e-01 9.886944454508566071e-01
7.349474074137223312e-01 7.397414463989255839e-01 8.012761122649861845e-01 6.429315982654751904e-01 6.833105699624866247e-01 7.767627071769541702e-01 6.896568872449402310e-01
9.787398226542454172e-01 9.056012151340122607e-01 9.620990897049430668e-01 9.648933263067074328e-01 9.839455406181514263e-01 9.262591224465904771e-01 9.560127541189639144e-01
8.909532097720322952e-01 7.498303542319983972e-01 7.830205085125268027e-01 9.274878473606327223e-01 9.433886334300041199e-01 7.629465019299730422e-01 9.126851255601160506e-01
4.995149133669726238e-01 5.600131061397781718e-01 3.948506585005927549e-01 4.436313732988074188e-01 2.957681510597467422e-01 5.924767672869617474e-01 5.269603244548127785e-01
4.127295719953921749e-01 4.432453055127238417e-01 6.954099262662205572e-01 3.202040216349549828e-01 4.956352936569601297e-01 4.646312601398674969e-01 1.982550901818877498e-01
3.786966585132447438e-01 3.539816146286419718e-01 6.750721980428673330e-01 2.192415357351575889e-01 4.293686207383871078e-01 4.521617437142634865e-01 1.981166533220637405e-01
4.760772667487708776e-01 4.905815185669687439e-01 2.804027271487646855e-01 4.382793228295062127e-01 3.044693667907267809e-01 5.675964422996075953e-01 6.858484906837311046e-01
4.637606579830670928e-01 8.188344320375666729e-01 7.503173539149293747e-01 4.291194208720646719e-01 3.452847863081842661e-01 8.075471506742131211e-01 4.787869794344768448e-01
7.816383392014885079e-01 5.849493327091767059e-01 5.414674262670218230e-01 7.182351111990751269e-01 6.841080526355654001e-01 6.677813084321955195e-01 8.112301170257828486e-01
8.514755565037102070e-01 9.593038899098031980e-01 9.607308530236720046e-01 8.548519274862818040e-01 8.541700167115777731e-01 9.485194145201574223e-01 8.080847541224291941e-01
6.560805210842217683e-01 6.362420333400036210e-01 6.798454079046707399e-01 6.655903294149980720e-01 6.548064167145639658e-01 5.802906337871714948e-01 4.841411267584790901e-01
9.493543138878536292e-01 9.764734608987937214e-01 9.372087839728111547e-01 9.607886697026970513e-01 9.235629853792488575e-01 9.706440134879364967e-01 9.714086849906935495e-01
3.230869578257403729e-01 8.319294228404923164e-01 3.653945717566661200e-01 7.885816705214870881e-01 4.368970945943146944e-01 5.053038048027453932e-01 6.563351503262271347e-01
7.724482570291691941e-01 6.112532340526504182e-01 6.535662773114191415e-01 6.245517994339055967e-01 5.768774254247546196e-01 7.162932724407209406e-01 5.448195344387285477e-01
9.187479797359400235e-01 9.037310254553485578e-01 8.951660138483543694e-01 8.569614343532426792e-01 8.486248680856078863e-01 9.589959564320047480e-01 9.333621149588167132e-01
6.989549750274874906e-01 4.802249679015764827e-01 5.651533813392316530e-01 4.858791614402109271e-01 5.482081663794815540e-01 6.661383307837097645e-01 6.766191266459857800e-01
3.501183021297140652e-01 1.366412364117947642e-01 2.497807649682707853e-01 2.659355567219711114e-01 3.002723881509155035e-01 1.582138755579156064e-01 1.264363400619241684e-01
3.459198988283371801e-01 3.133185573513446176e-01 2.886686468448124154e-01 4.013507357401310260e-01 3.476872995961457491e-01 2.723820379479748865e-01 2.810782604585638778e-01
3.237497727651926782e-01 2.483483176525381197e-01 3.178909899175563769e-01 3.450912556712581458e-01 3.813401639927178621e-01 2.123146443802036987e-01 2.466381544313178131e-01
3.727698000967232250e-01 4.547179208418469232e-01 5.728626555158673472e-01 3.070315949911743836e-01 3.685902385041117668e-01 4.217545154125106888e-01 2.511670209418352950e-01
8.514771284439592858e-01 8.916269602220798784e-01 9.119128456757478185e-01 8.566814772989086446e-01 8.437521676532924175e-01 8.813334587513410590e-01 6.989784702931247651e-01
9.063898650134590840e-01 9.192311630302441028e-01 8.922482122012409533e-01 8.242410777468525129e-01 7.630220253486186266e-01 9.506578868334480958e-01 8.922929313570673315e-01
3.370805173497267160e-01 2.683157763202399515e-01 3.187731357346208494e-01 3.326390592709688176e-01 3.844930208288133144e-01 2.694148788166044195e-01 3.179675593911687193e-01
8.068790487550381307e-04 1.851571288965903062e-03 9.338649544393118340e-04 9.098132743451947668e-04 5.949235055595636368e-04 2.046664891890204174e-03 1.866107261917104854e-03
2.104866460751780854e-01 3.592440878506749646e-01 5.919948772676365545e-01 1.409595616559391473e-01 2.735499660484492779e-01 3.875069949805642899e-01 1.274288180330736542e-01
6.416250828362691783e-01 5.284561344673907035e-01 6.373071469613530438e-01 4.184101132069804052e-01 4.357288994360715151e-01 6.375796953814318879e-01 3.895795301523173326e-01
3.538569318181664092e-01 4.614631530833248618e-01 6.966514456101610131e-01 1.643993303350300694e-01 3.351658082101494074e-01 6.298967157558357233e-01 2.792181293679574794e-01
9.500749870139935105e-02 1.294031156467455590e-01 1.933695051342376736e-02 8.261526723612533374e-02 3.018487431108951569e-02 2.032039254525783156e-01 4.715858702462288887e-01
2.995186973652349538e-01 4.588819932197701901e-01 3.790424207915008004e-01 2.046113627990156503e-01 1.768200884107500315e-01 5.418231102696354773e-01 4.253509385304861667e-01
1.510773527397405447e-01 1.158935909726581670e-01 1.161265532878942297e-01 1.219276621240388825e-01 1.434568676631897688e-01 1.997073403319185592e-01 2.274087459273477219e-01
4.918965642055310172e-01 3.007248347280330192e-01 4.635076772594410865e-01 2.120325508271171944e-01 3.520811435300856829e-01 6.065710173053974197e-01 5.086935558845223637e-01
5.904751007055607515e-01 5.037959121575282806e-01 5.125359742107552519e-01 4.983898183160651030e-01 4.836934623308479786e-01 5.872421547765239724e-01 5.181636600739372156e-01
5.969770396302754856e-01 1.950020542481491481e-01 6.859930399472046192e-01 1.542959131269561190e-01 5.081547349691390991e-01 5.493600348020730717e-01 2.853732659723014486e-01
3.089537874988054766e-01 3.499389261397475859e-01 2.602946844321348263e-01 3.204452944177815787e-01 1.959104086272418499e-01 3.061966764735811752e-01 1.932367911960491402e-01
8.961435481126691638e-01 8.194890134413292948e-01 9.507782367768906617e-01 6.977646988727641553e-01 8.482320099137723446e-01 9.253899352865129213e-01 7.169280512674865991e-01
1.495890797960787166e-01 4.524972183732467457e-01 4.392476686136221331e-01 1.850031154345240236e-01 1.781930339056998491e-01 4.049910434984546059e-01 1.727628354692616885e-01
2.440921552307093734e-01 2.186804606751189262e-01 4.795820009717989274e-01 1.978976982430311615e-01 3.824931497219949961e-01 2.519228173438514684e-01 1.286010569747456089e-01
5.558218070828417900e-01 7.631332725955304319e-01 8.053259194213036043e-01 6.543610228642648963e-01 6.777624313253909349e-01 7.039128860132380927e-01 5.198632802140126241e-01
6.367334612666425420e-01 5.874925187520456671e-01 7.295448767476019336e-01 4.730825599386664915e-01 5.642952888738363981e-01 6.155749682729926286e-01 4.303239058388890204e-01
6.110779671060195817e-01 8.775969940507807321e-01 9.185830118899296348e-01 6.289697735057315775e-01 7.308719975408166647e-01 8.508910539742116086e-01 6.679879207135204222e-01
8.878950289795217721e-01 8.760883250825035606e-01 8.844431011394874309e-01 9.235545437833708737e-01 9.461800702847540379e-01 8.548990086802610300e-01 9.416300291601151784e-01
6.345924716631408113e-01 7.126471591140880468e-01 6.989595854017507381e-01 5.594678319572735647e-01 5.072525446303188801e-01 7.370523257809064033e-01 5.422811271566485569e-01
9.505478009174663789e-01 8.743370244474688580e-01 7.491105293848702162e-01 9.794928591457023881e-01 9.382140322122722864e-01 7.725966500285781358e-01 9.375130344693551887e-01
1.508920869800086106e-01 2.542664372456058253e-01 1.030372661715940330e-01 4.179474802442034731e-01 2.263662924524396658e-01 9.512399629305740012e-02 1.865670663457294487e-01
7.931010043639208362e-01 5.954292362585202891e-01 8.355102818614501548e-01 7.246456100751474949e-01 8.965048510581254959e-01 6.384621155796579295e-01 7.330633958592248645e-01
6.821987343961207761e-01 7.186531171241484772e-01 8.470350369509618282e-01 6.505041913081649474e-01 8.030033889226615429e-01 7.352566647193031768e-01 7.266589465935946457e-01
3.093363632108814265e-01 1.880802293317663798e-01 1.497083186098150942e-01 1.296295911517839627e-01 7.918327557854354382e-02 3.423156111097621634e-01 1.938649006540092423e-01
2.403927886809656966e-01 1.196841518795734305e-01 3.878023737990208275e-01 1.292877593925013668e-01 4.029564941301941872e-01 2.373160071734243814e-01 2.420344326409508140e-01
2.976460305755610491e-01 3.753718017545289998e-01 4.376282702548853765e-01 3.869540932951378576e-01 4.838665889110416174e-01 3.174058947262409225e-01 3.772347274549370244e-01
8.445156762225578539e-01 8.566257262875800471e-01 8.677757301172938087e-01 7.612014200164228805e-01 7.362790624611079693e-01 8.882803176954261470e-01 7.441383868673580038e-01
4.526139331985002956e-01 4.966623275953225836e-01 5.193398511100780768e-01 4.219660179832103175e-01 5.123197808861732483e-01 5.337153132887653140e-01 5.968766438678483333e-01
7.467587312343574313e-01 9.540974662844996512e-01 8.653283702830564250e-01 7.601589114193041397e-01 6.052432197611778975e-01 9.481825068704226034e-01 8.539009433083071254e-01
7.541597910754606060e-01 7.689979434275471259e-01 5.801698400679241585e-01 8.181192184054750793e-01 7.806912839878350496e-01 8.152743976864516018e-01 9.517507923060803954e-01
5.131308879117880695e-01 9.402869701262723812e-01 7.687490879168326074e-01 7.445606811867502284e-01 4.973580208607017994e-01 8.454649678963613857e-01 6.974852161948437157e-01
6.631294524811882640e-01 5.921209001302180086e-01 7.826607802185658880e-01 6.544081240989159109e-01 8.091059322468936443e-01 5.589421304258355150e-01 5.730041362891723500e-01
7.923209245276441326e-01 9.484039809133963939e-01 9.431979736902542655e-01 8.271706734752315437e-01 8.554560570046305656e-01 9.416216003771669119e-01 8.946475120265819925e-01
9.649558810839287126e-02 3.721016891198319909e-01 2.403684100166634252e-01 1.457191805965113440e-01 6.818180088885128498e-02 2.511058134846895773e-01 7.977495448718302518e-02
6.965685571067425919e-02 9.960243428485265893e-02 2.240781977386818724e-02 1.383408253140209210e-01 3.425618237815797329e-02 4.900793559483662687e-02 7.232548555748063990e-02
3.727303692249779310e-01 2.479489811011107436e-01 1.570639405794397869e-01 1.856206120603139942e-01 1.195236316416412592e-01 4.051529870446801129e-01 4.271799636736747230e-01
1.179418353252988938e-01 1.228022698800579349e-01 7.759344885619745558e-02 1.999925998382731662e-01 1.492908303625881672e-01 8.021324845324473429e-02 1.611712177295877013e-01
4.233644334218411576e-02 8.789051245458512351e-02 2.846917544587646010e-02 1.132724421568204187e-01 4.629582515917718410e-02 3.174655495009642836e-02 7.738977331652285852e-02
5.914495754380062476e-01 7.231832732713721068e-01 8.045029647986832178e-01 6.499959595032581694e-01 7.599208320025354624e-01 6.698167401031502877e-01 6.450692581018556693e-01
6.572788210952840160e-02 2.140835463343175316e-01 1.747206546308057717e-01 1.018210612189995867e-01 8.670402923598885536e-02 1.638496778025350653e-01 8.510785007657928336e-02
2.572923575728647272e-02 8.069893720142312654e-02 4.333749269099035351e-02 8.100072813943010042e-02 6.109834671951830387e-02 3.750445540440106029e-02 6.773024740058303239e-02
9.010874786328848529e-02 2.214993355331136282e-01 2.121273087971042304e-01 1.406622292376408234e-02 9.402121417224407196e-03 4.218888412029497270e-01 5.242361032568093604e-02
8.282115472360312980e-02 1.885685839251615703e-01 1.343086908313538275e-01 2.796963413172581792e-01 2.282457842957228422e-01 6.244745677509516701e-02 1.115498387580838302e-01
8.392737424829770365e-01 8.466787514733358222e-01 8.993963725172434698e-01 6.682387373685052534e-01 6.672501128632575274e-01 9.156498134265270705e-01 6.235626573801446026e-01
4.859430096761847007e-01 4.008831159486805351e-01 2.961798492481975131e-01 6.726484959946379405e-01 5.859363677445799112e-01 2.999528661444343935e-01 5.678505116804477559e-01
9.627798464625136887e-02 1.249125015977260444e-01 1.129543571174789207e-01 2.036948515942265114e-01 2.052478734403848648e-01 7.066534876981861446e-02 1.248801649829930915e-01
3.859580770410360184e-01 1.079938049698440650e-01 2.527995125358191153e-01 2.496945753422464831e-01 4.469074890948832035e-01 2.194633557037676819e-01 3.573127940000776492e-01
4.774326907911097262e-02 5.081220415481182417e-01 4.413554615062416642e-01 1.558177604542773098e-01 1.279225659091025591e-01 2.978139701352661151e-01 7.978880345399219642e-02
2.156323361063774424e-01 1.853133819425434314e-01 1.640523945313587251e-01 4.889865011309296738e-01 4.447649174835532904e-01 9.480528333030341370e-02 2.110528543583085059e-01
2.052253239510415384e-03 2.341541319752393768e-02 3.043486759930991159e-03 4.271801499124316948e-03 4.203207790851593018e-04 1.416361874095645179e-02 3.221206541431265169e-03
8.721070961496045770e-01 7.669959388203790862e-01 7.428320995120358816e-01 7.284078212995741541e-01 6.306806702632457018e-01 8.215377129335674766e-01 7.432509472061485933e-01
1.704526287324353295e-01 1.539333984370466757e-02 3.807545014358776347e-02 1.554137811828013582e-01 1.755894043017178774e-01 1.083345428368753804e-02 3.727374875939631904e-02
6.224478270650108946e-01 6.764519342438460869e-01 7.152904985100736468e-01 6.995616548449536953e-01 7.580093855503946543e-01 6.496389670567903618e-01 7.073552795270230398e-01
2.667551096448161907e-01 7.205275634417126485e-01 4.349590702849294166e-01 6.732436014806280067e-01 4.448042481672018766e-01 3.834733145702770019e-01 4.298191046001673676e-01
6.396878976449351661e-01 8.510777090728590677e-01 7.048716256597986618e-01 7.985571569059559671e-01 6.950835504103451967e-01 7.588025451825013423e-01 8.027253765316785250e-01
3.308504427444814433e-01 3.008000268064423555e-01 6.011167138695119316e-01 2.169733174507840201e-01 4.305096731986850500e-01 3.870213379028968892e-01 1.911029173795398828e-01
2.655191748665122198e-01 3.243118541654835818e-01 3.898645786903215393e-01 3.652000054251801631e-01 3.889268538914620876e-01 2.360036140784363412e-01 1.796822687100714799e-01
9.130872705914059306e-01 9.870338099357998107e-01 9.212566192766743489e-01 9.425641756932268134e-01 8.444076667074114084e-01 9.832603063859636228e-01 9.790268311962697645e-01
1.238755451754325887e-01 1.220795114187300801e-02 5.229380017795937086e-03 2.263083181499533914e-01 1.681290762498974800e-01 8.279792799115226476e-03 2.087310827415860270e-01
2.123095034642258905e-01 1.420523822466523423e-01 3.372397091411828418e-01 1.720737808686894632e-01 3.642586104106158018e-01 2.182095849311968538e-01 1.837629819067826964e-01
5.068295463773501153e-01 7.245366101115143787e-01 6.141839937964584939e-01 6.630631471627759232e-01 5.440712724812328815e-01 6.035435945815919023e-01 5.001339832197377877e-01
7.690307718448545771e-01 4.241312207143662083e-01 5.172542158466030271e-01 4.534943898756171321e-01 4.604428221937268972e-01 6.662889324798757507e-01 5.755235019629288962e-01
8.802074370094749023e-01 8.006661876962181124e-01 9.435212845518303748e-01 8.442841334656765451e-01 9.500100272707641125e-01 8.356609484663469756e-01 8.051347890833281395e-01
1.064898462457457007e-01 1.346761105744057607e-01 7.173920974552777663e-02 8.813316013247735059e-02 4.627255490049719810e-02 1.352583948956858628e-01 1.262445363387562081e-01
1.095811293842432477e-01 1.598137804515533111e-01 1.360670534210636218e-01 1.206690187953172178e-01 1.174300687853246927e-01 1.726629319224859960e-01 1.622157991021804802e-01
9.412483935094402288e-01 8.069346231354010968e-01 9.247796652561879327e-01 7.514801660149192930e-01 8.611551576759666204e-01 9.343154172381784583e-01 8.447669038300793520e-01
6.350547036530558298e-01 8.534496229388004451e-01 9.368563503936024883e-01 3.226814821518140253e-01 4.543157201260328293e-01 9.372564375510137324e-01 5.234551159030624845e-01
7.630473672363562443e-01 8.482491185435112602e-01 9.212355845514934582e-01 5.928292621636326309e-01 6.520118722692131996e-01 8.775058696002464576e-01 5.364366389320794903e-01
7.591989748599808907e-01 7.069720334562956676e-01 7.979260976512345671e-01 7.968835039033241863e-01 7.862752266228199005e-01 5.776397984849438449e-01 4.539965650156906896e-01
3.108066881465182396e-02 3.550435244525975143e-01 1.408107003762051890e-01 6.873537151454178762e-02 2.096527046523988247e-02 2.291030848363788675e-01 7.990110730747912449e-02
7.038298842562420443e-01 3.565367978960571893e-01 2.432544512562048733e-01 4.126231093664996519e-01 2.315192492678761482e-01 5.415640750968171435e-01 5.182214912564164777e-01
2.811647555729696046e-02 5.271039039698599549e-02 4.774813757603157960e-02 4.322124309791880448e-02 7.076015998609364033e-02 4.635005389038249213e-02 1.178626266545148571e-01
1.697503332053107439e-01 4.396892163015100885e-01 1.350649768677008034e-01 5.273465662311344060e-01 2.783976180944591761e-01 1.837765627254172029e-01 4.552134995957239916e-01
1.007091623467785135e-01 3.981818173793967852e-01 1.069976177817672514e-01 2.436846603643690878e-01 7.975398236885666847e-02 2.347928449440452314e-01 2.912811335937044444e-01
8.449238804784457990e-01 9.201421919582302156e-01 8.711835298319114962e-01 8.246818341347785797e-01 7.510850701946765184e-01 9.402859321373924217e-01 8.656876441812622058e-01
4.579437237755789036e-01 8.031285803598515738e-01 5.866732356010986305e-01 7.586850099604223185e-01 6.165586716961115599e-01 5.861204446884809016e-01 6.778010430130502195e-01
8.520846392333542019e-01 7.319898347307107755e-01 7.069860013929447629e-01 7.665911111761918306e-01 7.085014227777719498e-01 8.246641212783500929e-01 7.970284402211100794e-01
8.143046458588626413e-01 7.446320831152920539e-01 6.772352447688515520e-01 8.795412840576626312e-01 8.798122329171746969e-01 7.037233093774594161e-01 9.193915507568719558e-01
6.431343028368362580e-01 7.132310592703243746e-01 7.542852032262272743e-01 7.622483118201441865e-01 8.100894701201468706e-01 5.965430945215031144e-01 6.622998334282997890e-01
3.499205934184821398e-01 3.274013109980320468e-01 2.663944154269095033e-01 3.541444777056208526e-01 2.626428632065653801e-01 3.189753105603038708e-01 2.965862564282516489e-01
7.096438313041797397e-01 9.005623856185869247e-01 8.149526514666771693e-01 8.114133821865165963e-01 6.595581611618399620e-01 8.163655821254922618e-01 6.316054270419706462e-01
8.323139686499223533e-01 7.135259723364617557e-01 6.585467819931247746e-01 8.449524158402154095e-01 7.991060358472168446e-01 7.074365622591324287e-01 8.382826767374866872e-01
7.487456752813455019e-01 7.612302610080776688e-01 8.090119924306892196e-01 7.404770538981353400e-01 7.682455165777355433e-01 7.595797554611594116e-01 7.119960167900508674e-01
5.751672413825199559e-01 3.488413786220924684e-01 3.288381282522340743e-01 5.422023297587914570e-01 4.669938776642084122e-01 3.947290991135729010e-01 4.465109898476692374e-01
6.268308141676387502e-01 8.493821417637429372e-01 8.630786721428737041e-01 6.406745037872387805e-01 6.482883777935057878e-01 8.574299013829340677e-01 6.222653876576476062e-01
1.211379050043760452e-01 9.302558503989216687e-02 8.902740227376088056e-02 1.976329334638978197e-01 1.860598437488079071e-01 5.056640176718069091e-02 1.242335957636988564e-01
2.140120369270141487e-01 2.669913378776181956e-01 4.737461994013199562e-01 2.112093343121206890e-01 3.534182577859610319e-01 2.340689641633719176e-01 1.190137230243735189e-01
3.469220580846189561e-01 5.501993268766169898e-01 3.927342061024404751e-01 5.024031664952822718e-01 3.833924387581646442e-01 4.307576927531360234e-01 4.445517101633943424e-01
4.178392021651023969e-01 5.592467114630511604e-01 2.563267539094907788e-01 6.147497454194525979e-01 3.498261629138141870e-01 3.734693050858434171e-01 5.794847599391506066e-01
1.375079537266266083e-01 2.535849140612883579e-01 1.852067830730547704e-01 8.191074841493511949e-02 5.434273229911923409e-02 3.151723627398210770e-01 1.457620384531730928e-01
2.157776525480936125e-01 1.707398458760379101e-01 2.211316265908717660e-01 1.765847897610169914e-01 2.142545317765325308e-01 2.173592914570794399e-01 1.751176599244644860e-01
3.699868196002646936e-01 5.699432531647683486e-01 2.915839295782136631e-01 6.109555999695168715e-01 4.125972944311797619e-01 4.209834002921009066e-01 6.370147371550082260e-01
8.652680978943558809e-01 8.271915090585069130e-01 8.831415627913408173e-01 9.216730774824332117e-01 9.443537883926182985e-01 7.598020709174637677e-01 8.308284124560501027e-01
2.169002738664368435e-01 1.595753198256329997e-01 2.131518162665969607e-01 9.495032502630351701e-02 1.110499221831560135e-01 2.737604799127170696e-01 1.423895056769955980e-01
3.747608166318028289e-03 4.410471318381387063e-02 2.152507162739936142e-02 6.900347816580443272e-03 3.393723629415035248e-03 3.220459545091625131e-02 7.223724870764947070e-03
3.058256102753362793e-01 1.176583721353432477e-01 2.051276071284643954e-01 7.904612257350740467e-02 1.237765674013644457e-01 2.775610206105271760e-01 2.040528725237775176e-01
7.209626988071231590e-01 4.971546240017633012e-01 4.562731905506370311e-01 5.371139802837198163e-01 4.833880884107202291e-01 6.446975483619620251e-01 6.979770577499511131e-01
4.619729361099344511e-01 1.882126031106495234e-01 3.145536021099677448e-01 1.936882777298883918e-01 2.680198105517774820e-01 3.586607417531396669e-01 3.175533468914440993e-01
2.323979336676725294e-01 1.263637073601368566e-01 3.465668392302858614e-01 9.998545871111641503e-02 2.760388941969722509e-01 2.135822039263873817e-01 1.736276008725707309e-01
9.915967247928110240e-01 9.997937315597651420e-01 9.991132115206059483e-01 9.989613506475937266e-01 9.972835388034582138e-01 9.983485159255102159e-01 9.968150893535265844e-01
6.563504270349098668e-01 3.314906302202144661e-01 4.488166346541725971e-01 3.664332781085580804e-01 4.053007257170975208e-01 5.912282617005220064e-01 4.460354432032431760e-01
4.091828304676223271e-01 2.185405450033665598e-01 3.362518945974113382e-01 3.039941696471245569e-01 4.305408576037734747e-01 2.689566747949458936e-01 3.839404456496721130e-01
1.923749185326803501e-01 3.423741552268129151e-01 1.400461174829917277e-01 5.529892874040344131e-01 3.271857097279280424e-01 1.197132558746381026e-01 2.771425778395257278e-01
4.907670608694909564e-01 7.209773427828409798e-01 7.285579063104252739e-01 4.372893872350616107e-01 4.624772651586681604e-01 7.305900622439185366e-01 5.614751059229451391e-01
8.314101914846889763e-01 5.889637365201650931e-01 8.665169347504735331e-01 6.707501600326204461e-01 8.536910179536789656e-01 7.005106630845542304e-01 5.747614043146044294e-01
2.241729012644338992e-01 7.152603189338876399e-01 5.050809671892715347e-01 5.940716761735129747e-01 4.380714204162359238e-01 4.308168745038526981e-01 3.843622266838034318e-01
2.983007683612309835e-02 4.275859187169284148e-02 6.985025200043570859e-02 4.764453475550750605e-02 8.745576790533959866e-02 3.534483925766790380e-02 4.179875941050492649e-02
3.202503664280264006e-01 5.220807864724972269e-01 5.624886044621052461e-01 4.742599081134972749e-01 5.441983705386519432e-01 4.150746584241174486e-01 3.630567159216427919e-01
