3.696774500619189885e-01 1.864074596187825228e-01 2.313842919233869144e-01 2.258640408981591463e-01 2.865178222647750128e-01 1.871980379705459885e-01
7.673861250173192872e-01 4.988130888197908064e-01 5.588665570542337147e-01 7.185617275536060333e-01 7.486663859910560603e-01 4.565223452452694675e-01
3.408721913593980024e-01 3.858418044652703327e-01 2.682304231565447727e-01 4.516208961140364408e-01 3.356951460390507069e-01 2.815664783021654127e-01
2.483829248885703611e-02 2.317482026898706748e-02 2.503747106527628649e-02 2.531525678932666779e-02 2.471805210053078586e-02 2.404554851100618174e-02
6.386148050488791306e-01 7.005866097184518804e-01 4.363121941991230934e-01 9.350024401210248470e-01 6.661683623846961222e-01 4.489673769075550047e-01
4.992805744467214701e-01 4.398395886175481273e-01 7.435780771790219124e-01 5.010760114528238773e-01 5.080756387237597149e-01 5.830810275693916189e-01
2.969200577519250372e-01 2.978556254407052628e-01 5.049338028731408246e-01 2.818825126159936190e-01 2.956077011711915614e-01 5.091345030938260185e-01
4.091813208031357396e-01 2.902776633499583592e-01 3.155744461640921372e-01 4.875746546313166618e-01 3.889473857831410863e-01 2.646133942812867179e-01
7.997100698040852107e-01 5.039142574474551051e-01 7.606466700651132173e-01 5.615492763463407755e-01 8.904762209217590430e-01 5.490336174686099024e-01
8.082333243709937110e-01 7.878522378538436177e-01 6.810916896799389386e-01 9.340370639692991972e-01 7.975045738342785295e-01 6.785328739998941483e-01
9.707404015811585407e-02 2.919720290636444449e-01 1.071803960284885976e-01 1.065725639928132296e-01 1.002622949621923970e-01 1.362468902960745354e-01
7.283658473202728190e-02 7.419335513835642604e-02 1.216945450107280308e-01 6.770443893037736416e-02 7.134723279440757793e-02 1.162680865986559647e-01
1.843165009920892938e-01 1.135268402348335454e-01 1.317011668627203202e-01 1.817134101875126362e-01 1.931744649905312305e-01 1.041106820039224973e-01
3.655135325210127073e-01 8.872109888403014732e-01 3.640280909560741351e-01 6.500655047129839659e-01 3.738329694018849292e-01 8.237614282851380976e-01
9.935721892127379329e-01 8.010612176693323594e-01 9.564740849690699376e-01 7.946594422683119774e-01 9.474269496406704238e-01 8.508882403223090307e-01
8.154342153944935112e-02 7.153805062727205955e-02 5.193703640536584398e-02 5.597474565729498863e-02 5.959995743475476893e-02 5.646725373511856522e-02
1.702001386256931093e-01 3.503510818150751827e-01 1.340960380763102366e-01 2.316329756285995245e-01 2.062578591626330060e-01 1.465758237635724215e-01
9.737428053717418486e-01 8.267287090352235523e-01 8.460184271279076462e-01 8.948927847668528557e-01 9.042942010121567398e-01 7.934815097964659225e-01
4.451506761649448030e-01 3.612510839104839389e-01 2.183084689290003544e-01 3.502915394492447376e-01 3.915419106884978628e-01 2.160353090906906304e-01
5.875472336976350629e-01 6.301610976993233804e-01 5.601035745039465441e-01 7.050306028686463833e-01 5.709237589591923401e-01 6.002850892661732995e-01
9.858399795915323560e-01 6.956309834028526762e-01 8.444829412432561799e-01 8.283205840270966291e-01 9.916148796106117880e-01 6.268410149858194558e-01
6.427078689973294567e-01 9.057534902058043125e-01 6.911895275031554320e-01 7.662029555067420006e-01 6.357867114140943743e-01 9.389226318509423796e-01
5.900961371173332193e-01 5.570484340247159327e-01 4.489335481238667103e-01 5.596800926141440868e-01 6.115747932893147443e-01 4.282594606157891781e-01
5.865737504419503701e-01 5.629085024383515545e-01 2.758234798454895498e-01 4.919004815164953470e-01 4.446105742269902961e-01 2.859354505383419065e-01
7.276431510836535166e-01 5.479292762773898540e-01 8.034107960486021049e-01 7.013959730975329876e-01 7.730408960958157216e-01 5.796536269744347880e-01
2.473499074747960713e-01 2.939819940671230536e-01 2.439542505847354659e-01 2.835252655204385519e-01 2.415242760557780588e-01 2.751410931770224000e-01
4.364684751436325727e-01 9.652173763609305235e-01 3.715277513610081295e-01 4.258300177752971649e-01 4.886308426096974133e-01 4.069425815695120741e-01
7.859739486731263103e-01 4.150285792455447043e-01 6.384240837462369367e-01 5.192529638297855854e-01 6.577507388685882583e-01 4.460797961697283709e-01
7.349232506072320703e-01 8.151316075168485442e-01 5.744458872427626872e-01 7.614817442372441292e-01 7.804858424118532589e-01 5.677614647663183911e-01
6.691698758739973441e-01 9.045936578859133936e-01 5.282587872359753023e-01 9.848920246586203575e-01 7.267252471900509381e-01 5.890094747639226247e-01
8.722909523300200751e-01 6.989350615944197598e-01 7.740767198026585749e-01 8.456030753441154957e-01 8.603844114338979887e-01 6.784721082490474675e-01
5.461742444525736762e-01 6.993071515385886894e-01 3.838893753960619937e-01 6.181755433790385723e-01 5.269732655953643929e-01 4.074916971457118176e-01
1.299994428897901788e-01 1.827166904464808395e-01 1.580796448923448838e-01 1.493879214394837618e-01 1.307120135968782015e-01 2.161357093081000547e-01
5.679460687637772898e-01 6.525500599533285984e-01 5.913786973375191325e-01 6.386524660047143698e-01 5.861520127587079854e-01 6.382139050761593824e-01
9.626630830362652158e-02 1.164876055768401114e-01 1.314215927221298041e-01 1.155271441675722599e-01 9.709265614067658090e-02 2.182387286282509442e-01
8.788929908255614931e-01 4.129958992582180022e-01 4.661125300115752101e-01 4.790797890163958073e-01 7.834282736351118048e-01 3.753072501159123719e-01
7.876517086635667075e-01 9.685069055422392825e-01 7.560470953433680030e-01 9.672728870064020157e-01 7.949185412952458618e-01 8.924421827091144621e-01
3.235965064477746567e-01 4.731999147463948896e-01 4.543422337305296765e-01 3.220573584549129009e-01 3.455091496677709650e-01 5.429031730527800192e-01
8.145833332990234377e-01 8.242574358554209946e-01 6.530182747327646364e-01 7.700461975764483213e-01 8.254825927108251360e-01 6.429769700473692007e-01
4.955615770099889295e-01 4.295245886156698334e-01 6.689706001877826491e-01 5.192084878217428923e-01 4.961947836724067695e-01 5.327061732472434530e-01
6.785724411999873862e-01 6.721075142106621714e-01 6.164499228122016783e-01 6.531120990402996540e-01 6.505565558744282884e-01 6.257436074082762811e-01
8.287664615695140569e-01 5.826516016877675286e-01 8.714936025809643105e-01 5.817864870186895132e-01 8.059452951155126055e-01 6.856481758016947925e-01
8.381611609551248288e-01 8.038941800647643188e-01 9.777216018724660396e-01 7.096980148926377296e-01 8.089234172563158909e-01 9.690001827826837388e-01
9.528721126220685012e-01 9.908202789690361278e-01 8.515045779743897203e-01 9.986352683044970036e-01 9.641692933360270779e-01 8.780340746068850954e-01
6.984697907681705065e-01 5.189163943645931365e-01 6.881564527148470445e-01 5.693574836477637291e-01 6.679689884970491098e-01 5.804707097106732716e-01
8.678414662756116504e-01 9.127371722991644010e-01 9.155421544583691729e-01 7.985250854399055243e-01 8.455231643526627261e-01 9.677436798629591719e-01
2.616055684793900937e-01 2.725098438785359400e-01 4.082081553430580434e-01 2.522600970696657896e-01 2.621303001016705991e-01 4.264731649252490042e-01
8.856105211397434784e-01 9.177985344301379245e-01 8.614046675736033443e-01 7.912480004597455263e-01 9.551554623383752274e-01 8.769337609832437153e-01
1.900567872342890097e-01 2.250906519609069678e-01 1.470951303622742290e-01 2.267057874705642462e-01 1.910536099559754231e-01 1.529792527041988204e-01
6.945668242582527796e-01 9.133183104626956261e-01 8.376818879790872696e-01 6.712558707222342491e-01 7.258155817533353815e-01 9.991495119883745391e-01
5.278714870923952862e-01 4.868888144445920885e-01 5.108936396645789024e-01 4.591743727214634418e-01 4.791220341719690246e-01 5.058187032361289859e-01
7.344708875921680535e-01 6.813387827469754576e-01 9.335836186744822518e-01 6.724735468160361052e-01 7.522271685111558970e-01 8.477350600646245127e-01
7.608906602785280027e-02 4.120079208993306791e-02 2.834193370954914484e-02 4.810274671763181686e-02 8.002497053500612356e-02 2.546914869665053635e-02
4.151456707696477011e-01 4.535837836431124703e-01 5.622449437290888419e-01 3.899050701875239611e-01 4.137564341507767307e-01 6.277816287090924874e-01
7.670823879994871364e-01 6.640230247793905693e-01 7.931907751452910160e-01 8.036657783668488264e-01 8.179657213119981840e-01 6.884354297955147528e-01
5.905542826288374680e-01 5.071572131756243440e-01 4.503842007401127612e-01 5.883179958909749985e-01 5.813486934479519253e-01 4.292217009710894704e-01
8.877109533304110567e-01 9.274771512321090539e-01 8.392640740345065353e-01 9.850051691755652428e-01 8.777404271983080264e-01 8.809568173501675092e-01
3.582823936366608675e-01 2.527437469508763690e-01 2.500195764381710206e-01 2.555962307378649712e-01 3.120241127843608187e-01 2.308398550640735625e-01
6.043900246888125327e-01 4.635732274088466554e-01 5.470132999633606774e-01 5.194882040377706289e-01 5.804693450541689170e-01 4.828478265036392769e-01
3.110228356677201544e-01 1.738460141596355757e-01 2.777526024339574962e-01 1.505985672120004892e-01 2.392604548633264772e-01 2.146608481297961335e-01
4.077029362213135388e-01 2.979314324259748625e-01 4.366042369299934500e-01 3.739844067022204399e-01 4.273916231426909129e-01 3.253500790331754766e-01
4.882408615288515163e-02 6.339134409146847393e-02 3.842884574444171975e-02 2.701288948301225901e-01 4.700542420948401745e-02 4.365561038456918647e-02
6.794771830861192630e-01 6.811713366366254352e-01 8.592183078665277529e-01 6.392752637621015310e-01 6.555128381510771929e-01 8.829423529842290730e-01
5.763598209524557481e-01 6.399131313839754309e-01 7.951667511888947937e-01 5.637014731764793396e-01 5.923813102869065483e-01 8.778001144714633330e-01
8.376158689849104722e-01 8.134487812757662528e-01 6.502393902527795477e-01 9.075581950601190329e-01 8.348233842149943573e-01 6.459397447823095328e-01
5.174513343342418414e-01 5.812026310110159910e-01 7.740804579225798454e-01 5.040030435193330050e-01 5.326700665677164270e-01 9.138181497942838849e-01
6.676512112385042663e-02 6.768149339578224954e-02 9.540906980350498390e-02 6.792728649452328682e-02 6.670389539775503640e-02 9.794827763142435750e-02
1.966023389370617214e-01 1.863303078037822913e-01 2.185822738325406689e-01 2.029241987038403749e-01 1.981309200430230733e-01 2.067037319479488044e-01
4.544735894892247829e-01 4.649359201749849180e-01 3.504164153617794764e-01 9.526905470993369818e-01 4.578500982682613407e-01 3.513102338063625041e-01
6.828539589032357471e-01 6.800497227841906245e-01 8.437916124920576966e-01 6.186906497459858656e-01 7.214308383760822396e-01 7.935581144636952855e-01
6.348972296288182271e-01 5.540556461238298480e-01 4.943582098162214722e-01 6.094896197319030762e-01 6.605131506382223572e-01 4.727001258758340985e-01
2.914164465499888626e-02 3.211176800383473001e-02 4.345046343474835010e-02 2.564480993896722794e-02 4.575447012227495946e-02 3.671447431149126028e-02
6.507940810256322983e-01 7.632121028950210606e-01 5.074416191549063759e-01 8.492616456933319569e-01 6.245242680212272912e-01 5.502719143374087407e-01
4.083151649723767984e-01 5.872817102957185176e-01 3.452161573276792406e-01 5.550114400684833527e-01 3.943742447552182617e-01 4.031380413291342224e-01
7.733250533925661863e-01 9.075717071888275145e-01 8.171693389859805423e-01 8.129471957217901945e-01 7.882344421367539766e-01 8.927382621716358768e-01
7.081186996832201652e-01 5.841815482578170959e-01 9.571607520482465770e-01 7.238098864909261465e-01 7.153567903575130948e-01 7.010757290663734986e-01
5.562917076021660634e-01 6.238924960981999668e-01 3.222244246096593323e-01 9.030182636342942715e-01 5.474533920267987686e-01 3.332305763712892221e-01
8.448241057901522133e-01 8.680852407187967801e-01 8.434047724605022722e-01 8.421374482568353415e-01 8.116584030556519558e-01 8.853451627174305782e-01
5.857513974918436839e-01 5.443524415772482694e-01 6.513299666408394195e-01 5.405264634173363447e-01 5.884697442330182326e-01 6.083135070197576155e-01
3.014374020826975364e-01 2.725000462573076709e-01 5.271252353942322832e-01 2.917903293855488300e-01 3.207868160214006892e-01 3.829183845375663808e-01
9.743175588402345211e-01 9.140085309675618497e-01 9.494665761152888406e-01 9.744635666720569134e-01 9.724468825179831688e-01 8.951243161888619015e-01
9.645284314631471512e-01 9.694387998662501449e-01 9.868109658413908303e-01 9.866760110016912222e-01 9.656775914783514159e-01 9.883153524828937053e-01
7.738927945160806177e-01 9.771952577163245390e-01 6.271072296927688861e-01 8.224672893993556499e-01 6.699985417557120515e-01 7.885971332944488044e-01
7.193766500316340906e-01 9.873102175405974457e-01 7.386103028460775377e-01 8.370438634883612394e-01 7.471644457589939892e-01 8.632402691589726729e-01
7.099065077215551689e-01 8.109433530640828280e-01 6.315769470873073832e-01 8.222303506918251514e-01 6.876242402786740815e-01 6.927687921798071358e-01
3.627816850168546353e-02 3.578474747397279027e-02 7.481641025054040772e-02 3.396655456162989140e-02 3.598117098221668975e-02 6.726702117800476000e-02
4.629598127114146755e-01 1.574104474291659339e-01 1.778739907496194317e-01 2.185437628068029881e-01 4.227229735301015756e-01 1.370653750390170289e-01
7.029641962432677804e-01 6.196773063258718128e-01 7.416575411266678186e-01 6.038095671683549881e-01 7.450702601006162773e-01 6.439366660177263668e-01
3.968042211013849685e-01 5.273992740409557678e-01 5.153939414710292377e-01 4.388946453109383583e-01 3.935431179184986639e-01 8.930265801965473482e-01
3.438860889531766135e-02 4.370157693929929005e-02 2.738864609449612533e-02 9.620776795782148838e-02 3.410057344086579734e-02 3.012445377223466753e-02
8.956157250797719405e-01 3.827790181969196182e-01 4.189074659336538553e-01 5.923853241838514805e-01 9.750803121759746839e-01 3.100253937922575198e-01
5.735735450154718640e-01 6.102975505488164032e-01 6.813342139795989238e-01 6.252834617625921965e-01 5.743247263446887851e-01 7.300858829765545233e-01
4.029834560435405222e-01 1.760841972376407383e-01 2.591014974963282147e-01 4.317334906663745642e-01 4.508962635537041574e-01 1.629590350285062827e-01
8.012670409510770364e-01 8.566012181724987906e-01 8.472094083080990989e-01 7.494791164062917233e-01 7.848234669891552828e-01 8.815916261818078636e-01
3.884635203067663967e-01 3.329843071137188470e-01 3.197251711335071800e-01 3.445962816476821899e-01 3.910491631992180639e-01 2.984208839690988269e-01
2.973096612128060534e-01 4.357567344590632663e-01 3.963583706514626215e-01 3.204400739632546902e-01 2.949156721806095449e-01 8.283790837950150143e-01
6.437931194913212307e-01 3.993379707296039194e-01 3.299751313139693276e-01 3.567777073476463556e-01 5.929518801494324531e-01 3.209836829797333979e-01
7.156011126251486942e-01 9.185931596295104917e-01 7.116373376499915970e-01 7.858983955811709166e-01 7.118222364335325958e-01 7.934244546778126406e-01
5.611095529467616944e-02 5.446295263369330120e-02 4.935469144157741267e-02 5.732703069224953651e-02 6.605746991028878246e-02 4.720782979880124020e-02
9.356154890002804647e-01 7.647202839832221155e-01 9.493277418150589675e-01 6.434101092163473368e-01 8.378942678092051732e-01 9.189596085200583131e-01
9.272481587313462503e-01 8.743535703182496732e-01 9.754152178515909100e-01 8.955174754373729229e-01 9.366664423293664665e-01 9.297667099617608066e-01
8.263487326312934922e-02 8.706610451530673311e-02 6.560835825171613955e-02 9.408539300784468651e-02 8.305291576058154712e-02 6.623221341837039200e-02
8.525803789544775801e-01 6.848726877076606323e-01 9.786286512502960777e-01 7.354636236559599638e-01 8.757369501833546233e-01 7.899429684640372207e-01
9.741714275063383388e-01 8.938278790392245599e-01 9.155801871093793842e-01 9.108550681266933680e-01 9.566100315022567635e-01 8.667586115134853220e-01
4.568871561009357762e-01 3.742713923293908840e-01 7.903306062375882179e-01 3.361003946047276258e-01 4.106917285054622058e-01 6.115149579731700147e-01
2.873879200265745948e-01 2.916053688134900290e-01 2.430481529077180292e-01 3.318980182521045208e-01 2.844309190445520330e-01 2.465909403335180550e-01
6.766541868355694378e-01 6.338539950673434120e-01 6.363736818500882464e-01 5.659376543480902910e-01 6.154387832758975163e-01 6.491828551357008426e-01
3.438265284425893187e-01 3.247679299800365071e-01 2.429325134327943170e-01 3.169626051094383001e-01 3.558926948604603790e-01 2.381927179198416455e-01
8.501166316355122099e-01 8.159042243615005630e-01 9.610692852749147530e-01 8.023570589721202850e-01 9.208019404411371678e-01 9.272526695782851158e-01
8.124327614245261397e-01 7.019801466768901266e-01 6.832707005132656608e-01 8.389502209611237049e-01 8.022068814247617086e-01 6.308768623358120831e-01
1.147873397864587336e-01 9.371023864490703181e-02 1.604065154363714940e-01 1.000753398984670639e-01 1.230396895361032250e-01 1.189278029680110177e-01
1.503501145146342866e-01 7.934996283455834909e-02 1.087777326909044051e-01 1.634304290637373924e-01 2.038160528684295758e-01 7.305724622175806260e-02
1.737357870366799673e-01 8.590538139886276514e-02 9.587652078406601330e-02 2.546107273083180189e-01 1.780999954880975455e-01 7.395358187081242651e-02
6.232088867079658145e-01 8.634467888428914994e-01 6.213835521414746710e-01 6.566979601047933102e-01 6.152138671886577814e-01 7.736614074254232198e-01
4.114195986186723608e-03 3.762564203921753975e-03 4.235592437922313692e-03 4.137378884479403496e-03 3.994507286453534943e-03 4.061155946579205964e-03
7.473255104655551762e-01 4.270321493442140737e-01 8.836740717701029313e-01 4.764898368157446384e-01 6.956038062646661135e-01 5.234848671952458954e-01
7.587425368662825687e-01 8.391663910687352512e-01 8.912778793380994324e-01 7.843992258422076702e-01 7.615282016302988843e-01 9.728300356190624498e-01
7.850717174667515286e-01 7.363274176912557589e-01 9.268131953947637003e-01 7.449142951518297195e-01 8.040318444251084440e-01 8.673847509993685145e-01
3.263476082486778673e-01 2.652726939991619237e-01 2.124803407996602722e-01 4.126402239780873060e-01 3.222722551642501765e-01 2.005063844455909072e-01
5.306436792274953074e-02 2.836786722450096096e-02 3.000526302141080445e-02 3.883526823483407497e-02 4.900130334019426465e-02 2.509233009487045474e-02
4.939450194719896547e-02 6.033565713295156729e-02 4.962975298310520755e-02 4.827661905437707901e-02 4.738158823959169597e-02 5.333409195349158444e-02
2.504911786054528910e-01 4.119171669466082375e-01 2.062596746271765091e-01 4.010751752648502588e-01 2.542265486410563158e-01 2.342566882843683806e-01
6.452072536886532816e-01 7.727871055626176489e-01 4.196383735253549907e-01 8.021605953108519316e-01 6.631508268911707749e-01 4.380578566320452172e-01
6.303174733086683856e-01 5.209364402566526442e-01 5.928417553903895243e-01 5.677793209906667471e-01 6.065907432614195960e-01 5.371841222130704363e-01
2.951935599463754167e-01 6.850451074505664595e-01 3.858120849416779574e-01 3.231811544392257929e-01 3.056312430127424151e-01 8.274053301229188362e-01
2.099586061583300911e-01 3.486495074445400411e-01 1.848273491151513903e-01 2.193831140175461769e-01 2.828309886164823705e-01 2.066295308664073682e-01
5.178152054825322370e-01 6.024426544198091538e-01 3.293259214578597160e-01 5.746054644696414471e-01 4.797862738816554007e-01 3.467257024202226590e-01
9.446712454115192559e-01 9.883711781624989756e-01 8.175144631377452287e-01 9.673275295644998550e-01 8.721233716197999142e-01 9.237378971791245785e-01
4.893420846429029081e-01 4.460240490350096398e-01 7.234701427323035894e-01 3.672823591623455286e-01 4.800440594623289758e-01 6.215618439952255159e-01
2.657396177345240362e-01 2.439531526510693438e-01 6.566895441341538131e-01 2.535854368470609188e-01 2.661587057350321972e-01 4.203305975348431978e-01
9.611786833771739369e-01 5.516535417223207283e-01 5.482435716014236737e-01 5.515831417869776487e-01 6.721984759916181940e-01 5.175272427095489736e-01
9.707743524223036991e-01 8.418415952117396239e-01 9.383900260926109071e-01 8.345559269655495882e-01 9.447859928095935222e-01 8.761531893129715920e-01
3.418718132161708279e-01 3.544659052638106655e-01 5.261442184546065715e-01 3.374161578249186277e-01 3.513295860416340566e-01 4.935923910983057161e-01
7.470179439353163975e-02 4.101287617312258937e-02 6.401676782055872039e-02 4.789941059425473213e-02 5.940535914295130837e-02 4.619317387209346398e-02
8.812550804859594633e-01 7.884481090421954219e-01 8.956836775741540135e-01 8.284682577941566706e-01 8.842650474509624603e-01 8.332298222573623070e-01
5.385057417568226423e-01 7.335544038472043837e-01 6.561496855085268143e-01 5.614827396348118782e-01 5.422787237235749958e-01 8.387913672253970443e-01
6.157067777661097141e-01 5.816930392928164606e-01 8.248594369878599064e-01 5.702813521493226290e-01 6.077132728438096043e-01 7.861010883727823639e-01
7.593977615084168686e-01 6.130706867659950765e-01 6.661623464786620152e-01 6.904123197309672832e-01 7.421602542855896267e-01 5.965770684839347693e-01
2.602148934583042306e-01 1.468671026580161132e-01 2.348218876478695150e-01 1.520540160126984119e-01 2.300460620300984749e-01 1.800907209790081065e-01
3.491450337832742168e-01 3.759300098054700334e-01 2.306818267344307172e-01 2.774672787636518478e-01 5.280106825171971829e-01 2.211144032503681578e-01
6.751553278874840025e-01 7.973696261304843436e-01 7.580419627746074474e-01 8.179075301159173250e-01 6.704146749781306758e-01 9.293845927570395515e-01
3.296532453655385830e-01 2.881778044324337928e-01 2.097233912597957217e-01 2.711072741076350212e-01 3.528532315013995224e-01 1.981162303814922865e-01
9.617191411015016955e-01 9.629330726673686058e-01 9.668770499159643483e-01 9.980098211672157049e-01 9.681806648226521927e-01 9.633822009167252176e-01
1.233747702447798300e-01 1.580559509138634300e-01 1.496149733681509664e-01 1.424927571788430214e-01 1.226065933707489869e-01 2.068212567858091766e-01
2.313881944418276493e-01 6.289459540977767604e-01 1.615068176850546489e-01 6.061543573159724474e-01 2.364917922899325009e-01 1.902819463414192613e-01
5.238367909511412179e-01 3.664593028201235669e-01 8.667532326076612392e-01 3.726507201790809631e-01 4.689409753256146285e-01 5.189219898624979344e-01
8.336087185131619837e-01 8.717132124394946224e-01 9.453692724186930629e-01 8.783071087673306465e-01 8.405018002302814262e-01 9.863176060067668782e-01
8.727147754048901751e-01 7.424446797464895331e-01 8.426054561983948865e-01 7.889402059372514486e-01 8.592344804819972426e-01 7.622873630409064960e-01
5.061059806892923563e-01 2.920798947250942135e-01 3.705530424809055368e-01 5.308262729085981846e-01 4.809869478217488892e-01 2.759038935637695977e-01
2.510671559110853046e-01 2.824296325336903557e-01 3.962274557138479869e-01 2.585894889198243618e-01 2.528683339777309524e-01 4.987986502487256057e-01
1.279565184553880797e-01 1.235587727359893362e-01 9.976321768495449716e-02 1.466706907376646996e-01 1.240457519672685111e-01 9.976423651218234434e-02
1.707042658766164123e-01 2.573287337274802189e-01 2.437984861950465709e-01 1.769782199990004301e-01 1.838648016973104260e-01 3.624839324617776803e-01
1.471488195351497996e-01 7.273717563168118072e-02 1.270014472597040811e-01 8.557087322697043419e-02 8.942347926841451300e-02 9.142455009110829478e-02
4.318222688652081365e-01 2.781193311139548152e-01 6.391128887213857190e-01 3.397204580251127481e-01 4.195237266520540631e-01 3.370387277406865500e-01
2.049502723218793732e-01 1.809615651388799817e-01 9.940899622807447544e-02 1.650033039040863514e-01 3.590529602881092353e-01 9.808542646507666107e-02
1.790225297091694867e-01 2.369765752094359079e-01 2.056657845456983658e-01 2.513338085263967514e-01 1.774378654433292068e-01 3.314180869441043509e-01
3.244306384789975017e-01 1.323071949988160467e-01 1.395924377363815250e-01 3.042601989582180977e-01 2.799157064333139822e-01 1.113290346221020299e-01
7.169411143227233385e-01 6.443363228627402295e-01 9.130789762332878201e-01 6.919601343106478453e-01 7.060226510161797808e-01 8.075540846944312401e-01
5.066866900459775502e-01 6.299742440534151777e-01 5.788045559755737868e-01 5.715233911760151386e-01 5.043648673972395136e-01 6.964358870007059110e-01
7.630444355108512156e-01 4.632020872906535414e-01 8.278329805319877277e-01 5.136902660597115755e-01 6.126225695572862229e-01 5.813588687847197622e-01
6.135745629211195595e-01 7.648449928716152257e-01 4.509586505138827306e-01 9.523280274588614702e-01 6.780025780356162546e-01 4.794197610368784446e-01
5.964690290825392927e-01 4.907184466881949203e-01 7.000314955458563082e-01 4.522823707666248083e-01 5.451991353942361451e-01 6.517105905224377382e-01
5.408897905740476381e-02 1.985436413062979799e-01 4.248625914769516010e-02 5.465254117734730244e-02 5.591973629067584911e-02 4.662680881517300424e-02
6.033841523311315180e-01 6.699108765993880832e-01 4.535702554437954226e-01 8.919516394380480051e-01 5.982786492216097818e-01 4.729393478999377454e-01
3.211659687421339338e-01 3.326600496420594189e-01 6.333139811797208196e-01 3.099910034798085690e-01 3.321277958069904224e-01 6.539555511977184210e-01
6.300642656209625159e-01 4.074742949216152987e-01 4.899995936380937001e-01 4.327538791112601757e-01 4.901760148678103168e-01 4.350580834658105411e-01
9.218141994992863353e-01 9.911910156573850994e-01 9.013309380297787055e-01 9.535137366037815809e-01 9.235801735249713484e-01 9.936402507888256741e-01
6.030069910259108212e-01 6.472053722453362523e-01 5.889175537366106994e-01 5.898414053954184055e-01 5.757588523465193564e-01 6.175477225990919639e-01
3.016556966385010030e-01 4.472504873576605977e-01 2.389876615714234820e-01 3.597999776247888803e-01 3.307239961919740123e-01 2.641286582218096424e-01
8.122410133702127055e-01 7.766562040664956035e-01 9.700651559834555515e-01 7.715976680628955364e-01 8.042836462696980604e-01 9.337278865353279000e-01
1.811780454288836606e-01 1.351852780730933290e-01 2.210470864581865480e-01 1.352225209120661020e-01 1.555427116412945177e-01 1.834295332288493341e-01
6.974234604992697317e-01 5.505555658556811061e-01 5.352333010656430412e-01 7.813201877288520336e-01 6.911358642738049118e-01 4.807318049417880212e-01
2.528904105878493902e-01 2.288386400541925769e-01 6.572328912452642946e-01 2.198639882262796164e-01 2.787980754779105785e-01 4.245038718429508529e-01
6.228123396834084335e-01 5.765060822123205808e-01 5.723894628899218739e-01 5.834699638653546572e-01 6.393094505268921424e-01 5.453292368873076112e-01
1.808051590603587666e-01 2.036119013642643250e-01 3.149050241452019394e-01 1.881465057376772165e-01 1.804714302470565301e-01 9.875951362958145241e-01
8.542358004205059807e-02 9.290488788804485143e-02 1.011865367470705657e-01 8.320943522267043591e-02 8.660796358759280389e-02 1.025484739124144784e-01
5.512196268139349931e-01 7.064081849415374537e-01 4.617637733081768059e-01 8.157285423949360847e-01 5.345035595370523085e-01 5.215575661997760015e-01
9.549680173424409668e-01 9.323906153508753070e-01 8.829481254562834280e-01 9.461488153319805861e-01 9.759921260639887741e-01 8.523537135234993123e-01
8.349669036697199287e-01 6.750946002924979039e-01 7.988580989125652065e-01 8.662227112799882889e-01 8.348544521941191343e-01 6.710391560751873818e-01
5.193245128487541384e-01 5.381085451377145557e-01 7.541065439679113247e-01 4.969124242197722197e-01 4.980719172413199947e-01 8.707508583994755247e-01
1.635643281920638459e-01 2.040341103315555793e-01 1.033093844073550982e-01 2.014161185361444950e-01 1.432575990468389071e-01 1.113013074542807263e-01
1.900873664076740688e-01 2.975836619233998004e-01 2.963020961025070177e-01 1.785977720282971859e-01 1.995010011794488280e-01 6.334661402992399770e-01
8.452760886832535459e-01 8.398775927290096366e-01 9.173832702151849539e-01 8.956265102606266737e-01 8.231763247526100447e-01 9.376607319761247616e-01
1.374531867959631892e-01 1.313895051323478447e-01 1.188361742070391802e-01 1.599802712444216013e-01 1.386368221301045311e-01 1.159719228258443563e-01
1.890000343660299675e-01 1.958212018364113294e-01 4.553497130322450293e-01 1.678835828788578510e-01 1.950117258298512124e-01 7.417517304327820860e-01
4.029895289531808533e-01 4.340782902355381778e-01 4.473224576482719983e-01 4.589514231774955988e-01 4.149608058368929875e-01 4.713159912820143460e-01
4.547459368784085854e-01 4.034925253162791603e-01 3.441573327658000170e-01 4.092908212915062904e-01 4.430639912167636529e-01 3.306845741438774189e-01
6.874914756104081315e-01 8.850816293380079358e-01 6.689252032970693929e-01 7.718170420266687870e-01 7.122045852722533876e-01 7.412470663336144794e-01
5.639847086671737619e-01 6.446356769692944688e-01 7.212374592828366682e-01 5.730288687627762556e-01 5.700519445396075024e-01 7.554367211428103523e-01
1.409982130337765205e-01 8.497624030821525343e-02 7.091609566002500531e-02 9.546648734249174595e-02 1.332542083056033333e-01 6.423671346373578672e-02
4.988364252155885054e-02 6.075401917368605104e-02 6.737125041086934607e-02 5.370547738857567310e-02 4.901197350802845992e-02 9.896290580613713306e-02
4.083111440958979155e-01 5.562467050590564899e-01 4.110359804459390309e-01 4.366767841856926680e-01 3.967641003402291311e-01 4.716892576335752763e-01
1.249509005109635668e-01 1.489407671682708434e-01 1.303225195800704894e-01 1.380105819553136826e-01 1.243625530874277879e-01 1.436234980341017375e-01
4.870015562858611147e-01 4.221727539602350698e-01 7.224776105185053421e-01 5.127078348305076361e-01 4.901693674896061004e-01 5.383331120232939249e-01
9.425431369587058406e-01 9.507152229396051979e-01 9.166877098428284354e-01 9.684031361248344183e-01 9.178705746859513459e-01 9.489871938537856044e-01
6.977586178299728381e-01 6.130830408118496111e-01 8.256286743628903357e-01 5.938755718525499105e-01 6.904758212913990612e-01 7.562934705192077001e-01
5.823784874738939799e-01 5.649956198283964115e-01 7.375634291028272393e-01 5.643228066619485617e-01 5.713310325727715133e-01 7.290495796666888184e-01
9.175185051857134289e-01 7.943640447901115786e-01 9.697417450562538788e-01 9.753306424245238304e-01 9.368632671889330910e-01 8.113416915118937256e-01
2.768949589616346296e-01 3.720104509626551148e-01 3.155876135183328657e-01 3.136138145346194506e-01 2.853255101286499285e-01 3.789970034822175426e-01
1.033374144352210318e-02 9.930493701627131700e-03 2.484447191934795185e-02 1.003780006431043148e-02 9.956512662629478025e-03 2.432486328969469744e-02
3.733549613477953055e-02 3.774829437155551720e-02 6.625848530758576826e-02 3.596235043369233608e-02 3.732091947018516265e-02 6.834541241781252885e-02
8.419033029129341372e-01 6.343885226148909817e-01 7.970368202421319603e-01 8.954262388870120049e-01 8.433622377709731888e-01 6.187598670089168307e-01
8.133503238533067448e-01 5.391068604412676546e-01 8.008765345960187076e-01 6.956973189953714609e-01 7.923287861177531477e-01 5.751731102679052965e-01
2.824919934312913536e-02 4.250776533380782457e-02 2.358235885215823058e-02 3.579360945150256157e-02 2.761641196243259586e-02 2.663666593352466763e-02
8.017039765177149668e-01 7.392772437706924826e-01 6.846744545173578667e-01 8.550867221783846617e-01 8.039618964466330731e-01 6.585278718377224338e-01
8.080263038155490740e-01 6.274900271457096723e-01 7.725644375870470704e-01 6.595830733422189951e-01 7.231426906923461573e-01 6.911102868803827848e-01
9.900177246052217495e-01 8.293616333606624869e-01 8.610441771149779377e-01 9.947339841164648533e-01 9.675125224804580482e-01 7.592713102452823826e-01
5.105979278869884341e-01 5.608020566797559114e-01 5.867715115503353562e-01 5.127105114515870810e-01 4.934837154681014915e-01 6.377754232814446533e-01
5.663365241960373053e-01 6.850257088557296647e-01 5.999752118233225850e-01 5.960026693064719439e-01 5.628096767241230758e-01 6.577604941932986282e-01
3.482833707535361034e-01 3.211812392494253765e-01 3.633815084682741614e-01 3.150666926521807909e-01 3.698828430473482531e-01 3.389088741602626631e-01
9.377284177857628800e-01 9.591440270657028977e-01 9.629664991460221701e-01 9.543114129919558764e-01 9.363901586547986877e-01 9.922891648053288050e-01
7.459024689969598887e-01 6.555594058732719942e-01 7.819011240316889877e-01 7.898496605921536684e-01 7.543235318650930443e-01 6.798560897739960307e-01
5.452949105620469306e-01 4.382532358027578789e-01 5.773817244939125626e-01 5.009919106960296631e-01 5.420234680823681206e-01 4.894463675048266738e-01
6.329243782457725231e-01 6.577543418452143076e-01 7.373772175231591008e-01 6.082283486612141132e-01 5.926942406525484985e-01 8.181190969122167367e-01
1.717368513105252126e-01 1.635353684914218342e-01 1.984675909150022122e-01 1.707309063058346510e-01 1.819174063449073842e-01 1.853297280345926334e-01
2.697504075036054050e-01 2.900322444599688354e-01 2.136980145827921118e-01 6.281042834743857384e-01 2.728080670094485960e-01 2.197138383619609836e-01
3.804287815201596867e-01 4.112621732699133226e-01 2.920803954494904375e-01 3.365710000507533550e-01 3.487165270644660975e-01 3.009998250359309235e-01
4.782084510395149812e-01 9.892554281130634397e-01 6.337151096305759790e-01 4.640390989370644093e-01 5.065510744276180422e-01 7.959559604373891428e-01
1.449689284408721968e-01 1.995367813013922687e-01 1.723071232926802754e-01 1.642981839831918478e-01 1.506130230144090698e-01 2.221591889705522294e-01
8.399021855518649105e-01 6.722376826964252539e-01 5.135905104266459409e-01 7.942676469683647156e-01 8.845812754475365081e-01 4.853485565223542575e-01
5.974899628637175830e-01 5.232184421082164416e-01 4.424035615454068315e-01 7.307606772519648075e-01 6.250526065137492759e-01 4.115935351579535495e-01
8.674979586536037957e-01 6.915780172602686848e-01 7.755922227652795042e-01 8.137746311258524656e-01 8.339975960490640938e-01 6.846743214896465757e-01
2.652867748705373119e-02 9.551992168361935973e-03 1.820451450763666337e-02 1.065322128124535084e-02 2.219494433891093868e-02 1.099821935178035663e-02
7.352226198890006170e-01 5.886314490686964662e-01 6.259650060789492265e-01 7.956461654976010323e-01 7.581656613106638742e-01 5.436731092753946948e-01
1.856242595652219107e-01 1.171290175306512471e-01 1.465255551154424352e-01 1.395241355057805777e-01 1.734045225661951239e-01 1.196535284698411195e-01
6.371734276389012797e-01 8.997292666923500937e-01 7.495753720061497649e-01 6.435093327891081572e-01 6.219529955036054991e-01 9.518403397162343849e-01
9.631338100960958881e-01 7.242474311329687442e-01 5.425196291634531987e-01 9.188575970474630594e-01 8.570431708606783827e-01 5.128699528817221021e-01
4.115510797185516489e-01 3.949316181168593953e-01 6.070946245503640037e-01 3.424897082149982452e-01 3.814083328875627621e-01 6.121025138749378591e-01
9.912726763127657215e-01 7.973613162573326418e-01 9.776574589703137530e-01 9.666016758419573307e-01 9.710581666138307089e-01 7.994468853268449360e-01
3.053755332838291314e-02 3.374627443476133082e-02 2.248786281764367928e-02 3.322051116265356541e-02 3.292204243234187616e-02 2.263481097869181335e-02
9.556100568970495868e-01 7.197739957234448038e-01 6.748776428569199792e-01 7.659554849378764629e-01 9.175267691957855742e-01 6.173433048668313106e-01
9.732150612636284448e-01 9.799359487509443634e-01 9.908014474235702362e-01 9.860429791733622551e-01 9.739050537266042973e-01 9.998441139581765169e-01
3.255288492263860300e-01 2.973852323629875838e-01 4.562759361257527901e-01 2.817496596835553646e-01 3.187605402615823480e-01 4.188477947924540978e-01
3.239742771616316852e-01 2.999867865225593899e-01 5.334857923404626723e-01 2.485286889132112265e-01 2.772789404729974483e-01 7.864259099599831826e-01
4.232413846150388514e-01 3.998337420834583433e-01 7.687993787486783193e-01 3.711761888116598129e-01 4.416557941767372264e-01 6.493258510223390845e-01
9.286661271150488117e-01 8.627866706866218482e-01 9.670213757996324322e-01 9.510641463566571474e-01 9.331314379992560193e-01 8.944457400386472967e-01
4.684068672277071910e-01 4.214290634775614830e-01 5.363631129261332564e-01 4.384055112022906542e-01 4.469750728348545477e-01 5.076786782294954170e-01
5.585836193379858233e-02 4.386084507093793855e-02 5.221648135278827291e-02 4.449118440970778465e-02 5.769614022332659325e-02 4.733276547524963712e-02
3.100539372790480155e-02 3.058471956024336191e-02 5.049483519736262110e-02 2.823404408991336823e-02 3.192949077159781129e-02 4.664956614071927993e-02
3.535990977390150447e-01 1.125504677362775263e-01 1.287688011258704968e-01 2.225820664316415787e-01 3.314137019576923748e-01 9.574963679681466888e-02
2.784421515300350980e-01 2.193349199331629806e-01 7.818989319415498018e-01 1.824997519142925739e-01 2.289413864672386889e-01 5.552604786271966297e-01
8.904783745157113239e-01 6.485159422682428287e-01 6.593553679225933051e-01 8.355144292581826448e-01 8.718779402190336425e-01 5.744778645535820738e-01
9.513980303731155441e-01 9.275766031960595015e-01 9.906538461930274320e-01 8.332303243223577738e-01 9.525433533776388462e-01 9.607435313606897953e-01
7.838340591037838978e-01 9.616970667932031036e-01 4.487095653791296490e-01 7.805050888564437628e-01 7.831299073472013372e-01 4.826495181437948645e-01
5.784265874404511676e-01 5.955501318124912791e-01 3.978191646390216163e-01 5.567472437396645546e-01 5.889059983055859870e-01 4.016415620113076290e-01
8.720738551168978336e-01 9.423042881532297521e-01 9.772092267293038814e-01 7.472510079387575388e-01 9.097706330105277406e-01 9.100904629110377897e-01
8.480178338235280222e-01 6.555204017273972283e-01 7.036213623948470719e-01 7.207830080296844244e-01 9.280631702717772047e-01 6.027950389557799049e-01
8.001401845721713979e-01 5.332556459978207153e-01 9.640769713862281654e-01 4.770764228887856007e-01 8.550228984048938718e-01 5.283700791819493370e-01
3.475235206053348125e-01 3.307658786882476387e-01 3.813060121213880937e-01 3.581483662128448486e-01 3.401226394786741603e-01 3.774612172364051332e-01
3.058318205622803099e-01 3.354877067728905815e-01 3.937697137207843423e-01 3.411419664043933153e-01 3.087524309317824511e-01 4.429227447215693947e-01
3.759164085245097348e-02 3.297571983572917392e-02 8.472737539125027584e-02 3.676210320554673672e-02 3.841132605887273566e-02 4.611251150341152960e-02
2.715735467523371915e-01 2.912452250586643476e-01 4.747290152552052223e-01 2.651992605533450842e-01 2.662059036914466437e-01 7.637914240062345650e-01
9.196752419498207543e-01 8.360666390958232386e-01 8.088098396397382928e-01 9.700235002674162388e-01 9.115538378120241481e-01 7.633652750771220408e-01
8.684404662704039435e-01 6.382826713843022803e-01 6.999301375220675636e-01 7.880139732733368874e-01 8.661139431118328735e-01 6.009927758095242600e-01
8.238538448851343565e-01 8.649901870410700022e-01 7.300355074741007311e-01 9.991336888633668423e-01 8.347065223382381660e-01 7.392966086325255537e-01
5.179543040324933179e-01 7.572572174566324366e-01 5.708621816582916120e-01 5.128915552049875259e-01 4.813691520033526738e-01 8.609993025502914454e-01
5.959440191456043534e-01 5.944750958790072648e-01 9.646787627419103339e-01 5.685594442766159773e-01 6.017679569679983409e-01 9.475088793484333083e-01
8.468990659079395078e-01 9.567577768781593273e-01 7.398222501886819735e-01 8.469764050096273422e-01 8.702681568998724693e-01 7.587598437307419008e-01
1.434852640776076993e-01 3.438280435044543948e-01 1.085467995046593970e-01 3.834344663191586733e-01 1.439194595258309894e-01 1.280992092069546118e-01
5.693278840732608481e-01 5.520309959864857507e-01 5.589574132232962844e-01 5.617837137542665005e-01 5.967458239458314218e-01 5.210918020786028393e-01
5.055734099927934322e-01 2.843107785146281041e-01 3.466739342337194496e-01 2.959240996278822422e-01 5.083781876596132898e-01 2.825711786257256719e-01
3.385490133548954561e-01 2.686280317493354164e-01 2.184329225178795186e-01 2.613946031779050827e-01 3.946802471606106755e-01 2.067522163875268049e-01
2.383994840432029916e-01 2.037880075754421594e-01 3.290814548839479103e-01 2.321160323917865753e-01 2.421139972270535123e-01 2.565302745480276814e-01
9.737071813332935644e-02 5.777028182989085020e-02 9.724471214599264557e-02 6.337438174523413181e-02 8.672212891265074219e-02 6.725904350704442480e-02
5.469990791680968689e-01 5.793747618703302127e-01 4.414758834323612713e-01 6.739463857375085354e-01 5.497456666082746191e-01 4.487488852037481157e-01
3.104825964785195569e-01 4.897644939466706537e-01 2.895105597962799315e-01 4.681173581629991531e-01 3.045640003941596508e-01 3.651805713481619531e-01
7.416978413237210743e-01 6.969384210934788104e-01 6.647410008632262945e-01 6.774209274444729090e-01 9.017368839574714245e-01 6.346135740024457794e-01
4.588583128161446423e-01 3.194608722418572078e-01 4.482638272266528112e-01 4.606346746440976858e-01 4.648662904947414853e-01 3.320522668630470631e-01
2.617644211973093604e-01 1.493764888815986014e-01 1.459036153230832689e-01 2.082933746278285980e-01 3.184602099759169525e-01 1.212863127351843651e-01
2.971692660866987468e-01 1.633042802443302188e-01 2.458104743200169306e-01 2.029450701083987951e-01 2.917528284430513374e-01 1.719423480433770191e-01
6.705738031899193263e-01 5.840322217717276443e-01 5.168205321253841467e-01 6.402997781988233328e-01 6.582232410788221300e-01 4.947959543234778934e-01
7.951219991779459040e-01 7.610871170001571873e-01 6.318903138871533320e-01 7.641721686813980341e-01 7.492621303555929702e-01 6.257306926995803709e-01
5.786500558684662954e-01 7.468553539338538272e-01 5.868856780035760501e-01 7.680554206017404795e-01 5.675877546381985495e-01 7.453542904321035500e-01
4.362790371800296385e-01 4.323710184364715214e-01 6.194453204498265864e-01 4.419853545259684324e-01 4.512571648558202364e-01 5.901694558857883965e-01
4.920423664156086119e-01 5.048649048287444652e-01 7.251938790340994867e-01 4.105508539360016584e-01 4.349182786602976969e-01 9.966012002435877815e-01
6.586613293294480975e-01 7.494649044836894092e-01 5.273131228045140340e-01 6.835537077859044075e-01 5.985108651568804561e-01 5.757457748134315878e-01
9.777112260201994628e-03 9.271529375924687788e-03 2.032443260119458014e-02 9.136388311162590981e-03 1.053338566422441780e-02 1.626681928085066051e-02
6.247621591534021634e-01 4.251986378265236177e-01 5.777219232098451673e-01 5.255071113351732492e-01 6.655684690043662810e-01 4.363526664791375076e-01
9.022708469556369737e-01 9.485077153710338438e-01 9.474469358258145180e-01 8.697200231254100800e-01 9.067027342171866122e-01 9.632067407932439762e-01
2.980630371546026322e-03 2.749777492691598147e-03 2.089185976116689995e-03 4.026289330795407295e-03 2.904039907647708047e-03 2.053439558980861817e-03
9.819699517275701228e-02 9.515924376538562046e-02 1.481749059337498509e-01 9.949069377034902573e-02 1.015530191978946117e-01 1.370175843205954369e-01
7.845193458867695258e-01 6.318588396271431762e-01 6.299587518286963173e-01 7.363804823253303766e-01 7.116821682294235396e-01 5.883840210506352530e-01
3.135924031160198244e-01 3.279489219495615449e-01 5.267790930432254548e-01 3.304546931758522987e-01 3.192070273385969048e-01 6.137495107592995103e-01
6.831724105498157007e-01 5.041945910291174560e-01 3.627594117173900123e-01 5.892421617172658443e-01 8.615674052554495033e-01 3.321583390370270727e-01
3.912819280917391174e-01 1.822936772474641198e-01 2.309745629185121218e-01 3.035808841232210398e-01 5.637484857622442336e-01 1.686316246057820434e-01
1.261973762173556057e-01 9.842483278692609749e-02 9.297077641484760568e-02 1.121346610598266125e-01 1.453030816333959474e-01 8.333185100336200357e-02
2.065231907331246120e-01 2.255451516520172728e-01 2.899000176114736038e-01 2.042088725138455629e-01 2.124237473437580459e-01 3.019381088036670047e-01
7.266859168082074882e-01 3.874059810528657222e-01 5.293189704085760061e-01 5.086242752149701118e-01 5.838223677752641949e-01 4.016801084341969919e-01
7.857938519335506689e-01 9.306267063681010754e-01 8.186289294717215004e-01 9.170914036221802235e-01 7.841792619854799362e-01 9.687286715613795396e-01
4.387944986347448451e-01 8.583524062033954793e-01 4.832716667161705559e-01 5.334275709465146065e-01 4.497286517897552960e-01 7.878159397071274883e-01
4.971532566142671805e-01 5.183786011442100827e-01 5.137950565874436215e-01 4.580553565174341202e-01 4.387038585885454367e-01 5.849245307581797393e-01
8.345104672088480280e-01 8.621677330630682645e-01 7.266817162915749639e-01 8.915906890761107206e-01 8.383593947633871668e-01 7.453579667472930437e-01
5.112630795478390056e-01 3.859345376394753280e-01 5.016362574294048748e-01 4.545232311356812716e-01 5.195199337003205686e-01 4.117147412217719848e-01
3.580060985127918038e-01 2.370542176280374391e-01 2.828827883853418101e-01 2.361241856124252081e-01 2.384691111760648130e-01 2.889752783274363024e-01
2.967998355524705256e-01 3.868560837897112581e-01 3.233708920461394465e-01 3.261158582754433155e-01 3.002922218855336722e-01 3.966711170982367141e-01
2.653598394066858379e-01 4.283732495997176204e-01 2.376949135176295302e-01 3.769553981255739927e-01 2.672875369741026796e-01 2.765055864359917681e-01
3.815332465934407891e-01 3.854342229840932998e-01 5.337511443518427878e-01 3.608307417016476393e-01 3.637165700407101188e-01 5.875107323193364817e-01
7.492445781649527126e-01 8.012200843117561755e-01 7.694239959305324561e-01 7.956647786777466536e-01 7.392976349603839203e-01 8.046830601566964392e-01
8.097182282626307348e-01 8.306987979712308068e-01 8.873223859483835296e-01 7.557329980190843344e-01 7.966685382342565402e-01 9.104899414905003319e-01
3.636419507838792864e-01 3.592287051372524687e-01 4.944907644991546336e-01 3.315124781802296638e-01 3.696434359961381921e-01 4.847602948676499879e-01
9.039271533770154576e-01 9.673154715002032500e-01 9.179010660301950564e-01 9.807130240369588137e-01 9.052934286782058360e-01 9.831772243263746658e-01
4.024634861501407562e-02 4.016394215308147914e-02 7.795906712903252767e-02 3.995761112309992313e-02 4.017788503626273239e-02 7.495651150522261719e-02
4.505260677968224159e-01 5.706238298931874953e-01 6.114816459688027228e-01 4.668322319630533457e-01 4.472488370465181329e-01 8.805179492554301435e-01
2.992531013607408474e-01 2.937407239269733128e-01 1.975835437569193886e-01 3.888165818061679602e-01 3.003086701605937048e-01 1.963693107770571045e-01
2.251866706316704159e-01 2.845220599560208674e-01 3.406511745833302740e-01 2.393924533389508724e-01 2.271329608396313593e-01 5.346272065755930392e-01
8.791795139929896585e-01 5.852125300688896248e-01 6.498187701802645710e-01 6.532727775629609823e-01 8.658046285237899209e-01 5.526066603162999025e-01
2.913364713733084255e-01 4.427723496120021807e-01 2.167726804515505146e-01 4.050478048156946898e-01 2.926354682550943997e-01 2.357055209302283127e-01
7.874535907320278083e-01 9.828990112154054604e-01 8.068642865219234350e-01 8.601789453532546759e-01 7.808043847981057661e-01 9.413725342091541215e-01
2.291368483231609188e-01 2.213874914033947816e-01 3.937806186174998557e-01 2.097662528976798058e-01 2.114153269199339769e-01 5.019794047469785525e-01
4.928853450951349857e-01 4.446368313628781266e-01 6.401770032703085755e-01 3.801352882292121649e-01 3.983163909049502460e-01 7.808540654792242020e-01
3.374061646547668047e-01 3.876558886453059793e-01 3.724735238216214661e-01 3.860921375453472137e-01 3.758590265907310046e-01 4.150970529824623001e-01
7.626269833695407119e-01 6.647981340756281554e-01 9.334040117500824740e-01 7.054929551668465137e-01 7.491555607545701267e-01 8.149236181573825677e-01
7.757763516830018524e-01 8.240622582302927768e-01 6.945613798052273635e-01 8.339448953047394753e-01 8.025475912508098775e-01 7.204400881286234792e-01
3.600476197865630779e-01 2.790792234925209558e-01 7.859395081335155409e-01 3.172067524865269661e-01 3.475265000079919564e-01 3.860782106022994098e-01
3.618755106278394584e-01 4.155327973589841295e-01 4.973224224196962640e-01 3.758523117285221815e-01 3.705621079424681330e-01 6.313527304734846135e-01
9.113665386553737591e-01 8.716130336389548150e-01 8.012144406551842124e-01 9.370953016914427280e-01 9.205351067712717050e-01 7.604923079728294066e-01
9.787955762805442550e-01 9.154733299090611620e-01 9.951292675445810865e-01 8.922941882628947496e-01 9.976504057682048510e-01 8.819044185608524433e-01
7.100661949290782982e-01 6.889616989608020603e-01 9.836850276074448063e-01 7.101928230840712786e-01 7.011911886076133138e-01 9.450476066349065007e-01
5.972794507749057402e-01 3.896511075021472648e-01 6.920306885165558031e-01 4.004940707236528397e-01 4.921268787701172931e-01 5.270588653287384684e-01
3.166551739834460588e-01 5.226235323226079421e-01 2.519620784206406117e-01 4.419307115022093058e-01 3.190507803311601887e-01 2.829259341897215618e-01
7.096012456562096615e-02 6.082054223176954627e-02 7.815278376094393631e-02 7.428153464570641518e-02 7.097450216787239141e-02 6.722574421473580253e-02
1.839540832914072499e-01 2.607942828482184838e-01 1.823695988645145649e-01 2.249762576539069414e-01 1.795679430350201611e-01 2.256962117901840648e-01
5.008104457813404853e-01 5.017760247190046208e-01 7.345772165897130890e-01 4.841313858050853014e-01 4.830113070896719374e-01 7.943397959654643348e-01
5.620599373013521749e-01 5.391794630490390761e-01 6.439663357100902097e-01 5.462175761349499226e-01 5.579248540802066447e-01 6.347872094182483993e-01
9.509203252739264478e-01 7.245191474135384002e-01 8.699390094962471398e-01 7.081730614881962538e-01 9.979662839162913857e-01 6.987689117493159907e-01
4.931924580597062402e-01 4.930223799141086882e-01 3.920802740750824467e-01 5.426343404687941074e-01 5.124854133759270125e-01 3.906229946311221557e-01
2.934896230324796629e-01 3.028853616456738673e-01 6.390655583157565101e-01 2.564613064751029015e-01 2.946697319218737898e-01 5.424064210918435602e-01
5.631348481105609149e-01 6.003694454416648174e-01 3.649008371022376407e-01 7.948005113285034895e-01 5.709856040949483624e-01 3.722393486572855847e-01
2.793787245992691570e-01 4.677858814999340531e-01 3.166103909041235731e-01 3.513927925378084183e-01 2.804070958207263153e-01 4.747483524303212632e-01
1.889183971893758363e-02 1.617283884391306631e-02 2.074748442386296562e-02 2.615773654542863369e-02 1.826629152613043136e-02 1.774893425041192130e-02
5.402098354064155394e-01 4.101878345561929540e-01 4.498329524147658409e-01 4.332711517345160246e-01 5.162717954403074350e-01 3.940206867856211881e-01
8.804859731557905800e-01 9.134334710157351322e-01 9.403248061451182638e-01 8.551430492661893368e-01 8.898161820039993675e-01 9.591317788230897534e-01
5.611052504742416458e-01 4.793125472241426821e-01 5.060168398387290267e-01 4.789410608354955912e-01 6.457111781561050146e-01 4.703085286297578049e-01
7.251654144098675925e-01 6.643158468771130920e-01 8.771612980193790321e-01 7.459071646444499493e-01 7.377332795005152599e-01 7.859386378161727915e-01
2.889896771075502468e-01 7.215763925777251009e-01 2.982972038570045337e-01 3.123780689202249050e-01 2.689445035488599034e-01 4.654787072926863112e-01
5.654536015246114378e-01 4.643456669349481647e-01 7.161095404180106705e-01 4.236865940038114786e-01 6.126820872823179887e-01 6.120291266173690792e-01
7.201664104481378392e-02 1.173814729223549291e-01 8.056510350303019985e-02 1.027910974808037281e-01 7.164974301437382342e-02 1.630259324363580176e-01
2.154259526136151695e-02 1.892813273751903572e-02 4.800394771816930695e-02 2.128244959749281406e-02 2.155374431729424264e-02 2.815058765646942171e-02
7.481597316924099017e-01 7.532890371404752372e-01 6.107768330254600420e-01 6.261831878218799829e-01 7.040036781954978062e-01 6.165461066218274055e-01
1.179185322807421998e-01 1.397823678109584300e-01 1.322423937926865967e-01 1.450931527651846409e-01 1.173034734958123826e-01 1.587708874263539793e-01
5.172977775821091528e-01 6.418240490551254673e-01 6.282948806485485482e-01 5.094117836561053991e-01 5.357026344553285080e-01 6.791292899541708783e-01
8.528040613507011924e-01 9.609046984769141764e-01 8.134884608797781080e-01 8.434411638882011175e-01 8.510029410022350582e-01 8.461123115328806898e-01
8.614867506986897405e-01 9.616511782899853644e-01 6.594119889424726599e-01 9.771056394092738628e-01 8.979047736403525937e-01 6.820721659971062945e-01
6.299395982819884221e-01 3.847336653408813811e-01 3.845291025923147088e-01 5.469346009194850922e-01 7.342899922996355411e-01 3.181730611064121916e-01
8.616406186794332012e-01 9.475104481488522135e-01 8.552520738550379864e-01 9.351232263725250959e-01 8.761210371965557631e-01 8.987246852468122604e-01
6.884984637745239500e-01 8.121839454830792615e-01 6.884786875418867913e-01 7.143259195145219564e-01 8.114513518229858891e-01 7.357656569038016903e-01
2.525909045480346782e-01 2.420033538870216827e-01 3.084003243930320548e-01 2.572982257697731256e-01 2.533920611190156880e-01 2.898804064124604341e-01
8.050307010483828130e-01 8.331327807709741906e-01 7.268193646064989855e-01 8.166186471935361624e-01 7.726047004653705530e-01 7.545616065854873211e-01
4.544264136707363289e-01 5.531354402941761617e-01 7.106857628864279297e-01 4.138948069885373116e-01 4.578597433064985900e-01 9.345354178430284042e-01
5.404440689469648396e-01 7.488234812136758123e-01 6.440141211119420062e-01 5.480944612063467503e-01 5.143962855552276503e-01 9.536945527079874196e-01
9.597478728866029041e-01 8.222751085640835900e-01 7.473016521611768326e-01 9.961691556964069605e-01 9.515652883735167267e-01 6.710242617731327908e-01
1.598389532530615151e-02 2.117382722706738496e-02 1.740745687206926226e-02 1.663063303567469120e-02 1.704482335747113317e-02 1.992107298837664936e-02
9.704937031554670135e-01 5.581258241247547547e-01 8.485803401633583709e-01 5.505588573869317770e-01 8.563997347629425105e-01 6.342347102550777160e-01
2.377022113353582655e-01 2.836450446491149413e-01 5.076158541271201807e-01 2.203192550223320723e-01 2.419266869893648975e-01 6.070814450236912130e-01
9.565789428071900247e-01 8.727616130390525306e-01 9.707386220289279111e-01 9.937239571008831263e-01 9.571774143906839338e-01 8.800802560755650594e-01
5.139700006848223479e-01 3.456286079766103247e-01 3.378130638444739042e-01 4.563115423079580069e-01 6.244652376134279814e-01 2.853463419849927019e-01
1.953125760760501539e-01 3.968689699506440793e-01 2.165948036559969814e-01 2.435276824980974197e-01 1.925675768448976422e-01 3.568268689350725387e-01
3.381584535047845730e-01 4.112277037621100417e-01 3.291123993174527307e-01 3.388823012355715036e-01 3.390736142563733901e-01 3.595455419711400258e-01
4.855365827372704751e-02 1.060191043551429319e-01 4.770759866116703468e-02 6.128797703422605991e-02 4.838193883808887541e-02 6.373011235372796901e-02
4.419241731183541633e-02 2.625271273610122261e-02 4.028822091820710022e-02 3.858317690901458263e-02 4.557207107261245643e-02 2.707309418001331569e-02
9.739072322965116602e-01 9.496942097797009819e-01 9.248526785622196433e-01 9.830096696969121695e-01 9.611617260517795192e-01 9.076225926057175375e-01
3.740455170950738872e-01 4.044429219896541472e-01 4.380747056558028096e-01 3.334323524031788111e-01 4.611766172454523360e-01 4.357813125271699506e-01
9.925504937808758976e-01 9.999394162245808237e-01 9.179027121069656125e-01 9.779283902607858181e-01 9.882879443989068813e-01 9.119937626946478249e-01
3.541156729190221841e-01 4.104936118559830982e-01 4.197782350628499470e-01 3.739982801489531994e-01 3.653988531411842544e-01 4.691778493433441111e-01
8.959183281522699049e-01 9.611927742529261520e-01 8.925171695579541264e-01 7.177194270770996809e-01 8.943290158291231640e-01 9.423351112700810717e-01
9.070520641355472868e-01 8.012002347300621885e-01 7.907383650686623522e-01 7.447508522309362888e-01 8.121395020742108173e-01 8.038199415928779512e-01
5.376723109169753156e-01 9.722322106767820049e-01 4.705297123486754107e-01 8.219010508619248867e-01 5.449527373163561839e-01 5.911385699180332631e-01
7.688034120063758081e-02 7.784575606432120320e-02 8.904231515764274296e-02 8.878373377956449986e-02 7.842518862006221669e-02 8.958542782713647956e-02
7.151194043505298970e-01 7.648993256183364009e-01 8.227243777041829409e-01 7.110635314602404833e-01 7.071530927566462843e-01 8.818439590479332235e-01
4.057764353573686811e-01 5.220081296050660402e-01 5.182281669149237935e-01 4.352008735295385122e-01 4.125605633330806654e-01 6.705120046894621488e-01
3.782684002901331444e-01 6.919455266403630178e-01 3.793980477285502917e-01 5.910065076313912868e-01 3.746601249911278297e-01 5.872280719800101467e-01
5.823070900780064063e-01 8.211920423305822947e-01 5.923707989330888601e-01 6.788517758250236511e-01 6.226917291566196333e-01 7.096973282198962840e-01
1.347728745622119306e-01 2.967347013166643510e-01 9.064757578183692266e-02 2.084314669482409954e-01 1.166246888387338920e-01 1.098362522236303318e-01
3.236886364958666551e-01 4.513076808471941370e-01 2.870646417257850525e-01 3.941408947575837374e-01 3.236217469619269149e-01 3.253461910301609361e-01
2.196018406492514785e-01 1.969614058104872945e-01 2.136513510235229230e-01 2.300406792201101780e-01 2.111533959882903599e-01 2.046906457151650149e-01
1.879255810085713949e-02 1.857451566067918475e-02 1.747211235427012163e-02 2.377596450969576836e-02 1.878960949561410756e-02 1.733261320367731478e-02
2.583461171034385773e-01 2.979538414153782844e-01 5.048988366708903053e-01 2.212540286127477884e-01 2.826269398701373170e-01 5.633370853838544079e-01
6.801470352286052012e-01 6.589553628768982652e-01 4.375028926950552677e-01 6.749298942741006613e-01 6.145122290265672138e-01 4.483098786623152532e-01
4.019285128916486038e-01 5.316104669769686764e-01 3.941602583098250401e-01 3.813696552533656359e-01 4.204524907148915469e-01 4.008295588824388189e-01
8.373035523728939999e-01 9.309900487699298566e-01 8.883421368178597843e-01 9.262731100898236036e-01 8.369172953666983439e-01 9.797097823106492021e-01
4.438730942440614613e-01 4.198206077046698903e-01 9.107681546037228459e-01 3.934685869608074427e-01 5.094192105001290605e-01 6.867102265136604267e-01
8.705185630216623061e-01 2.829319837976276286e-01 4.153395182260744556e-01 3.775976796168833971e-01 5.756186967286001099e-01 2.850874647586583155e-01
5.142254414243933036e-01 5.674879363299444313e-01 6.257237207064235696e-01 5.071686794981360435e-01 5.157038216468519121e-01 6.930497983474539492e-01
2.085052663835315623e-01 2.575750194821049832e-01 3.762746607024605172e-01 1.885989226866513491e-01 2.966717653162118107e-01 4.751379020750423066e-01
3.757681923273021862e-01 4.121143431246758748e-01 4.161796755271288673e-01 3.823405294679105282e-01 4.009328455426833804e-01 4.357312092816336135e-01
5.572139651326079024e-01 6.847802861033499555e-01 7.228425189774346782e-01 6.047801680397242308e-01 5.655108582306926923e-01 9.435258613646897441e-01
9.848848759979420553e-01 8.190992602146871526e-01 9.766164146017612957e-01 8.665859273169189692e-01 9.491355490923838456e-01 8.602402192085656374e-01
6.796047373605185182e-01 7.497315767087691096e-01 5.919363935781936092e-01 8.053624625317752361e-01 6.819592357595570808e-01 6.163478053654568578e-01
6.895404608780923983e-01 4.359221356209034282e-01 4.241266115469975451e-01 8.415884496644139290e-01 6.070088578830203918e-01 3.655756964149541322e-01
4.385347676157761443e-01 4.181969572125874834e-01 6.026033484573503074e-01 3.807019919622689486e-01 4.721043291761294891e-01 5.303446220521196297e-01
8.783843483882959602e-02 7.874276090756646140e-02 7.038797900235430061e-02 7.951678661629557610e-02 1.125947343023824682e-01 6.564401392584831574e-02
5.245743082092356735e-01 5.457916829169691120e-01 6.204296299956260086e-01 5.872619580477476120e-01 5.252188087087831248e-01 6.507787946540926072e-01
5.521230496935285448e-01 5.971717891143702994e-01 7.945809613587816456e-01 4.770062840543687344e-01 5.911203648313653192e-01 8.478567005317091398e-01
4.105599735334120731e-02 9.223531345502647416e-02 3.881485345234363810e-02 7.284056651405990124e-02 4.135768310680269788e-02 5.617169977660826236e-02
1.948380586116102431e-01 1.929667590689468359e-01 5.651899961980054732e-01 1.866014197003096342e-01 1.953204861937658521e-01 4.139841894306294234e-01
2.994620663532838734e-01 2.690512527678760035e-01 9.774661675249795012e-01 2.998891228344291449e-01 2.895654668472072424e-01 4.747106001497743977e-01
9.136834117084109697e-03 1.071741905604210038e-02 9.347728014341236125e-03 1.055861008353531361e-02 8.839396579837248760e-03 1.080691392532915837e-02
1.525008585986482590e-01 1.663689108949420459e-01 1.748801421954645496e-01 1.521430166903883219e-01 1.517697572786157190e-01 1.858390972563025156e-01
1.724021425772328531e-01 2.294936370422075989e-01 1.722252723978313083e-01 1.734319941606372595e-01 1.893675552976093190e-01 1.883393207690067517e-01
2.454356299833329313e-01 2.370448923022505650e-01 2.816685280016524295e-01 2.892136287409812212e-01 2.384513420657732030e-01 2.781277352325073338e-01
4.125916734907485450e-01 3.446379548550655425e-01 3.854605592812775927e-01 4.386609392240643501e-01 4.098596456729122206e-01 3.391641072038666938e-01
6.571425156207332252e-01 8.917232776881360845e-01 7.049699010032108859e-01 7.347271328326314688e-01 6.498393954554972929e-01 9.089516257095660023e-01
4.438581733391945283e-01 2.966688868660092848e-01 2.365105092842310630e-01 3.034410113468766212e-01 4.674881520055909068e-01 2.214465530771724810e-01
1.508486691518651501e-01 1.883844207757973122e-01 1.486088417863409283e-01 1.563409501686692238e-01 1.559713225892395971e-01 1.544816842741816298e-01
2.197731344233726583e-02 2.460207109060990119e-02 2.894834893613108112e-02 1.968413288705050945e-02 2.292663367221316889e-02 3.325796493104386103e-02
5.863358327264854841e-01 3.465473688862446555e-01 3.857275719820995041e-01 4.509866053704172373e-01 8.536485317934693340e-01 3.078952285248420795e-01
8.584847087154362510e-01 7.925387144401477846e-01 8.345210273273911961e-01 9.445522886235266924e-01 8.806993335718684701e-01 7.653822271039477654e-01
2.783086666195809245e-01 2.138227566210068598e-01 2.212501221256982509e-01 2.682768248487263918e-01 2.902730916856858245e-01 1.952133625607778700e-01
8.138265915597134859e-01 9.918500544168281641e-01 7.483540297372494043e-01 8.975485933478921652e-01 8.365757811559879631e-01 7.981255271031062470e-01
7.075988242288203667e-01 9.183135554678603096e-01 6.722851087049830365e-01 8.002708249259740114e-01 7.054506172532161168e-01 7.745689989729737102e-01
7.088561954321572767e-01 4.943447604825942365e-01 8.739781826125542219e-01 5.545695612672716379e-01 8.314468875515234059e-01 5.797912428201253965e-01
4.639646875105499224e-01 4.036476834913503287e-01 3.726400795933666465e-01 5.786706316284835339e-01 4.471424194231425897e-01 3.539821690132478049e-01
8.714999856401238754e-01 5.195008604823201370e-01 8.915996075955675559e-01 7.189673383254557848e-01 8.463763043301786304e-01 5.524503076793116918e-01
2.703256444075086695e-01 2.085298946732159764e-01 1.823565284060548741e-01 3.449165658093988895e-01 2.568533675945008365e-01 1.692758142783696018e-01
9.149916829765342152e-01 9.724659873971008839e-01 8.964170141913921919e-01 9.633256348315626383e-01 9.343507870437618434e-01 9.096306743629505309e-01
2.239780482562836739e-01 1.935933107870873582e-01 3.157838806787516828e-01 1.999422919470816851e-01 2.522488171867158235e-01 2.620284673275665166e-01
6.125661183353322548e-01 6.886516436548730802e-01 5.889766512175305113e-01 6.485616064164787531e-01 6.017480150769372038e-01 6.301100138420293595e-01
5.853786786134854703e-01 4.330584118977243713e-01 4.445715019265676915e-01 4.891087182331830263e-01 5.539183607624672545e-01 3.992274469300076123e-01
2.782727990433877530e-01 2.894313254995199425e-01 2.044712609325027297e-01 3.084580849390476942e-01 3.090947951054066611e-01 2.059106673580044233e-01
4.582619471806491096e-01 7.719895033369973403e-01 4.735108943979767226e-01 4.243209045380353928e-01 6.081928362809115862e-01 4.871580395782311168e-01
8.057091644843039635e-01 8.772731970762863707e-01 7.349443340637606958e-01 7.460710515733808279e-01 7.829114992065494549e-01 7.786864959108261708e-01
1.346231298822637146e-01 1.512625142129385702e-01 1.254033539143303289e-01 1.439002968836575747e-01 1.356939134270253033e-01 1.328900209224333495e-01
5.269498725609691459e-01 6.085652829087270232e-01 7.661617248781443790e-01 4.870475865900516510e-01 5.138609880485509596e-01 8.859068882558974733e-01
3.224682663267412486e-01 3.229297884044225464e-01 8.120919598669154027e-01 2.746123226825147867e-01 3.273629549649401116e-01 8.258343755085546523e-01
2.700835487736857332e-01 2.342938457763615590e-01 3.050947375184326349e-01 2.359600886702537537e-01 3.191413569445154530e-01 2.723867049281517572e-01
7.564488176960004751e-01 8.517111267880742576e-01 8.085234606535580681e-01 7.985812306869775057e-01 7.439290244026317556e-01 8.998474277618959682e-01
3.015585855807557669e-01 5.219434547300317861e-01 3.797066476304347682e-01 2.656966056674718857e-01 3.113515800943275069e-01 5.122954308502618570e-01
6.037375279722930754e-01 8.816448498755153906e-01 6.896854992525773831e-01 6.615466773509979248e-01 6.423156122747107899e-01 8.494257510176377313e-01
5.943605009904371350e-01 6.629810972111134237e-01 7.821311543795302912e-01 6.317324254196137190e-01 5.982060129757230671e-01 8.968382246525992141e-01
5.581304121364381032e-01 7.211973169027956487e-01 6.298415825113298228e-01 6.140334056690335274e-01 5.556900089176837199e-01 7.896558606993200335e-01
1.327325033401384469e-01 1.546188577750903514e-01 1.478386150325337600e-01 1.666864263825118542e-01 1.325642681516110422e-01 1.744784562907088499e-01
1.524039153527463331e-01 2.261605822500068197e-01 1.580227774721770229e-01 2.137250306550413370e-01 1.505809892739304878e-01 2.219970519009671350e-01
1.905101843489515334e-01 2.766682012731130347e-01 2.189743253142293622e-01 2.265036366879940033e-01 1.860318231146618206e-01 3.673875564032747509e-01
7.435352129355777828e-01 9.344368318462840106e-01 6.341488646481123759e-01 8.149943260941654444e-01 7.231098971560544486e-01 7.202234355820659184e-01
4.440605478153757391e-01 4.664025749586730996e-01 4.004311777519499183e-01 4.585835617035627365e-01 5.599766773222188965e-01 4.009109434963543661e-01
9.165853207228673583e-01 9.514513479447218591e-01 9.180987522608086149e-01 7.844756243284791708e-01 9.994896322618556095e-01 8.836648011473469122e-01
5.402453466865925202e-01 6.609128975689410046e-01 4.766777412671333036e-01 6.194537368137389421e-01 5.296263619655492416e-01 5.275513707962299348e-01
5.943344119287928828e-01 7.106564907815007270e-01 5.045368535303423885e-01 7.323002573102712631e-01 5.938840522692639956e-01 5.307391987216928397e-01
3.945596017152787627e-01 3.699014353098335484e-01 5.004416686118452473e-01 4.171919338405132294e-01 4.067480547189805118e-01 4.426321401731174165e-01
6.886040960396565547e-01 7.029119935781330542e-01 8.709779757231564945e-01 6.662570033222436905e-01 6.966602777469099728e-01 7.979883092617245932e-01
6.766223032213405375e-01 4.637616945625042120e-01 8.116168835902742851e-01 4.434189992025494576e-01 7.140468811988988085e-01 5.489854684831733111e-01
7.400537948404757316e-01 9.728623926759660812e-01 6.393467247849187185e-01 9.411404156126081944e-01 7.751860831059416146e-01 7.183498846678806338e-01
3.193856106116610416e-01 3.168893316854039521e-01 6.311116240725552773e-01 3.140172825660556555e-01 3.129899210284653455e-01 6.511032157209933890e-01
6.374679588739999847e-01 5.894464735617040985e-01 4.936019578199505320e-01 6.461331108585000038e-01 6.286555113309353349e-01 4.801353117148776661e-01
6.829890025189092606e-01 6.517236202611287332e-01 9.249133422939879168e-01 6.228795219212770462e-01 6.773602059188131852e-01 8.943121723955143043e-01
1.864506153243442876e-01 1.671408591003914479e-01 1.883782376524285318e-01 1.968527901917695999e-01 1.893891861455913594e-01 1.736569739293608861e-01
6.040203941404970189e-01 6.405557430056779689e-01 3.797403287812674000e-01 6.002616665791720152e-01 6.899941818938530869e-01 3.628909429318646351e-01
4.723112144392030975e-01 4.428001646637404476e-01 5.845910796602644677e-01 4.472235087305307388e-01 4.643189654412447354e-01 5.517258814218980456e-01
2.185272370995397229e-01 1.544045750744715839e-01 2.008404901792349151e-01 1.563993666786700487e-01 1.684274882037630205e-01 1.869869821064923943e-01
6.033558482350256380e-01 6.050917251820026044e-01 3.139896235343253017e-01 4.570553519297391176e-01 6.421872548684757209e-01 2.970688108967652341e-01
6.018841834941415225e-01 7.100088613416183358e-01 6.608454123252096579e-01 6.550743405241519213e-01 5.866238904900582529e-01 7.788213876741226782e-01
1.753273745388610749e-01 3.955814683900382156e-01 2.155271037156588076e-01 1.878216010518372059e-01 1.747329154730331291e-01 3.477410780562473769e-01
8.838493726730720645e-01 7.726530428953473084e-01 9.593955375396150398e-01 9.011899596080183983e-01 8.714204958339141216e-01 8.435938820286114082e-01
2.744454196608803742e-01 1.702269050385271931e-01 2.781602359440186190e-01 1.964676913339644670e-01 2.433476307217250778e-01 2.014525878680941129e-01
6.953356099559686587e-01 8.745815074713705339e-01 4.705198329063439155e-01 7.063012495636940002e-01 7.133834981168434286e-01 4.759375880944972104e-01
2.439832445375387515e-01 1.827891901039626343e-01 4.335547926067315205e-01 1.959026437252759933e-01 2.424271252780542951e-01 2.454581316361201249e-01
4.884079511508002680e-01 4.377874800916958797e-01 7.973096732311927282e-01 4.056129900272935629e-01 4.722482735137787935e-01 7.063711704706674421e-01
2.483776316754843227e-01 4.902341214822985016e-01 2.238148847740845104e-01 2.844810704700648785e-01 2.729102770596930627e-01 2.612117964400796910e-01
1.677984157238109897e-01 1.734325693140624236e-01 3.571209959485281416e-01 1.544804712757468224e-01 1.796302571229464462e-01 3.096463345977923387e-01
9.850373435212278483e-01 8.830391825191907795e-01 9.458126809848416139e-01 8.486024197190999985e-01 9.770628128581861915e-01 8.916971249898385521e-01
1.287138725683481533e-01 1.314771369460173700e-01 2.026769192200972569e-01 1.243141733575612307e-01 1.239082336381508859e-01 2.408808303200348222e-01
2.405260607346323132e-01 2.229218088322810210e-01 2.778347491090994992e-01 2.084996094927191734e-01 2.501823580691253657e-01 2.510357418497461413e-01
7.577219777773263054e-01 6.322851657596151309e-01 7.853688638077014339e-01 6.575031457468867302e-01 7.655192510004353856e-01 7.002904021141395097e-01
3.308748706698624864e-02 5.842318636629464240e-02 2.889857336085474918e-02 4.074266296811401844e-02 3.251665552783145757e-02 3.451215077650090363e-02
7.020922808729040954e-01 4.252986628869023789e-01 5.382971231482844843e-01 6.290149539709091187e-01 7.417548210116593488e-01 4.099091005234554719e-01
4.893753523062150390e-01 5.199430125380490875e-01 5.933660156370892391e-01 5.468735839240252972e-01 4.929748225157032371e-01 6.426862680129006300e-01
8.081621198512752846e-01 8.516005000205604247e-01 8.329561856281220145e-01 9.337538355030119419e-01 7.946063340193313396e-01 8.931371982113643915e-01
2.313599826625550582e-01 1.210974569752423374e-01 1.283645551548928954e-01 2.898366888985037804e-01 2.318648793245338957e-01 1.009648301863845382e-01
4.151341681893173097e-01 1.926815726568223697e-01 2.690691077023427691e-01 2.961900962982326746e-01 3.443927588123517625e-01 1.907182494136817619e-01
9.575396774949657130e-02 2.115907754021403853e-01 7.637803293638052715e-02 3.731912991497665644e-01 9.635835548222899949e-02 9.297317460318950400e-02
1.739475258929002455e-01 2.836189105583955539e-01 1.987935283927535768e-01 2.104017878882586956e-01 1.741457516567699315e-01 2.997712722905377380e-01
1.255129778400847218e-01 1.167700206411259739e-01 2.084710275798968282e-01 1.186208454892039299e-01 1.312767297150949641e-01 1.765132170082139296e-01
4.071932792777677168e-01 3.516459824890245112e-01 4.883789747163491124e-01 3.525227392092347145e-01 4.460237825535496303e-01 4.094914527857368425e-01
3.500874049624569384e-01 3.712450340678716265e-01 2.158527446484409806e-01 4.524130583740770817e-01 4.006077925443892185e-01 2.077116108663761285e-01
2.226884717128485014e-01 1.591061665052293239e-01 1.084147943236078993e-01 2.490418322850018740e-01 2.021155617980772146e-01 1.024594120500976896e-01
4.142226905850131952e-02 3.175334588891037813e-02 1.142110119647445493e-01 3.454653033986687660e-02 3.912902374324452037e-02 4.692579922898047068e-02
3.731354094814390288e-01 5.383213890349629605e-01 4.714098201628768026e-01 3.852355731651186943e-01 3.622368251476316692e-01 7.716098163557976175e-01
7.544668129211819230e-02 1.302832728360217296e-01 8.040512416744959034e-02 9.706038911826908588e-02 7.566089211955395744e-02 1.154690984258685132e-01
8.107748795003859588e-01 6.089104156203936080e-01 7.284099553786906878e-01 6.885432165581732988e-01 7.521723091353405000e-01 6.324178730337860488e-01
9.690904187405542380e-01 9.536826079156884850e-01 8.783996637970883370e-01 9.688721960410475731e-01 9.370932226514562258e-01 8.929219482582987366e-01
1.348654466321769774e-01 1.270420124788109173e-01 1.351700516402788155e-01 1.129584347363561392e-01 1.612707759280980202e-01 1.300245142639392393e-01
5.973921398345446304e-02 4.219900687746961504e-02 3.432246885306534240e-02 6.194571685045957565e-02 7.330166150243047629e-02 3.066845276483480195e-02
1.831510115612626499e-01 1.202816784023583024e-01 1.428991298009725797e-01 1.160998397972434759e-01 1.706122146988440225e-01 1.274639951707783325e-01
4.383574330111347783e-02 6.520355201529391687e-02 3.576443102176309063e-02 3.588355681858956814e-02 4.435710338513841611e-02 3.657608147958529843e-02
8.466055010689221838e-01 4.920078428671726956e-01 6.718681567941182653e-01 6.083143388386815786e-01 9.319648657688529569e-01 4.917588616115230460e-01
3.300386817798055955e-02 5.131575294220081657e-02 3.055534397902504029e-02 4.532723221927881241e-02 3.399400748201944489e-02 3.578190036094100468e-02
2.482816276406220324e-01 2.936501591591706428e-01 3.352351487391829199e-01 2.677105811890214682e-01 2.491961921913386779e-01 4.452525458808418990e-01
9.485700478195237262e-02 8.086638335908505337e-02 7.827011425200158801e-02 1.115895851980894804e-01 9.801013174287229179e-02 7.224348667114491307e-02
1.059469815323855063e-01 1.423130389487900771e-01 1.487406184298967760e-01 1.173401852138340473e-01 1.067008605382156750e-01 2.719624314150451694e-01
2.256928234694792201e-01 3.379433876655479896e-01 2.613514188371320879e-01 2.897495026700198650e-01 2.302655902167186630e-01 3.999606341829745060e-01
1.971243454037234222e-01 2.000558015299867265e-01 5.608286615684925369e-01 1.676744823344051838e-01 2.048626997792815929e-01 4.392012732064972669e-01
2.654587971621933384e-01 4.019009437518948347e-01 1.946750286384704987e-01 3.261833260767161846e-01 2.645784275200303015e-01 2.102765505751253705e-01
4.058785490047936428e-01 6.380685578443684447e-01 4.119593138649269570e-01 4.452807977795600891e-01 3.953175581413604922e-01 5.292020144030792350e-01
1.211336751918054913e-02 1.432688280848264800e-02 9.213579846071497104e-03 1.689876243472099304e-02 1.211221900589470532e-02 9.733094760501267290e-03
3.608240304756765715e-01 2.649057802873577283e-01 4.831413441961194266e-01 2.659402426797896624e-01 4.019898663461210497e-01 3.491507568204007539e-01
3.482517202747621443e-01 5.071957593213902715e-01 2.578751636915282974e-01 7.076839411165565252e-01 3.463504007265281737e-01 2.862018961716275567e-01
6.207188541870044957e-02 6.285129155401078527e-02 1.768040248033745099e-01 5.340323969721794128e-02 6.138852370338219316e-02 2.149117832015876861e-01
8.786333642387318399e-01 4.848039438708468540e-01 6.368205423907072893e-01 5.374972240533679724e-01 8.714692767440045396e-01 4.899558220025581057e-01
4.901106795378616376e-01 4.940833502310935654e-01 6.422365560269931439e-01 5.174729339778423309e-01 4.862399536056205562e-01 6.597460837000784784e-01
3.656931214221251780e-01 3.737711492745690589e-01 4.573736895614496367e-01 3.358058296144008636e-01 3.425599840542980501e-01 4.844989526865940976e-01
