2.397416110163879885e-02 2.413535075101788108e-01 7.163126981461911402e-01 1.760191442451695398e-01 2.417968569789081812e-01
5.714373302467087162e-02 5.324381716021213684e-01 4.035298242696631066e-01 3.388768851218638134e-01 3.815615922212600708e-02
2.333825777259668777e-01 1.480382462549329481e-01 2.466591775243919260e-01 6.477867775486484403e-01 2.061924594454467297e-02
6.562462954360266387e-01 2.891479809951317814e-01 7.410074592981890085e-01 3.851078015465456139e-01 8.578311379533261061e-01
2.853164405782285806e-01 4.315069420598423300e-02 8.016443021763822174e-02 5.803714264376582666e-01 5.098186328541487455e-01
9.792738765138052359e-02 7.072055293070806936e-01 5.817017856754483907e-01 2.726669335436808853e-02 5.567262060940265656e-01
5.622195029042167391e-01 6.052449526541557878e-01 5.605661608162539888e-01 3.998584793566099527e-01 2.274090014398097992e-01
3.412721753356081494e-02 1.734730072526573519e-01 2.216921972037209088e-01 4.252233841612424597e-02 3.008252186700701714e-01
2.203818677512669466e-01 6.832494368249066863e-01 2.719847254287506844e-01 1.994017271270577540e-01 4.533292718697339296e-01
2.580273780259452199e-01 3.767792089362805297e-01 1.670033915752077922e-02 2.020655809692657040e-02 5.523532761726528406e-01
2.822715780709061928e-01 2.797845707818036876e-01 2.699726327144624238e-01 7.045378817846824349e-02 3.293076599948108196e-02
5.137442059038195286e-01 3.253760817484358525e-01 7.553915555977439578e-01 9.180788626289154708e-01 6.482171893585473299e-01
6.086573463275688489e-01 2.661125278140877848e-01 7.013252069137393407e-01 4.943522136020908064e-01 2.801010361872613430e-01
6.702960929327639317e-01 9.294195335930401924e-01 9.222275367924920308e-01 8.116776042204076891e-01 9.620462667662650347e-01
2.766685801169204706e-01 1.694382314303718717e-01 8.011517607152063292e-01 5.340727334085314526e-01 5.881243592593818903e-01
8.951449097527324206e-01 9.969527516025338265e-01 8.737652674263780561e-01 7.930453509180579452e-01 9.882445330731570721e-01
9.796474819924498589e-02 8.965894125269018300e-01 7.935343153759705226e-01 1.646102357400262284e-01 7.340946765616536140e-01
2.770193871066756186e-01 9.646595405685812197e-02 6.023113859336091114e-01 2.412325061482938904e-01 6.362140255514532328e-01
9.330340154426930432e-01 4.526135037494345981e-01 7.979128509899853228e-01 7.684309876627144487e-01 7.707630216609686613e-01
6.400049904362060671e-01 1.638498034610171451e-03 2.809993275799523016e-02 6.028472650243836828e-01 3.917622193694114685e-02
3.639346274301225731e-03 6.184618371476363619e-02 2.404376503112577376e-02 1.056402087463186729e-01 1.374880988150835037e-01
3.369672571852447840e-01 5.525716352073691690e-02 8.515253664843105419e-01 9.338476526505842257e-01 4.548401129432022572e-01
2.844780421621698752e-01 7.360016035747991570e-01 3.997987317732479839e-01 5.443000388571399561e-01 8.718162854202091694e-01
1.559195667482854153e-01 4.432224951586091755e-01 5.144686778809238747e-01 8.507372716706276261e-01 6.035739090293645859e-03
2.940782541309892584e-01 7.315295336086559130e-01 9.316867480846547922e-01 9.191605320353419817e-01 5.398870366625487804e-01
7.691020707427567160e-01 3.445139466476640489e-01 9.396955283566685857e-01 4.152136039825121139e-01 9.673404388595372438e-01
8.409707737453574472e-01 5.704517810450325799e-01 2.940581995697457707e-01 7.250780532762244324e-01 2.228097321931272745e-01
2.809821422628956955e-01 2.475050580604965245e-01 1.346755943128788713e-01 2.845182747500609177e-01 1.096396667417138815e-01
5.194882680673214015e-01 6.401918634183821899e-01 1.463574615986096839e-01 7.180757793130403133e-02 4.843841877300292253e-01
1.136819499534604677e-01 8.466414793039204190e-01 4.965593041740921088e-01 8.850310932295601951e-01 8.956724500749260187e-01
4.494301684692575405e-01 1.842841729392470929e-01 1.476739456867591782e-01 6.179198209490700533e-01 4.426654626149684191e-01
9.042515306915452911e-01 2.582162524754562094e-01 8.962943273310640668e-01 5.960215739937383406e-01 8.084479493554681540e-01
3.588770411930806148e-01 7.284317275123745883e-02 3.499653837108565591e-01 4.010769537417082503e-02 3.802969725802540779e-02
3.010149017879730216e-01 4.144735229388913922e-01 9.066933466890539917e-01 4.534623339352520932e-01 3.377941341605037451e-01
5.532236551751537612e-02 7.269338146257990907e-01 1.110577026986988292e-01 5.594911212840604497e-02 4.572584978304803371e-01
4.690863147858878590e-01 4.864970109277491073e-01 4.044292365240606535e-01 1.611920489790943101e-01 6.665834016166627407e-02
5.534715630127302610e-01 4.260885135258159484e-01 3.462786852507436786e-01 4.631288057249713375e-01 4.039765121415257454e-01
1.030714708282599035e-01 3.995348428911232874e-01 4.820265014558682282e-01 1.651530812236131351e-01 7.937289287801831961e-01
7.170783334969317302e-01 8.875659643615078087e-01 3.081689623317231397e-01 5.926993305043593008e-01 1.079206792637705803e-01
6.017213207763358884e-01 3.329338122575028480e-01 5.436421825047613732e-01 2.689246683825934903e-01 1.108242110349237919e-01
7.222370886588824757e-01 7.826853688173057710e-01 4.427137463988201072e-01 7.155206350151817052e-01 5.975783430039882660e-01
2.478370140450702752e-01 6.000882148766403246e-01 2.741764539436673531e-01 6.170196913136402062e-01 2.532898839563131332e-01
2.565091351937687225e-01 5.399991329947417817e-01 7.778465260926658020e-01 6.343049126290674078e-01 5.023083656560629606e-01
1.914264332397629109e-01 7.603319444414674555e-01 8.051827624940760542e-02 5.356506037956488830e-01 6.075615438167005777e-01
3.878934545426885316e-01 8.036783835003321608e-01 8.553582749059653045e-02 4.648275181406428258e-01 5.641397808212786913e-01
4.573103969766710852e-01 1.726493854922718507e-01 5.701885156599538484e-02 5.218837406015636171e-02 9.084090124815702438e-04
6.947633829734698452e-01 6.899175232309088246e-01 2.843900893013014408e-01 2.267318061743384405e-01 2.779922825284302235e-01
9.463753948290772877e-01 6.066306695005900806e-01 9.823122886491417738e-01 9.625196306724276285e-01 1.862254920415580273e-01
5.896218179829710859e-01 7.335700311821092834e-01 9.419823318105433607e-01 8.185012303861578520e-01 4.838394897524267435e-01
1.094422460003188907e-01 9.855444627421243442e-02 7.787360665469265086e-01 6.284928702534678946e-01 1.794158166740089655e-01
7.197464145139201852e-01 6.997503803254081500e-01 4.050330074701373184e-01 6.110786306424925707e-01 8.656350767705589533e-01
4.024683967081748026e-01 9.596930302048488626e-01 7.294592959812975508e-01 6.402929588466859112e-01 3.115978483110666275e-01
7.956048716124107523e-02 4.928787210634487659e-01 2.229898778099783652e-01 6.480599604447327966e-01 3.497402509674429893e-01
8.638425334737080963e-01 4.183343325130997048e-01 3.221657532729557127e-01 4.653612754752073366e-01 4.472968976479023695e-01
8.930989264401340000e-01 3.260553676636675502e-01 4.639031833190761234e-02 8.559106596775714060e-01 1.723925024271011353e-02
6.590013780975566560e-01 7.381043550035160106e-01 3.279657920722074960e-01 1.078437524321035346e-01 5.350502354558557272e-01
5.946837754060758652e-01 3.894260455792860065e-01 5.506101468358185619e-02 7.136039959205512373e-01 1.344750653952360153e-01
4.865156337404286657e-01 1.782673163826841156e-01 2.162885360402373724e-01 7.134831698426513658e-01 5.085196089930832386e-02
8.362467995978170032e-01 5.681005919556108008e-01 9.663032605536954200e-01 7.359335593755673699e-01 5.297616922762244940e-01
5.815971920850063759e-01 2.631032115614949651e-01 3.512468360720365501e-01 7.649276680127806705e-01 1.947375126183032990e-01
3.301588209351057346e-01 8.854821480508504594e-01 3.756767841090389859e-01 4.087643523059616979e-02 9.350822146516293287e-01
2.596841004722764135e-01 4.336309563943815948e-01 5.025756643380446809e-01 4.376900634826895731e-01 6.882985574193298817e-01
3.148519754584996888e-01 5.174527782867495151e-01 8.497700776505069664e-02 1.666848241705328783e-04 4.294536542147397995e-02
9.213335686734225316e-01 7.933210841169215932e-01 7.443540880146951588e-01 6.064210832784117794e-02 2.257755459286272526e-01
4.042874781096642556e-01 4.592222332395357598e-01 5.105220998410356925e-01 1.694491620935932585e-01 5.429982887580990791e-01
9.135802665208057061e-01 8.811431568729775066e-01 6.917472366158017305e-01 4.827191789197856631e-01 7.085777120664715767e-01
8.366393322822466283e-01 2.769176452904615338e-01 1.490109744476501852e-01 2.789555532299789475e-01 7.614790413063019514e-01
8.593505821531183253e-01 3.267760216642934812e-01 2.330839705210797919e-01 4.311620970533414088e-01 4.160050440113991499e-01
1.948390566697811299e-01 6.543414229300390517e-01 5.707914927727543164e-01 6.224792520350747038e-01 4.637906930875033140e-01
8.809082152858587200e-01 1.438705601208767892e-01 6.893964624336286207e-01 9.371874980348845474e-01 5.469745136797428131e-01
3.035023882678933305e-01 4.022346645595945014e-01 7.975152955443155778e-02 5.935232327070034675e-01 5.778042210731655359e-01
8.149573260525048157e-01 6.655135490951654686e-01 4.918976230422262286e-01 4.586333773567732308e-01 1.482241880148649216e-02
1.757074771647125500e-01 7.566921355833074181e-02 1.185889042888842865e-01 6.062787093816545542e-02 7.664191303774714470e-02
1.928151785635566773e-01 1.266283609997182757e-01 6.551368501849851311e-01 4.420381004464897512e-02 4.138518765103071928e-01
7.056662530097309594e-01 7.834836710424007977e-01 7.863668284756484272e-01 4.303230839127544227e-01 8.139039529487490654e-01
4.336481899685675628e-02 5.412324281996737652e-01 3.517711403405950898e-01 6.126512546114416813e-02 5.502528711222112179e-01
4.455364694921227775e-01 2.077603987252777118e-01 6.909986535939666163e-01 4.200144598941329410e-01 4.862306655850261450e-01
6.256258285785490925e-01 5.608161314594076741e-01 7.573880616032189206e-01 7.446458494887999713e-01 3.481677209492772818e-01
9.195531906776961417e-01 1.010994877631069128e-01 5.231653413378053452e-01 7.936075994142606227e-01 8.644806011579930782e-01
5.402455659471253613e-01 7.831009792756802312e-01 7.848470292638433377e-02 1.094622015056420650e-01 1.498325152788311243e-01
1.116570895890858263e-02 9.232628007086651767e-01 1.779378933126233853e-01 6.583018519580083883e-01 2.307557736057788134e-01
8.019048098333186880e-01 6.564690037282813195e-01 5.999814128725006190e-01 5.514478006403276122e-01 3.185159270651638508e-01
8.116450736898974672e-01 9.020955483324806234e-01 9.865500985409214607e-01 5.974195335278269514e-01 9.517612739000469446e-01
6.246657597584009958e-01 1.081995394264621130e-01 3.287002233266427265e-01 6.366109860115227725e-01 4.867254919372498989e-02
9.466166650078703393e-01 3.485845109782605977e-01 7.861140556439756288e-01 9.350527734962122972e-01 5.688049201853573322e-01
5.303036702254422252e-01 6.049535590571581967e-01 2.136436249644310670e-01 5.869834221297322019e-01 8.393524186685681343e-01
5.582721866299040769e-01 6.303908503500106342e-01 6.469100236544460536e-01 8.122541799254785477e-01 4.810703545808792114e-01
2.176273136005288378e-01 2.825292265397387204e-01 9.363842483428065355e-01 2.571097375882445135e-01 8.862382427323609591e-01
6.658363543252928674e-01 5.786452783306906822e-01 7.949940892063325215e-01 5.175996648475714723e-01 1.431861445307731628e-01
3.254432909096878490e-02 6.528649711080494744e-02 4.866584397251036975e-01 9.191651253948965872e-01 5.695494757965207100e-01
3.292237126906161215e-02 4.052189683552224198e-01 2.243276604398302676e-01 1.153153897510164755e-01 3.823771884199231863e-01
6.379213730585320263e-01 5.696384814055899248e-01 6.803244797663661192e-01 4.175153939770531730e-01 9.309455899056047201e-01
8.638276240082631841e-01 7.860661615431675520e-01 1.014226838662840718e-01 4.578097509876870308e-02 8.204245408996939659e-01
2.660580691773940520e-01 1.633819919155077849e-01 3.695849432256340106e-02 1.866064751791325985e-02 4.720149771310389042e-01
7.510477670101040060e-02 9.725210595671167357e-02 2.324810042712814051e-01 1.289738423253213029e-01 7.532238478306680918e-01
5.370430628042212051e-01 9.531885831444696089e-02 4.358738561647669818e-01 2.927935453234986052e-01 5.365502871572971344e-01
6.536697184200797039e-01 4.183708507280641670e-02 8.473017645732775494e-01 4.073466453173918422e-01 5.632499817293137312e-01
5.424902576252556008e-01 9.488979122215173145e-01 3.225807923098440999e-01 4.130535329608581163e-01 2.962590223178267479e-01
1.889107767013492589e-01 8.227445850429916385e-01 4.709489747669320936e-01 7.844038209211096069e-02 7.097953122574836016e-01
2.217554649511407627e-01 5.933644064774433735e-01 8.399284045777036800e-01 1.365865213595962580e-01 3.414591480977833271e-01
