7.312681325765816309e-01 5.596281258034271344e-01 6.850918058883584960e-01 6.151146541815251112e-01 7.550495048277456878e-01 4.751790933852906851e-01
9.845920848857127039e-01 9.819086165579035130e-01 9.935695365239325394e-01 9.760077120736241341e-01 9.847749382905643944e-01 9.931756031919389827e-01
3.860002183607279536e-01 9.569440445533577977e-02 3.741773065071044568e-01 2.659665502142161131e-01 3.652451679864423539e-01 1.877417444449231421e-01
4.594983773112439329e-01 4.503992822676254892e-01 5.004098832246234307e-01 4.200012099463492632e-01 4.828648706954131176e-01 4.803905607331108163e-01
9.702660387607463521e-01 9.574648615387663098e-01 9.264843512372966661e-01 9.639849015511572361e-01 9.691875931711584347e-01 8.714621073418906683e-01
7.812164193788511124e-01 8.696656199455643499e-01 8.548582963597975981e-01 6.662051039747893810e-01 8.129015001472639224e-01 8.892184869948133175e-01
5.841409760383552835e-02 7.509913798210886282e-02 1.982908820358787391e-02 6.629264308139681816e-02 6.755841098150468238e-02 1.782340834362719853e-02
2.623342760323175149e-01 2.231985173837119363e-01 2.015924792048952308e-01 2.624839767813682556e-01 2.687564556011651784e-01 1.553037803467170741e-01
5.469920270469403878e-01 4.320388940517221887e-01 5.496695957898556362e-01 4.999807232525199652e-01 5.595063271741436139e-01 4.739120521271125708e-01
6.179937086349713837e-01 6.037547254286169673e-01 7.147014105949311968e-01 5.807094967458397150e-01 6.209849102917128771e-01 7.079468740084389200e-01
5.423926023738696589e-01 3.516014230430412613e-01 2.531108583738844731e-01 5.504852943122386932e-01 5.479276830813127885e-01 7.142966534599579087e-02
2.282688024198672172e-01 2.404042218725310487e-01 9.677875147716016868e-02 3.855136802885681391e-01 2.914281054894509171e-01 7.511306814628121442e-02
9.953206322183439925e-01 9.947279178060095539e-01 9.929911987369949289e-01 9.949118311051279306e-01 9.953934939722217656e-01 9.918994200829744923e-01
1.986672989369937803e-01 3.039109619370392590e-01 2.558551796504235920e-01 8.585576759651303291e-02 1.922876307534119034e-01 3.464040075164313004e-01
7.997679106966661955e-01 8.313956299903403346e-01 7.325653472798944188e-01 7.932977399323135614e-01 8.071604841457497015e-01 7.644800282460906260e-01
1.759932267438559517e-01 2.186295554879753023e-01 1.091696112562481752e-01 1.909155079629272223e-01 1.491208743506190759e-01 1.572268400887657236e-01
6.693533068022569123e-03 1.398038194672554003e-03 4.469037774788300887e-02 1.428870018571615219e-04 6.197016801398590354e-03 2.427896603009775320e-02
4.262445268443824653e-01 4.256452989181086499e-01 2.677491961867075054e-01 3.392990259453654289e-01 4.053807457231977662e-01 2.848572735043735094e-01
1.021224337669619231e-01 1.544936588507391517e-01 7.267410792157563693e-02 1.760694817639887333e-01 6.790977393766606252e-02 1.499599504663514105e-01
2.184872625691219594e-01 2.513761400827870807e-01 8.244481504533340832e-02 3.076981436461210251e-01 1.989367994645673821e-01 9.115092931732207693e-02
1.365757084318003356e-01 3.751677682580974865e-02 3.493627715285353430e-01 9.079587878659367561e-03 1.733826203933374055e-01 2.217548941051001865e-01
6.081677747832714420e-01 5.922036084486886898e-01 3.308441669853639522e-01 6.640339116565883160e-01 5.740844523214119199e-01 3.082771112481474951e-01
9.955074137363051356e-01 9.968516936138084317e-01 9.983982273988941669e-01 9.898709058761596680e-01 9.940346157711370534e-01 9.986364299630334784e-01
1.270412850548452433e-01 2.284257523528571421e-01 5.315861785233505499e-02 2.376802337821573019e-01 8.460165141682958467e-02 1.422462430907577291e-01
4.586055289298571758e-01 4.924823246566015222e-01 5.583777878803773964e-01 5.634717748034745455e-01 4.958187385248991608e-01 5.746705631883142207e-01
6.965443174862024911e-01 7.018299741654357993e-01 4.918578447878139137e-01 7.322107551153749228e-01 7.026621880837492506e-01 4.986385369588166028e-01
4.284495155471755856e-01 4.702350028745329591e-01 4.152905974502532627e-01 2.933990624733269215e-01 4.327967963494332437e-01 4.557437064577605224e-01
6.984985386937414553e-01 6.483887354149747706e-01 6.048504451550721361e-01 6.577173473779112101e-01 6.904134296774722124e-01 5.717469899068321482e-01
9.264022594734604432e-01 9.759491519962283368e-01 8.892490395505970868e-01 9.623063262552022934e-01 9.236947266956507807e-01 9.629166005471495593e-01
5.225264084851076740e-01 4.830530128046618410e-01 5.643251581189882016e-01 4.730101185850799084e-01 5.631996247049632087e-01 5.096689537800577208e-01
2.727519047139041475e-01 4.289332675343355272e-01 3.116670250544284482e-01 4.144420190714299679e-01 3.893821702122763351e-01 3.463000160023048113e-01
4.411146445677500139e-01 5.033076507213308792e-01 3.719759618489381081e-01 4.691528894472867250e-01 4.310389326400855814e-01 4.330031617562157820e-01
2.939934702542134626e-01 8.514443187905593735e-01 8.039172360873539924e-01 7.616888987831771374e-01 6.185303652266641583e-01 8.800310554221968395e-01
7.726490269539040279e-01 4.299091489607106964e-01 7.353057392614110732e-01 7.443649203050881624e-01 7.554824995668371068e-01 5.197796394703245726e-01
8.883643071950364511e-01 6.272232191477222774e-01 8.479796443095861669e-01 7.734647856559604406e-01 8.897972234811136749e-01 5.777116202084748853e-01
8.614872800738871961e-01 8.509434851344744866e-01 5.370331543371110739e-01 8.493676735088229179e-01 8.609435472831525882e-01 4.749987172756701681e-01
3.774189444916914438e-01 5.892423768747597768e-01 6.246981653748906460e-01 4.956916430965065956e-01 3.299785179344160713e-01 6.973038619291771489e-01
7.516839745444044985e-01 7.742178675724994408e-01 7.325170620755080408e-01 7.222648451570421457e-01 7.493895342042429242e-01 7.519702012034655825e-01
9.619868280856260778e-01 9.661266212772644524e-01 9.590181507684888418e-01 9.371988554485142231e-01 9.621936662294074960e-01 9.625852994009687080e-01
9.244487117609456739e-01 9.143399342266599339e-01 8.845539539150402142e-01 9.011599486693739891e-01 9.282002563299144304e-01 8.649038223914174983e-01
6.094292383854124084e-01 6.231093125417154210e-01 7.764805151953352302e-01 4.688446642830967903e-01 5.283423025156757102e-01 7.906143486302071866e-01
3.602645804636442350e-01 3.084857040571929998e-01 4.774011792413108135e-01 1.399749633856117725e-01 3.885926420451192298e-01 4.421585923870642865e-01
5.864271167561853071e-01 4.850679014383133536e-01 6.167313743378788349e-01 5.162320109084248543e-01 5.720805720761463764e-01 5.681510811398371441e-01
6.542323827691632898e-01 6.786220421215503062e-01 7.043199336971033286e-01 7.039102809503674507e-01 6.587669947532335257e-01 7.023784220152982094e-01
6.515531557804188356e-02 8.397911815754906251e-02 1.938455064046308851e-01 2.517443010583519936e-02 6.930748392298223537e-02 2.115962269310367461e-01
1.048914783630820330e-01 2.254000431004112015e-01 4.040153052176095883e-02 1.268670165445655584e-01 1.248474952960030721e-01 1.094854186060614104e-01
1.602785165301156833e-01 1.504940581597576932e-01 1.196397923784707912e-01 1.579882055521011353e-01 1.665470300529054148e-01 1.050198927261714738e-01
8.035616694298186591e-01 6.219811861629929162e-01 7.771837553214717698e-01 6.197556378319859505e-01 7.977256039066551452e-01 6.003604171798354594e-01
2.278080099074649700e-01 4.607344648955140065e-01 1.408769238125688328e-01 5.081452664453536272e-01 3.194916857368912400e-01 2.693643230225015173e-01
8.006556320120324921e-01 8.481197422613463432e-01 8.164978868408587775e-01 8.037507024127990007e-01 7.964435324022978158e-01 8.448676604685932956e-01
2.974873308454280552e-01 1.669688059823306869e-01 2.405665256908758876e-01 1.949360843282192945e-01 2.956379038643586199e-01 1.357570057949587239e-01
8.867645215314697849e-01 8.025427931866410125e-01 8.785180946854745931e-01 8.517705695703625679e-01 8.866584306693822137e-01 8.267010262492195949e-01
1.987059920027420268e-02 2.723097703621293539e-02 1.698864794883775398e-02 4.111382272094488144e-02 1.028252110421912571e-02 2.949331931243560564e-02
3.689948452207751362e-01 6.557004738024180268e-01 1.471483782199658474e-01 6.113531459122896194e-01 4.282860079827979782e-01 4.444156926677121922e-01
8.293504512101866899e-01 7.115739419482806083e-01 8.031577622686234541e-01 8.316376840230077505e-01 8.321207569776991608e-01 7.294104458264543123e-01
5.316053509918863273e-01 4.713219791957043436e-01 4.980712578118030587e-01 4.788185579236596823e-01 4.995358056647813960e-01 4.657607263332837477e-01
5.521637358935745088e-02 1.277964818935205249e-01 2.162978061486252601e-01 3.232395788654685020e-02 3.310714917686092412e-02 2.972343222827344422e-01
2.627652791782700836e-01 1.573948104869468123e-01 2.329419573508548225e-01 7.174898241646587849e-02 2.862759116969545992e-01 1.231977966188724516e-01
8.364285232637197476e-01 8.851074720432851040e-01 6.497937818039241087e-01 8.771514976397156715e-01 8.206258371059744761e-01 7.783183649744811472e-01
4.003963136409215418e-01 7.355218110466075210e-01 3.995663724474940448e-01 6.070708606857806444e-01 2.968984601921487720e-01 7.090951673850652837e-01
4.953861248625507363e-01 5.535667858758073212e-01 3.922182098009368567e-01 5.205351177137345076e-01 4.833778981710519784e-01 4.506697571516533052e-01
3.623155454957497912e-01 2.980951252635176685e-01 2.183873491140298773e-01 4.213164250832051039e-01 3.710117704017212303e-01 1.663186763253127476e-01
6.290537441358022841e-01 4.315772384315906818e-01 4.916641977432388844e-01 5.985792730934917927e-01 6.340278536156099820e-01 2.652057636343558844e-01
9.740028969871704634e-01 9.591901582348130173e-01 9.520021998374238459e-01 9.730412387289106846e-01 9.740696772924011260e-01 9.202441388322299964e-01
3.054711723783113952e-01 2.952305843490954373e-01 3.125845948620701864e-01 3.063229077961295843e-01 3.057587340033250389e-01 3.116861370808873821e-01
3.675809946802700567e-01 3.673949882638088971e-01 2.923125823437871529e-01 3.604335132986307144e-01 3.856150371138303279e-01 2.608556666627969700e-01
5.721265967007744813e-01 5.110639775212761915e-01 4.471035350549047438e-01 5.281084503512829542e-01 5.279562108556464795e-01 4.066909008746097398e-01
2.072808620533233559e-01 2.176845334951494348e-01 1.850710404512643237e-01 3.248237711377441883e-01 1.745213682245453646e-01 2.077686009569032766e-01
6.277990068082446307e-01 5.663110820373589149e-01 6.522930496774711484e-01 5.290999403223395348e-01 6.578491138095259316e-01 5.839802962711458933e-01
9.350219514007837018e-01 8.984139678364932990e-01 9.136065808075314321e-01 9.255868953187018633e-01 9.345508919130380843e-01 8.797431390591663458e-01
9.122534195373772636e-01 9.305735433054368455e-01 8.690437479383060770e-01 9.353855368681252003e-01 9.093479294681673375e-01 8.817139045880983961e-01
5.822980561203113803e-01 6.153621406840180663e-01 4.196732345689128674e-01 5.732353164348751307e-01 5.666375864704189524e-01 4.765252460692335768e-01
4.444005836162953638e-01 5.827428991460191776e-01 3.596495239120433562e-01 5.019709344487637281e-01 4.520443657206670296e-01 4.910502483127139883e-01
3.972534782248020035e-01 4.319390843331383789e-01 5.168442760053699736e-01 2.730736092198640108e-01 3.431873505358799537e-01 5.671924967002733853e-01
4.738120634735080716e-01 5.499820328358006050e-01 6.784297600800112127e-01 4.811250269412994385e-01 4.666732889000505535e-01 7.085214828641690499e-01
1.567325529316747068e-01 5.089166421988912115e-01 4.695844856889740959e-01 4.060145961120724678e-01 9.647612813417952293e-02 6.218082739199544129e-01
6.126036896820776789e-01 5.160198600986705131e-01 6.197791953906763851e-01 6.094662775285542011e-01 6.211914310000811179e-01 5.701995995469668621e-01
2.394053777677997985e-01 2.575422025965396489e-01 1.555864496269733777e-01 3.961091081146150827e-01 2.271536942724420860e-01 2.059522823228276678e-01
7.200109088796696755e-01 8.285898981097219451e-01 5.233952451873141731e-01 8.213494052179157734e-01 7.088942839798473283e-01 6.938840325754830340e-01
4.253112150440272604e-02 1.181321656290694327e-01 1.182799791644348064e-01 4.483247641474008560e-02 5.718176908349163756e-02 1.706866396042595879e-01
2.943868623789479000e-01 2.523261594089964976e-01 3.552425494436907139e-01 4.362446868326514959e-01 3.944585050793782410e-01 2.559124914471114232e-01
9.714712197478080347e-01 9.747992602127976136e-01 9.725923851580405843e-01 9.701806090306490660e-01 9.700053303889969447e-01 9.751319970625724753e-01
2.464092519645845816e-02 7.611522396005243607e-02 4.223992992092103632e-02 5.221446719951927662e-02 3.244684205716297926e-02 8.267420792630503223e-02
2.684787782636021691e-01 2.559268211531821047e-01 5.016509728824679604e-01 1.506740148179233074e-01 2.877208896631531232e-01 5.143127111712543220e-01
1.111002571831871122e-01 2.180147888692767488e-01 2.448640490263200575e-01 7.676263386383652687e-02 1.264835726347413869e-01 3.087665187235977826e-01
8.137417758519982502e-01 7.963197847115158767e-01 6.594009830931267802e-01 8.108809555415064096e-01 7.872996883657651379e-01 6.399486879119725691e-01
5.514927002946808932e-01 4.667648307847542810e-01 5.863328546149112475e-01 2.766819442622363567e-01 5.329944245096233102e-01 5.338598150831972422e-01
6.337172919701143936e-01 6.874446843701677023e-01 7.440273079789886390e-01 5.816283847671002150e-01 6.276104638398271041e-01 7.670732054911039155e-01
6.649181022535719521e-01 6.915407984481947157e-01 6.421984114744387906e-01 6.244414304383099079e-01 6.527651235792177875e-01 6.677611667781520044e-01
3.648185454381749904e-01 1.441341923552615645e-01 3.688923299821963986e-01 3.505450028460472822e-01 3.386339004860655089e-01 2.795358824267816789e-01
5.871038889920139336e-01 6.224917764981239277e-01 8.418944612815135731e-01 5.160866025835275650e-01 6.990399660461418252e-01 8.328268915224953384e-01
8.608658685697271329e-01 8.953634510258392520e-01 9.006728349307765447e-01 8.438979838974773884e-01 8.613987525788445732e-01 9.139356588512810298e-01
6.716899887264420332e-01 3.219908076413218190e-01 8.356464146850226538e-01 6.233350159600377083e-01 6.398148938701369026e-01 8.052156384455035898e-01
5.675329918081314373e-01 4.541914693966697114e-01 5.622937201837635568e-01 4.605349963530898094e-01 5.273250046463324736e-01 4.934818200284014633e-01
4.578540650150587643e-01 3.193072321261017366e-01 5.254208505458837219e-01 4.967139689251780510e-01 4.173009170155816405e-01 5.401713298838247690e-01
5.397955589885891636e-02 1.099311407834390741e-01 1.171081421374795956e-01 1.717456369660794735e-01 8.115328066721633204e-02 1.443072267426016297e-01
2.642151807142915088e-01 1.449453245516263977e-01 1.516394764784031179e-01 2.364543252624571323e-01 2.284630758729933320e-01 1.243884166974624367e-01
8.646309320848738489e-01 7.956283561152663886e-01 7.511669284250738210e-01 8.582616371568292379e-01 8.553472819535684613e-01 6.626051712232432500e-01
4.560766443714679430e-01 6.895687823603450228e-01 7.231860749771905628e-01 5.161516421940177679e-01 5.573810403739501984e-01 7.634590368587841347e-01
3.462738332555923004e-01 2.293216882000545520e-01 1.649977153130072760e-01 1.508960020728409290e-01 3.527716169050642003e-01 6.440835653553302065e-02
3.595273627051117638e-01 4.836542855159944310e-01 3.880630024785913235e-01 4.742283185478299856e-01 4.598842539417044573e-01 4.188242742746171587e-01
7.019470771544393806e-01 7.675934871994883890e-01 4.737440394570309188e-01 7.797142069321125746e-01 6.374491401769466492e-01 6.861494455057988162e-01
9.334427817948853789e-01 9.084344592324213874e-01 9.268172275707921015e-01 9.046018200460821390e-01 9.326853115177436981e-01 9.057781357250878074e-01
7.363647686531008540e-01 8.458288282194285079e-01 4.963330475655496343e-01 7.145662209950387478e-01 7.317852247110064878e-01 7.371456630776966890e-01
7.088388527932774075e-01 6.316461340518519929e-01 7.486892931208442015e-01 5.377413155511021614e-01 7.049274023178605519e-01 7.046522641434987966e-01
5.362931688003264030e-01 4.608169445595570179e-01 5.301747577629899455e-01 5.086534090805798769e-01 4.871647957237322246e-01 4.854383791270670545e-01
8.058816427257130544e-01 5.101376853717098925e-01 7.752282985259262293e-01 6.328659043647348881e-01 8.067582688514962630e-01 5.240067144789067877e-01
9.298631101297659685e-01 9.486912325016438885e-01 9.137186329878328461e-01 9.525960437022149563e-01 9.487674516139945613e-01 9.161496562372721808e-01
5.868289560342715427e-01 4.128049946262560832e-01 8.574232131196727336e-01 6.257929499261081219e-01 6.483010522912816542e-01 8.203079967650892534e-01
5.046915983218956958e-01 5.240546299113525430e-01 7.385497488260681642e-01 3.831366656813770533e-01 4.273925651320407693e-01 7.466202213615836802e-01
5.688841303516959380e-01 7.460450116791490505e-01 1.801311060810306675e-01 6.885752680245786905e-01 5.451140481566966178e-01 5.015918589449597231e-01
5.105798482878786543e-02 1.045272330466773814e-01 5.048130955929340524e-02 6.836109166033565998e-02 3.754538010491308836e-02 1.048948210269986386e-01
1.683211100435351437e-01 2.594773915377245332e-01 2.008386746845392257e-01 3.994765854440629482e-02 1.316708187612316561e-01 2.891396951816239680e-01
8.317701234117115261e-01 3.572484778039783926e-01 8.485109829218105970e-01 7.625758235808461905e-01 8.421888229086852418e-01 6.553771011109549294e-01
9.224561900350466415e-01 9.514246386401290501e-01 9.157926742138480236e-01 9.425992583855986595e-01 9.193514022644253547e-01 9.411328905319797933e-01
7.155473087825894862e-02 2.039176098803839321e-01 9.609761150290928311e-02 1.297332849353551865e-01 4.474729601480575275e-02 2.122534282430696695e-01
9.851925184664815927e-01 8.036734239605460850e-01 9.887600939369567410e-01 9.182228073477745056e-01 9.849757624535098177e-01 9.681854205206735786e-01
1.526135005498133468e-01 4.820610591182742377e-01 4.207413945653400433e-01 3.521874703001230955e-01 1.367656920673807619e-01 6.035691805274183697e-01
7.677842812151378649e-01 8.233150339859485189e-01 8.347649189018760962e-01 7.612613069359213114e-01 8.072741717329877664e-01 8.436548050477211680e-01
8.418614008051915620e-01 7.662051542817950311e-01 8.068886593415655062e-01 8.097975859418511391e-01 8.376530789281046996e-01 7.558438201411902257e-01
4.220324197213949913e-01 4.379423758335441730e-01 2.602115283190946649e-01 4.410850247368216515e-01 3.999983203374467000e-01 2.833157896046437640e-01
6.307964589138862488e-01 6.518815567051975401e-01 5.662759015031904042e-01 6.088986294344067574e-01 6.207674402576562889e-01 5.939857759893902855e-01
8.335402191798667593e-01 8.503436647277923255e-01 8.596427467020092417e-01 8.272374738007783890e-01 8.596230217130450546e-01 8.480475611096677246e-01
4.003975928169042353e-01 5.911533445850319923e-01 4.754206315006926364e-01 4.646723570767790079e-01 4.926821042572732123e-01 5.694262301933474824e-01
2.165438734176877988e-01 2.781848541326134572e-01 2.194883268292875944e-01 2.671771743334829807e-01 1.551319299542192887e-01 3.155001622167972197e-01
5.947619131344130672e-01 5.536625856011848645e-01 5.711283884837823344e-01 6.252852308098226786e-01 5.553317403054659485e-01 5.233700015825378804e-01
7.194632848437610972e-01 6.395667145934599285e-01 8.171983970139694575e-01 6.085005041677504778e-01 7.134250729083223552e-01 7.998497172167398084e-01
2.089293809863309870e-01 4.895935056481597880e-01 1.185069464124257899e-01 4.880327454302459955e-01 3.308730142244882821e-01 2.878985818582832645e-01
8.271446970438288693e-01 6.372010419700321338e-01 8.846923921893252718e-01 5.752035928890109062e-01 8.281022816287795241e-01 8.423686709281033025e-01
4.765254309852433590e-01 3.432152193225778691e-01 5.329323223571300616e-01 4.439134644344449043e-01 5.039402830427855973e-01 4.236139684768073788e-01
4.066402291588210871e-01 3.297875655937653194e-01 1.707333776063532371e-01 3.761367083061486483e-01 3.970114111905577170e-01 1.203470204048442960e-01
7.926651343659049109e-01 7.921467189965033517e-01 7.229540930158835366e-01 8.091257438063621521e-01 7.765012241337369003e-01 7.414912480686070007e-01
6.309569298230341960e-01 3.986566747793805487e-01 6.014051527437512812e-01 5.967136260587722063e-01 6.596563379164529506e-01 3.997716204950966801e-01
8.045468788430027995e-01 8.421235507321331859e-01 7.620803139021137262e-01 8.304723217152059078e-01 8.020770341246719060e-01 7.995443486004535361e-01
8.580129030736709517e-01 8.719992822089627227e-01 8.215601771073848258e-01 7.935771115589886904e-01 8.534872063996740144e-01 8.436851339718230980e-01
4.734055199373821132e-02 5.147696242291952690e-02 4.906763564264901567e-02 7.548655383288860321e-03 2.904447334398460243e-02 6.710515304022086902e-02
2.078725737895838199e-01 8.407156388614944742e-02 3.583794700790848275e-01 1.351024864707142115e-01 2.340623919125533192e-01 2.362106710171156254e-01
3.786996304969321714e-01 2.420823068865380068e-01 4.247525113427922938e-01 2.293802672065794468e-01 3.490375083631132025e-01 3.473396092573791116e-01
1.014698682642738298e-01 1.945821702476638604e-01 1.129700041037665914e-01 1.652045454829931259e-01 1.006037090769962561e-01 2.098394403421689480e-01
6.331229366898629696e-01 7.921755282292826106e-01 6.383327828129906623e-01 6.212104537989944220e-01 5.629227053678681481e-01 7.873568588659789480e-01
9.251190214258341316e-01 9.334433285686439818e-01 9.478048491678651155e-01 9.238766748458147049e-01 9.238275384977882032e-01 9.520884345904574442e-01
7.860604560167055999e-01 8.295973584056300920e-01 9.068532616972050375e-01 8.310086773708462715e-01 8.184718614740731368e-01 9.099982682017505597e-01
4.601761104612839964e-02 6.029348683659257330e-02 7.692897163732755061e-02 3.272326616570353508e-02 3.149759764040127585e-02 8.918195203602115317e-02
1.668331456470024954e-01 1.771597214342792992e-01 2.750431515711903585e-01 6.097134342417120934e-02 1.928714974541265725e-01 2.715416911508027886e-01
4.574891817818563799e-01 2.613529548587162910e-01 6.196649586053594172e-01 1.871984945610165596e-01 5.064332467308457764e-01 5.119623442239960021e-01
5.585058215713856189e-02 1.060779175321844986e-01 4.998371945072147687e-02 4.633541638031601906e-02 5.704471786402939837e-02 8.120522235833881053e-02
1.286733200446484870e-01 5.543201475666590383e-01 5.221475188247662880e-01 4.098540910053998232e-01 2.637163784788364440e-01 6.517804084421459088e-01
1.909935893572066445e-01 1.513215040576022519e-01 1.294781019609163308e-01 1.919966230634599924e-01 1.197901615925892754e-01 1.078420570456165850e-01
2.139921223035502751e-01 1.114913212647029861e-02 2.302359235600810461e-01 8.015378052368760109e-02 2.100417718835962400e-01 3.760518500169215961e-02
7.213472341619915629e-02 6.957928157767623301e-02 5.307341912196884837e-02 1.003385388758033514e-01 8.819326855105527607e-02 4.439434190727935270e-02
2.521920598474814978e-01 1.699684610701762688e-01 1.253261826071418172e-01 4.492898241151124239e-01 2.730933367355337094e-01 8.231603298810453995e-02
7.367389981594549830e-01 6.707237974039744755e-01 7.295257151536209683e-01 6.792136414442211390e-01 7.374573716268696399e-01 6.908363979904891261e-01
3.059074043250369079e-02 9.335572597361660452e-02 8.350973935457783881e-02 5.026158015243709087e-02 4.080212837818527477e-02 1.294343805117449953e-01
3.907734851013376642e-02 3.354667093725937493e-02 1.271707245606120973e-01 2.341863862238824368e-02 4.400619491026314806e-02 1.190244841550055083e-01
8.570174540394964735e-03 4.488038851215858833e-03 1.058002253017502683e-02 2.942529041320085526e-02 1.437791541643799326e-02 4.566513509850760912e-03
3.494151873458944957e-01 6.784027247089110535e-01 6.498467420473807987e-01 6.879838216118514538e-01 2.838801014147247503e-01 7.668831835550570242e-01
1.162713773047835755e-02 6.829332100337841271e-02 2.196256523348577919e-02 7.767718425020575523e-02 1.170007511654771494e-02 7.106372365501754940e-02
8.712703721273092061e-02 3.153301345495067992e-02 6.838798606131606117e-02 2.746886271052062511e-02 8.236315090793494553e-02 2.829246808837002775e-02
7.539883908879492225e-01 6.273563087356288648e-01 7.098922530911049300e-01 6.374772351700812578e-01 7.413377368881103324e-01 6.000186675472866105e-01
5.129174099517823660e-01 4.539529408088359697e-01 5.869353128197929426e-01 4.257118545938283205e-01 5.268473460032575550e-01 5.497358657654953795e-01
6.923173854892143986e-01 4.383056460396028697e-01 7.091854712359164647e-01 4.603603801224380732e-01 6.988443645909140356e-01 5.651819599159823015e-01
8.866941247667640136e-01 8.844777635298810559e-01 7.700819542723109645e-01 8.995153754949569702e-01 8.939654207589273760e-01 7.523794244755979133e-01
1.526609678150908089e-01 6.274658716327582986e-02 1.386517656147377708e-01 1.272709202021360397e-01 1.440250789125391007e-01 7.395895156659228198e-02
8.214868189838663015e-02 1.524303348585906714e-01 5.177011762094207992e-02 9.227232518605887890e-02 5.756293539476588228e-02 1.095824318063256669e-01
1.109498974867118848e-01 9.060965175869582777e-02 2.769955023455139553e-01 2.507056226022541523e-01 1.437935161001374917e-01 2.491286693095858262e-01
1.401343095516160431e-01 1.624060788593212901e-01 1.662951605462541504e-01 9.980778652243316174e-02 1.835052836276216681e-01 1.527618289568994647e-01
6.738327435465498727e-01 4.903568254249359160e-01 7.826427541205400740e-01 5.535677226725965738e-01 6.336035439001328484e-01 7.358365504811578139e-01
9.189039171863101485e-01 9.093615971628719041e-01 9.363481364378845040e-01 9.225691128522157669e-01 9.085929085354348400e-01 9.411327999003276101e-01
5.724882850202109852e-01 7.247851070419348840e-01 6.384012460427402891e-01 6.329391344916075468e-01 5.834001642616662986e-01 7.155073721475988524e-01
4.597655088196997974e-01 3.978489443963934558e-01 6.980646721835577218e-01 1.743688371498137712e-01 4.819555224979317209e-01 6.726350040934513386e-01
6.260336672219281029e-01 3.073785689009425615e-01 5.904949911574525201e-01 3.478175261989235878e-01 6.076192636406660963e-01 4.164743173076013161e-01
2.289442224048374164e-01 1.793048018454998782e-01 1.740217102503341384e-01 1.285074225161224604e-01 1.618675005481669538e-01 1.567839772270203380e-01
4.660496116223773466e-01 8.442753519385309824e-01 2.215297558428545310e-01 8.232717351056635380e-01 5.406888729251709824e-01 6.935898852679405202e-01
6.919536115102601359e-01 7.075301780970768561e-01 6.547325972838203834e-01 6.540915712248533964e-01 6.606626210016185441e-01 6.915774229242738214e-01
4.466591326042114174e-01 7.639648521239388312e-01 5.326664303998818184e-01 5.519794193096458912e-01 4.200365285636708523e-01 7.550164666738991004e-01
5.185267006619277419e-01 9.200031674037681406e-02 5.379016707949667575e-01 2.093229242600500584e-01 5.354933893706038672e-01 2.062522362348120919e-01
7.087065903990196203e-01 7.635245858372242678e-01 7.249772659292610388e-01 7.464817161671817303e-01 6.626201361007347801e-01 7.800999000406259043e-01
3.260213488962354633e-01 2.861819211586151823e-01 9.085278454702226669e-02 3.755280759651213884e-01 2.974251674877206875e-01 8.084574495178857567e-02
4.632526838282309267e-01 2.163391593436359561e-01 4.245057668686127994e-01 2.612164437305182219e-01 4.699606535164214116e-01 2.280871972295039907e-01
6.884693636102140468e-02 1.492120031497349772e-02 4.532133459026287808e-02 3.579011140391230583e-02 5.859543447068021188e-02 1.457232435530609292e-02
5.857725970436206131e-01 3.243113124579413142e-01 3.653179240350829526e-01 4.973603512626141310e-01 5.898135982354317797e-01 7.423058110367208862e-02
2.425841209556263145e-01 3.096953626395844705e-01 1.264802923822902769e-01 2.729657075833529234e-01 2.439361705907630296e-01 1.780380948651240081e-01
7.217066945005645717e-01 8.141098744388208797e-01 3.953973616260165191e-01 8.316904986277222633e-01 7.295212620265562053e-01 6.126800683423039295e-01
6.230729274684124741e-01 5.114668950284899651e-01 6.110560470614594397e-01 6.515210615471005440e-01 5.422652381678625400e-01 6.200421825975725998e-01
9.548631453162856886e-01 8.350709589603165783e-01 9.228873040366255553e-01 9.500950975343585014e-01 9.529772554392287320e-01 8.272836635894998958e-01
2.810631321309420838e-01 7.042166705735443122e-01 6.112275748061667402e-01 6.016469320748001337e-01 3.189182995975208823e-01 7.421000960701360505e-01
2.788142984139770353e-01 5.449997576779753716e-01 2.449821040943878370e-01 3.716595480218529701e-01 2.799867449874554604e-01 4.864341255720988633e-01
4.747042630079111314e-01 7.682281547935475574e-01 3.828405281927124149e-01 7.122579708229750395e-01 4.871053918015522122e-01 6.821822683754452665e-01
8.461914965120705956e-01 8.236035562058147130e-01 6.656248287780599515e-01 8.547983227763324976e-01 8.501389665289920128e-01 5.685375820985929529e-01
5.498811354753583291e-01 3.378428554929338024e-01 2.297015133783542606e-01 5.512478414457291365e-01 5.889744304393981222e-01 1.459521786731298940e-02
1.082054930667418757e-01 1.534237653222315922e-01 1.490742990622558328e-01 5.850585224106907845e-02 8.079149262030399514e-02 2.093296508049903581e-01
6.278481118945687944e-01 7.628478966790473992e-01 5.816084573860047513e-01 6.622145685832947493e-01 6.731022292370189009e-01 6.898131600987890133e-01
1.088018787431991458e-01 1.157727983574609182e-01 2.985496233733637289e-02 8.512296876870095730e-02 1.151950898229446851e-01 3.006582773850415349e-02
1.581328820612342978e-01 2.719109520707841954e-01 9.311853081281637468e-02 2.463261513039469719e-01 7.817867419012901331e-02 1.944062332120694847e-01
3.929592300121100834e-01 3.524176713626046009e-01 5.444410076586871927e-01 4.241087778937071562e-01 4.221363221670447752e-01 5.143707797116602309e-01
6.508741311790030570e-01 9.668673257313240565e-01 9.803334372116588868e-01 8.103068533819168806e-01 6.195001056898207237e-01 9.884082523150538035e-01
7.463245753129937876e-01 5.991444630693083528e-01 7.236953070970002511e-01 6.078855863306671381e-01 7.505963163940001515e-01 5.983561446746078483e-01
6.595248885849487319e-01 5.329125052570056198e-01 6.876715656622802708e-01 4.999779525678604841e-01 6.612730336938353881e-01 6.109765788991924351e-01
4.412910446656259089e-01 4.885021480632457114e-01 3.218333731665873887e-01 5.294391559436917305e-01 4.599416510904952848e-01 3.308262522431578145e-01
1.680713257227914870e-01 8.990584619225641672e-02 1.046645007471434935e-01 8.365250728093087673e-02 1.497832238181673048e-01 5.467630498495109487e-02
6.945638904534601199e-01 7.522120887298366920e-01 7.105076570798574132e-01 7.134703211486339569e-01 6.644430257081826996e-01 7.545594682586376223e-01
3.214284233417450277e-03 3.860053264552545937e-02 2.630632503105620901e-03 1.647052448242902756e-02 3.297657647024858883e-03 2.775004226718752812e-02
1.230042865874813630e-02 4.535923516338571243e-02 2.713328312521115504e-02 4.971396247856318951e-02 1.847623263508952132e-02 5.041897300827799522e-02
9.544868794875244200e-01 9.521576038217977045e-01 9.652274600989235731e-01 9.737365031614899635e-01 9.477493387489861476e-01 9.638158638544638279e-01
4.176310996994297420e-01 4.719594394892854261e-01 1.795173591183982786e-01 4.803707753308117390e-01 4.811904446926962842e-01 1.741553972985331045e-01
4.885129242592231580e-01 1.923209656936142320e-01 6.164357498902544030e-01 1.516262951772660017e-01 5.207415463261245714e-01 4.268312947747855413e-01
1.434255647085527774e-01 3.024821676048668473e-01 3.308249694710947708e-02 2.524906597100198269e-01 1.709161050889327071e-01 1.192791786521648217e-01
2.918458151486950092e-01 3.095638711702290435e-01 4.673047884061259372e-01 3.402286015916615725e-01 2.281502323170213065e-01 4.712679634401860107e-01
7.431521524487256780e-01 7.336497248153777129e-01 6.848957402351909529e-01 7.334728671703487635e-01 7.292629195026781863e-01 6.779156873371413594e-01
8.128237823235269222e-01 7.363704000920328063e-01 7.936165216387287558e-01 7.085150254424661398e-01 8.104475705490457038e-01 7.407258356935266796e-01
4.496028488895501551e-01 1.047533790193956454e-01 5.305729204048803549e-01 1.649751430377364159e-01 4.209428249177846193e-01 3.549188598341132539e-01
3.495933170848427585e-01 6.803458899765911783e-01 3.854248969214947862e-01 3.606813265942037106e-01 3.817971283874571076e-01 6.560750801609129823e-01
9.637522723412863535e-01 9.511394162477122549e-01 9.677263739202152104e-01 9.540302644018083811e-01 9.628970277462798322e-01 9.583761675403212887e-01
9.957438107729953414e-01 9.972924527682515139e-01 9.942332397459217042e-01 9.967372205574065447e-01 9.959017204598916706e-01 9.960943583139031388e-01
8.464794050810499071e-01 8.138581090224731307e-01 4.092190651060439999e-01 8.063303926028311253e-01 8.540860729516575045e-01 1.202784399077519023e-01
8.532679886965174321e-01 3.008993451631304938e-01 8.697493725294066502e-01 8.363043980207294226e-01 8.713185249663316645e-01 6.744425453255473712e-01
8.370709032276578698e-01 7.723015332433120772e-01 8.225170036722158073e-01 8.287893033120781183e-01 8.368813305237242650e-01 7.761980014634903835e-01
1.872977525752522188e-01 3.649336396845611619e-01 3.223707161963504930e-01 2.819417745340615511e-01 1.460202091881954989e-01 4.641793040043010188e-01
6.934231702802783337e-01 6.202924179786138970e-01 7.099646874877375557e-01 6.049454649910330772e-01 6.842811781511975999e-01 6.681251538040848814e-01
3.001197101210941603e-02 1.197388155863386289e-01 8.809956091643063314e-02 1.944976672530174255e-02 2.863300720866747071e-02 1.646055771763918485e-01
2.067764013183957528e-01 4.597764186622049221e-01 4.501016964331173709e-01 2.821939173154532909e-01 2.674186422475450797e-01 5.604263540552804068e-01
3.666338942967665715e-01 3.687860429319384514e-01 4.329831138820372516e-01 3.545438102446496487e-01 3.340823779483840239e-01 4.479746487984122560e-01
9.164020730823120575e-02 3.572995710916233025e-01 1.116520448525418555e-02 3.735727630555629730e-01 1.100083356757186048e-01 9.053426430501576583e-02
3.675738328656447673e-01 3.115556959029915363e-01 4.529666466069559028e-01 3.489870994817465544e-01 3.738452355621505463e-01 4.071349597869620141e-01
2.904622629203820194e-01 2.958762462562951612e-01 2.953700485953725252e-01 3.445439743809401989e-01 2.803994122936956934e-01 3.054958786869302889e-01
8.562332880290249304e-02 2.533397604617400670e-02 1.448888458124579781e-01 4.761599260382354259e-02 1.211761023393937431e-01 5.528691302501682198e-02
4.870709771717979253e-01 5.263100470340571491e-01 5.476318600843750328e-01 5.423835618421435356e-01 5.478979036278247561e-01 5.219245717414119357e-01
4.854053480520460484e-01 4.852279677090280963e-01 4.325796504234199480e-01 3.757047497201710939e-01 4.908244608844001822e-01 4.188974261131784838e-01
5.469665882811746149e-01 6.610983728233487122e-01 2.279449408758346396e-01 5.492848083376884460e-01 5.217118951418533435e-01 4.645837044383867576e-01
8.464247469597155904e-01 8.039406342897577051e-01 8.436613589194670304e-01 8.734808103181421757e-01 8.564167020214670245e-01 7.982449434105706176e-01
7.355192435289853448e-01 7.487539010246268001e-01 4.518302050783765123e-01 7.526213547680526972e-01 7.420010799783091082e-01 4.551874813063969127e-01
1.154825502723699215e-01 3.346166757648809109e-01 5.728292741130063676e-02 4.333584003616124392e-01 8.472043908457800587e-02 1.820092885982252939e-01
1.921257725191488283e-02 3.863034602835003356e-02 5.064575754950372682e-02 4.098877403885126114e-02 2.513275234756509602e-02 6.987173643077504437e-02
9.788656129624118130e-01 9.771576261976986366e-01 9.333745103897534978e-01 9.873933403287082911e-01 9.806315062768441448e-01 9.367336116734277240e-01
7.782491869607807145e-01 6.130249661830593499e-01 7.025897155742756306e-01 6.955299922265112400e-01 7.879658371769486802e-01 5.302665656150812312e-01
9.582004519199605053e-01 9.487861188896898890e-01 9.399715030737909593e-01 9.512886432930827141e-01 9.612341852674938236e-01 9.176813309210793967e-01
5.528333257023786418e-01 4.666043595182185477e-01 4.444015397866927231e-01 5.503011811524629593e-01 5.769503740528709734e-01 3.529144050874760130e-01
8.300566815592278491e-01 6.834616145415370880e-01 7.351856229087994077e-01 7.889050333760678768e-01 8.377908021845904551e-01 5.042486412566249410e-01
5.243666331840178829e-01 6.530461689944671022e-01 4.440757053803805476e-01 6.101575403008610010e-01 5.047893054888550335e-01 5.835460677160682064e-01
8.223634847297262018e-01 9.344169025866203571e-01 9.265354643226162423e-01 9.323576304595917463e-01 8.746320493710540989e-01 9.489013051621350003e-01
7.759837084010162700e-01 8.091319134551627767e-01 8.205086052881034320e-01 8.041585530154407024e-01 7.968377056348550092e-01 8.273420471317163294e-01
7.948308855953446495e-01 7.115383869054573429e-01 5.127241759789153974e-01 8.049939945340156555e-01 7.970239923525971326e-01 3.781652349749616282e-01
3.116255690069481554e-01 1.144507255735512236e-01 2.704632237444107856e-01 3.200629616621881723e-01 3.176971587442042333e-01 1.432895940631408183e-01
5.794693938334043448e-01 6.197924282133988605e-01 6.333599443104771520e-01 5.925943492911756039e-01 6.251420615645124634e-01 6.374799875015585426e-01
1.693824289384947002e-01 2.599447220958199800e-01 2.611248152504310749e-01 1.998764516320079565e-01 1.803879322752820757e-01 3.189192450822496694e-01
5.478896783446154384e-01 6.339578256773286125e-01 5.274716682069804374e-01 5.102331878151744604e-01 5.407592814374512225e-01 6.061079181346832323e-01
5.260136900631716683e-01 7.015404646336594885e-01 3.624861660278969056e-01 6.346831405535340309e-01 5.941520617935417414e-01 5.400293044040589407e-01
6.031270133671703393e-01 6.921526541475592209e-01 2.989011036998269200e-01 6.847906394395977259e-01 5.780305953353737092e-01 4.882961945236417023e-01
3.392388495257613323e-01 4.009778693486362733e-01 5.072244559957194143e-01 5.182891918811947107e-01 4.211773589659786321e-01 5.189793286098772773e-01
1.663837912271456942e-01 2.790168995177118583e-01 4.775480871906868097e-01 1.950977635569870472e-01 1.633709596624320082e-01 5.235047761430480229e-01
2.629581129682640947e-02 1.626284151619269850e-03 5.922231094976785487e-02 2.789221401326358318e-02 2.639562389110593904e-02 1.570038571112243944e-02
9.975766485128143568e-01 9.975398375236402826e-01 9.982615589562238156e-01 9.947053811047226191e-01 9.974614479923125110e-01 9.982795550460855649e-01
6.198557621852263111e-01 6.780005823087916772e-01 5.040621120300821101e-01 6.767381008248776197e-01 6.149875990375500701e-01 5.827221632083809943e-01
6.737079414511117914e-01 5.564214021639295460e-01 6.099565261650409242e-01 6.794672145042568445e-01 6.663181612426954947e-01 5.549031558785919582e-01
8.772542060793010466e-01 9.266529713114048938e-01 9.089901825835510207e-01 8.856684321071952581e-01 8.641929357677889945e-01 9.354498866676891344e-01
8.489994386384324132e-01 8.647805684159284301e-01 7.631571944936422769e-01 9.034006753936409950e-01 8.805969097929949863e-01 7.315591784520242280e-01
8.638980892683790769e-01 9.180124688211797057e-01 9.362354833344088689e-01 8.882790843490511179e-01 8.738600503214264403e-01 9.453893549260087292e-01
7.459747971778665221e-01 4.387597294046809426e-01 6.199365497829618654e-01 6.142946297768503428e-01 7.447203831791162632e-01 2.150434840886628618e-01
4.372655772367715910e-02 2.592778897919465961e-02 4.520982989337395119e-02 4.134850692935287952e-02 5.041413806488766192e-02 2.151180806850300914e-02
6.213642038375611909e-01 8.273583378129900634e-01 7.735485632554082169e-01 8.057100700680166483e-01 6.508196778172530284e-01 8.582886788076130591e-01
9.643997232253198604e-01 9.534071756520615670e-01 9.624792900457300737e-01 9.600155542138963938e-01 9.580065894386148306e-01 9.585495142732688434e-01
9.623077517456637420e-01 9.416580916409043045e-01 9.619911218514818341e-01 9.628602329175919294e-01 9.654700566106544368e-01 9.417895758577417009e-01
1.576068897818951875e-01 4.938601454829111836e-01 6.486004821252481234e-01 2.140992549248039722e-01 9.162162188207519098e-02 7.607651803713423311e-01
1.055039364738063895e-01 8.502746079766378140e-02 2.308209388858580569e-01 3.883411549031734467e-02 1.035540483631768038e-01 2.407224320979150789e-01
8.093031404935644435e-01 7.447716555237360314e-01 8.165205015494929608e-01 5.899333881679922342e-01 7.976886708832111594e-01 7.743767021901669656e-01
9.815105804049720772e-01 9.814647751168583678e-01 9.778121212925486860e-01 9.814837696030735970e-01 9.818829030483895437e-01 9.777012147425296895e-01
9.979015950238629973e-01 9.989381951862725817e-01 9.965760885870452723e-01 9.985177391208708286e-01 9.980884389610611418e-01 9.982008921755792796e-01
6.052462842970670609e-01 4.650328244533236122e-01 6.700339126995936700e-01 4.238602626137435436e-01 6.451259917257724519e-01 5.622589272155170681e-01
2.869375900027276022e-02 3.466011691137539739e-03 5.952046701863928507e-02 1.275686640292406082e-02 2.022235986765700752e-02 3.327605379135198382e-02
9.897907557811438384e-01 9.847700580475873267e-01 9.883732174105273049e-01 9.832451834809035063e-01 9.902305733834869672e-01 9.828076382407912037e-01
6.061747725062892611e-01 7.517495496807987676e-01 6.622349096350658160e-01 7.429195346776396036e-01 6.088321963232432577e-01 7.440894849206843853e-01
1.661195927123866600e-01 1.898717498248132241e-01 3.733601604324415790e-01 1.363095941487699747e-01 1.746866160250575284e-01 4.036523901279203130e-01
7.590973924541055684e-02 9.387338982356256689e-02 8.878768635768602424e-02 6.121554644778370857e-02 7.230229215261008147e-02 1.078981074028370485e-01
5.882199306862383459e-01 6.527684618053680721e-01 7.108832392592984162e-01 6.086177646648138762e-01 6.334230283546848916e-01 7.213698570709953239e-01
7.103588330366237269e-01 4.927929296173530482e-01 5.159722896973325534e-01 5.488539731595665216e-01 7.143120322497491514e-01 1.213392391825088845e-01
4.510517872202745582e-01 5.487554739361504286e-01 2.472104554763472350e-01 5.344562770333141088e-01 4.784180199049301030e-01 3.430319783578856807e-01
5.114675208291392661e-01 5.400869974705019283e-01 7.104881989498669226e-01 3.964530883822590113e-01 5.300467725542008512e-01 7.195595261316271030e-01
5.492936408388081615e-01 4.977550317997763707e-01 5.164773697333198132e-01 4.848590500187128782e-01 5.361046345993407680e-01 4.832080622211031296e-01
4.296607709010219489e-02 7.187399763793814178e-02 7.772696058404270081e-02 3.672012570314109325e-02 4.109530014377647117e-02 9.640968870878965924e-02
8.687660608446541310e-01 8.529723858303105422e-01 8.003854127877806368e-01 9.184783566743135452e-01 8.867387717588350871e-01 7.301835894010517691e-01
6.330919982192231288e-01 6.698478998395327455e-01 6.972724349335714944e-01 6.497668949887156487e-01 6.507995974565337072e-01 6.995461745602494785e-01
3.366975496037213356e-01 3.771279824849527174e-01 1.402120016364301613e-01 4.173192891757935286e-01 3.037151031909628984e-01 1.919899488711439839e-01
5.102719754229402271e-01 7.809677644345028868e-01 7.295756244193970508e-01 5.443731031846255064e-01 4.793123398734636664e-01 8.348544037254084227e-01
9.075501897525750650e-01 7.503721267121090666e-01 8.801754344406718111e-01 8.477103423792868853e-01 9.020073618222930190e-01 7.315145618797185278e-01
6.877873949369974760e-01 6.008552225313386064e-01 5.922469909963605783e-01 7.253710981458425522e-01 6.902388650615761678e-01 5.082363960281626181e-01
9.486312178362753256e-02 1.588098550679305498e-01 1.550078692410158665e-01 1.441179092507809401e-01 8.108160616916593177e-02 2.285663609820115794e-01
6.571533638424166268e-01 6.435431187986309087e-01 6.756354813479994448e-01 6.680454211309552193e-01 6.725196122252897757e-01 6.674825025345875185e-01
3.275762703604506720e-01 4.934780608775325428e-01 5.788755696598001377e-01 4.752692338079214096e-01 4.184309570581482562e-01 6.164568137477878240e-01
7.957068364379797920e-01 5.661986678990298394e-01 6.954152752383226943e-01 8.520169872790575027e-01 8.121935219910739745e-01 4.164903644317718423e-01
8.169980528941663822e-01 5.190494142369755926e-01 8.363048497475432663e-01 7.369138270150870085e-01 8.246347295150712187e-01 7.083889340971192272e-01
9.210759582386826017e-01 8.754763529240527919e-01 8.949055174382679612e-01 9.000887330621480942e-01 9.222911654778969126e-01 8.482437103876269147e-01
3.078222509574287669e-01 1.850611160991842141e-01 2.963326115978362485e-01 3.717853876296430826e-01 2.591760194856959632e-01 2.073653599332554998e-01
3.112977756239051486e-01 5.202491573705235739e-01 5.848317474916944203e-01 5.590635014232248068e-01 4.580567282387134620e-01 6.134397247857680258e-01
2.225639425555002715e-01 1.529900917821773731e-01 2.671093994978357422e-01 1.538663320243358612e-01 2.154974621275503044e-01 2.097430393854879394e-01
1.535501305961515725e-02 2.119054929056848370e-03 1.083845830513617201e-02 2.761482959613204002e-03 1.392867297937566348e-02 1.629926228094791176e-03
1.888287478319011226e-01 4.205022923713769845e-01 5.406117563633665579e-01 1.118251802399754524e-01 2.103516210463735325e-01 6.221123536247304964e-01
3.065022096959911790e-01 6.560222047217699748e-01 4.098455135625464485e-02 7.132383289281278849e-01 4.292186867433672171e-01 2.837506072860558892e-01
1.178331831068216845e-01 1.906686833457635899e-01 2.849290422665430866e-01 1.753277932293713093e-01 2.042425277651256088e-01 2.823581148819795383e-01
1.331122341256383013e-01 9.892374253540971163e-02 2.430398534903822558e-02 1.254748324863612652e-01 1.194245868924508763e-01 1.721006820242786117e-02
6.572419536366980175e-01 3.080472190197998672e-01 7.223863635369334180e-01 7.148948912508785725e-01 7.307381593426961475e-01 5.015621304231659972e-01
4.174068469489860544e-01 3.779426273361337629e-01 4.529902729560500996e-01 3.540305113419890404e-01 3.682732933658229846e-01 4.381881109924705697e-01
7.649625883847605001e-01 7.373972812094773399e-01 8.529788466076911879e-01 7.393201345112174749e-01 7.697968196347775294e-01 8.453455716797593222e-01
1.823109431825054583e-01 2.679349917277387139e-01 1.083979523747458928e-01 1.795930012594908476e-01 1.822431378485651621e-01 1.926496246945798019e-01
7.208595080188651139e-01 6.959389210240347623e-01 6.896879915362865709e-01 7.195213993545621634e-01 7.162005717758976875e-01 6.894153008726885412e-01
8.480665134085427215e-02 3.813748390147237988e-01 6.066060876620497089e-01 2.328250610735267401e-01 1.899970193930026752e-01 6.609056200074474585e-01
2.215706270292527036e-01 2.783287593617807532e-01 1.790008424867256809e-01 2.703233128413558006e-01 2.289743955262003028e-01 2.015344875495529708e-01
3.983900978349290134e-01 4.700928420541068409e-01 3.506993862559077413e-01 4.193008434958755970e-01 3.878936409328893609e-01 4.219237307722700780e-01
4.288093372808676751e-01 4.417589444870578252e-01 4.897538769187678720e-01 3.231966462917625904e-01 4.618085622873804863e-01 4.739244853331833762e-01
2.797933136650053720e-01 4.567713766574853507e-01 2.805128892661302165e-01 3.620928055606782436e-01 2.699020143436922092e-01 4.316048299816503953e-01
1.998892175872395427e-01 1.390587280082662414e-01 1.489748017047926587e-01 1.391574295703321695e-01 2.049679436150496359e-01 1.063673226348621215e-01
7.187717018542377767e-01 8.468863510519269999e-01 7.434138404152026425e-01 7.721027149818837643e-01 7.366078142322380895e-01 8.287611802743158895e-01
9.144784451631712274e-01 9.162251170209132489e-01 8.744767692427373174e-01 9.251456558704376221e-01 9.100557840213350236e-01 8.809799723453231035e-01
2.989285301944840101e-01 1.767403310756618662e-01 3.066944326005270338e-01 2.843554089777171612e-01 2.934051477946202913e-01 2.442097812799370049e-01
1.517094147601483201e-01 3.230056873120080163e-01 3.212089093100599091e-01 1.607769860420376062e-01 1.642414951630332132e-01 4.405445604319874198e-01
8.378313225045798118e-01 8.655568344349670040e-01 8.243013499608289330e-01 7.729920644778758287e-01 8.434639518904367694e-01 8.481345923127215913e-01
4.543899574723261892e-01 3.858932409697798938e-01 3.825690850979319158e-01 4.647190924733877182e-01 4.140933985597310962e-01 3.346583204827860425e-01
9.962905995091441147e-01 9.939394264768368625e-01 9.983261262664090419e-01 9.924345340114086866e-01 9.963866978016764353e-01 9.979893658883404184e-01
2.367256000621456580e-01 1.726963850787346377e-01 3.598734908646465391e-01 4.742060485295951366e-02 2.188250827924953790e-01 3.176979680801989003e-01
9.295118524977822316e-01 9.110501287904257950e-01 9.376518511011553425e-01 9.155952881556004286e-01 9.229187458611468609e-01 9.369847592088835775e-01
8.708263707113685914e-01 9.175410250418275515e-01 8.253083944692746199e-01 8.968999227508902550e-01 8.672056494920232783e-01 8.806012099420296169e-01
7.121394310610882142e-03 1.936498447325832664e-02 3.757171264574442338e-02 6.750209257006645203e-03 5.547550549718871168e-03 7.256311623840915048e-02
5.220638675416982011e-01 4.429602215496873385e-01 4.230023276992955772e-01 4.573701822664588690e-01 4.995966396102257678e-01 3.333749811277722519e-01
9.468935316091461329e-01 8.477217494456447122e-01 9.478533914601632304e-01 9.081402940209954977e-01 9.486618243467552780e-01 8.913753185977134619e-01
6.174917463217838298e-01 9.039395766229373075e-02 5.494300151071007665e-01 4.117164120543748140e-01 5.646846534474296853e-01 1.447990741152048733e-01
3.953123976979216470e-01 4.599532500992445372e-01 3.604363111238577111e-01 3.620538895484060049e-01 4.095691981118407266e-01 4.049168066052094561e-01
5.465978416941998791e-02 1.525156465142185613e-01 1.201512487600218809e-01 8.868681150488555431e-02 4.419425532424815783e-02 2.225232601890323181e-01
4.536268320782260166e-01 4.315200907962530863e-01 4.752439695676135556e-01 2.956967472564429045e-01 4.262240763614510985e-01 4.629349378995602504e-01
6.775690010436169475e-02 1.587832278407810271e-01 1.451911442121467943e-01 3.440336387138813734e-01 1.184608263022631780e-01 1.734183052334936359e-01
6.123472497618835664e-02 1.787320955306382839e-02 8.325306619623096260e-02 3.314572037197649479e-02 5.467959887492386539e-02 4.202341834456219116e-02
7.787800656587735570e-01 7.819214700760527270e-01 6.646947387270751850e-01 7.930665265303105116e-01 7.754204090961250850e-01 6.703170234785756909e-01
4.286974074752745167e-01 2.987964749096136408e-01 2.342111451231154717e-01 2.580284969881176949e-01 3.948079686682344214e-01 1.304986902895522716e-01
9.043994601732759930e-01 7.077617918086358539e-01 9.425048760303330608e-01 7.805198244750499725e-01 9.078350206702899827e-01 9.023835070009902370e-01
6.990396238096735493e-01 8.173537330413799262e-01 8.939582750032160074e-02 7.694374625571072102e-01 6.100703081151538365e-01 5.341433319418511516e-01
2.413077025474449633e-01 3.803346915740046796e-01 4.718049475320265085e-01 3.718506675213575363e-01 2.221389608103539748e-01 5.030031974494012514e-01
4.144093942902974947e-01 1.657656603979807408e-01 1.923605066193843638e-01 3.814976427238434553e-01 4.267617105402370936e-01 2.989843634341579279e-02
8.354700932747489706e-01 8.457102458742946638e-01 8.965875108330533250e-01 8.328056691680103540e-01 8.278262162909729716e-01 8.930126539880667291e-01
5.843331642487499256e-01 1.193499347734616189e-01 4.022636437139752719e-01 5.156470609363168478e-01 6.042826247941409656e-01 4.193877685744554912e-02
2.373037186083216399e-01 3.066744429803336391e-01 3.132338021753937052e-01 2.630560277029871941e-01 2.798184144763139480e-01 3.268377687493342898e-01
3.379870243489361825e-01 4.078866396284043239e-01 3.811284367402346662e-01 3.672454257030040026e-01 3.079347270498196676e-01 4.251151555844024377e-01
8.990803865945580231e-01 8.839432729434359981e-01 7.976367993350168550e-01 8.906696934718638659e-01 9.048296939258296812e-01 7.248773693728224332e-01
4.024899661552301389e-01 5.537654775570032689e-02 6.021375282673231411e-01 1.398611364420503378e-01 3.129065969873061070e-01 4.648143116331814317e-01
9.001162237187810833e-01 8.659903306181956362e-01 8.345234222911105393e-01 8.867100463248789310e-01 9.100554920260044423e-01 7.149956056619773959e-01
8.820785555628887220e-01 9.233518726796536846e-01 8.392585643856838029e-01 8.818364907056093216e-01 8.816358751603481370e-01 8.983942400794738825e-01
8.517700394118324358e-03 3.566673472508409826e-01 1.073012126157057017e-01 2.712724045850336552e-01 4.243178375823081910e-02 3.535224922264061931e-01
4.590408894895654512e-01 5.057254236901673750e-01 4.370085074801736691e-01 4.710008320398628712e-01 4.576875578930950650e-01 4.754566014571571797e-01
7.402174819748565948e-01 6.332731636742620074e-01 6.292594596122761397e-01 6.686283710878342390e-01 7.378761160867227664e-01 4.527827676868446116e-01
8.446229724831174623e-01 7.066861392078969129e-01 6.723446606309710916e-01 8.645125548355281353e-01 8.533957433466502485e-01 4.257054934657641398e-01
7.209281657404748023e-01 8.199708400314071888e-01 4.898265002249810318e-01 8.498869917821139097e-01 7.881825065694749721e-01 6.011687589332090909e-01
4.030857791162308912e-01 5.621684779640354623e-01 2.954233923613984736e-01 5.117810303345322609e-01 4.086193488394213036e-01 4.511989047987901569e-01
8.575882135340473500e-01 8.124623826024234274e-01 6.786799837828914050e-01 8.525526255834847689e-01 8.662050759545110168e-01 4.729753907368561272e-01
8.373810564606292139e-01 5.692553209038148099e-01 8.678272701769509379e-01 7.199662090279161930e-01 8.228686546121667389e-01 8.168739135721739819e-01
2.434841609953672936e-01 1.668692453766008610e-01 1.764217221083991260e-01 1.701179891824722290e-01 2.514249099175496216e-01 1.123548717759990240e-01
9.757315394119033813e-01 9.735573223647695507e-01 9.749759371397322960e-01 9.676761773880571127e-01 9.762930847507915733e-01 9.725836513987542453e-01
2.685110900861681360e-01 4.321089059347695827e-01 3.332671556075730845e-01 2.593249832279980183e-01 2.597357220576836934e-01 4.546405793598216616e-01
5.625760690501189210e-01 4.696672767647976920e-01 5.354745105427515250e-01 5.490822668652981520e-01 5.593647650729831611e-01 4.843743499170934386e-01
4.915864743340436771e-01 3.161099929257435992e-01 4.046628069344619383e-01 4.661419237963855267e-01 4.950597824775039846e-01 2.733635600597026372e-01
6.586597684961733590e-01 6.948494993190797997e-01 5.404887151013280100e-01 6.667336232494562864e-01 5.798413501956479754e-01 6.986517850890265890e-01
2.074868388788957130e-01 4.027613128268460185e-01 3.385530342703817475e-01 3.798857422079890966e-01 2.913981611443718922e-01 4.028001737559748774e-01
9.333570820142604862e-01 9.739324033740148767e-01 9.555585995006662392e-01 9.723052501212805510e-01 9.660064679429870571e-01 9.664335516010704730e-01
7.790542437611347459e-01 7.939908983762186123e-01 3.877849187517102836e-01 8.341373761650174856e-01 7.480060248555208124e-01 4.898039063194252196e-01
1.537207183206919237e-01 1.765812865053673908e-01 4.896462211981870982e-02 2.187758167274296284e-01 1.748947887379467825e-01 4.818884740787486576e-02
2.349471981652278274e-01 2.170542867479061111e-01 6.295006542506573211e-02 2.614937033504247665e-01 2.475469355203579747e-01 9.711746010708945109e-02
7.993696944456761821e-01 5.446624590196591509e-01 9.233677213347001311e-01 6.860420254524797201e-01 7.957401930444011340e-01 9.046716774866870869e-01
8.355664206589615839e-01 8.740156765650554105e-01 8.912943507571309265e-01 8.592739263549447060e-01 8.622208506886240853e-01 9.011358782225205033e-01
4.428691021973533148e-01 4.116973587760969222e-01 5.400564265256753149e-01 5.087938536889851093e-01 4.519780813529182262e-01 5.366785443126794730e-01
1.977504566399241326e-01 6.132065830959260166e-01 4.725198896416769601e-01 5.534508847631514072e-01 2.266003763675134286e-01 6.552743672991163670e-01
1.342297992739260870e-01 2.120923445620988279e-01 8.765236857444527740e-02 3.959242207929491997e-01 1.417009930402598483e-01 1.178777713924606396e-01
3.884139815571917564e-01 4.867517956342493068e-01 5.531812816392701615e-01 3.581115501001477242e-01 3.846958393260048736e-01 6.004630397776070660e-01
2.136341431310113254e-02 2.212734265268099035e-02 6.837431682630351615e-02 5.121616297401487827e-02 3.381307380271136864e-02 5.334878305725052755e-02
3.222296531469410197e-01 6.461925402572844535e-01 1.292747658280154754e-01 5.242479541338980198e-01 4.453292038149738730e-01 4.242099597983529091e-01
5.953183241703338124e-01 9.234890551662594538e-01 9.138647387644199815e-01 7.070794089231640100e-01 5.109219637677280268e-01 9.561210001662883151e-01
1.903764023086429447e-01 2.102588492398001496e-01 2.718270545984346476e-01 1.678280059713870287e-01 1.732471200772239817e-01 2.895551641844225088e-01
1.767674268021848516e-01 2.431524492414279537e-01 2.432104046005456044e-01 1.311144432984292507e-01 1.581180937692342747e-01 3.044317183524565817e-01
9.575044850801649465e-01 9.146781508610296596e-01 9.502702247484052789e-01 9.308586453553289175e-01 9.574890388828526389e-01 9.163216204311945834e-01
3.140257786970163667e-01 6.541903670163056184e-01 6.320196124092499756e-01 4.693828662857413292e-01 3.288199290332834424e-01 7.360975784667003197e-01
9.474865135152766848e-01 9.629448949291815607e-01 7.757298065909629115e-01 9.508951893076300621e-01 9.501968291108587872e-01 8.822382463736291314e-01
1.731545733278826160e-01 2.962723575696534217e-01 1.795853579526197064e-01 2.120191601570695639e-01 1.301713394493089482e-01 2.922965342194521199e-01
9.055853066102421689e-01 9.070546081745106681e-01 8.838325983233402683e-01 8.626109689939767122e-01 8.959652609595880612e-01 8.899574635422050628e-01
4.645012521381307602e-01 6.961357796057751068e-01 7.255738408064552614e-01 7.216755719855427742e-01 4.163210459404801389e-01 7.969715036454818602e-01
3.486007516437709119e-01 1.239678749678934794e-01 2.446027636250781567e-01 3.647271916270256042e-01 3.626552220936191673e-01 7.015316209823369009e-02
5.137518133734459980e-01 6.041839847328164259e-01 6.487038161186382546e-01 5.692605678923428059e-01 5.584505260883138034e-01 6.838985242201210957e-01
4.946392920473677290e-01 1.602657368422093498e-01 6.248961963764956273e-01 2.358152256347239017e-01 4.714336541988912166e-01 5.016570754183827807e-01
6.911571563234372717e-02 8.010941345065929198e-02 1.441195373523291023e-01 4.933850653469562531e-02 6.848577722483110974e-02 1.478417213482551840e-01
9.148538444165117411e-01 8.679121697621544618e-01 8.069011512059903746e-01 9.205047946888953447e-01 9.102882408543089277e-01 6.884540048545970681e-01
8.565611635487280218e-01 9.523678916385662774e-01 9.230415324631052743e-01 9.026663312688469887e-01 8.628621704289072269e-01 9.600740553096149821e-01
3.442310016863710520e-01 1.972218616769843003e-01 7.989455813750304114e-02 3.044974354561418295e-01 3.253409675363327924e-01 1.442172516303443126e-02
2.349885709716507953e-01 3.569584095833302495e-01 1.414836522769026550e-01 3.006574145983904600e-01 1.503010578504708206e-01 2.696820175864987901e-01
5.667975201495820681e-01 2.311012281857543205e-01 6.128320037391357111e-01 4.220417637843638659e-01 5.273820102472417393e-01 4.826229132381665843e-01
1.147534120754093029e-01 1.839400941522598837e-02 2.377318342217990821e-01 1.035089115612208843e-02 1.309097237479697751e-01 1.122541785842374878e-01
3.829952755553784893e-01 6.913354848081461057e-01 3.672176066510112746e-01 6.952943236101418734e-01 3.199278773258611430e-01 6.205401541638264629e-01
5.831503827645026332e-03 1.331755331174920842e-01 1.185341865782266052e-01 1.959602429997175932e-01 1.662082062621767983e-02 2.821404336615502273e-01
7.104894545449104148e-01 6.932760456416170447e-01 7.498620563560502994e-01 6.536257297266274691e-01 7.218313469394769255e-01 7.310828557067307054e-01
6.936536120136298500e-01 6.903306215194813245e-01 6.601915796963874206e-01 7.294950617942959070e-01 6.804388180744900261e-01 6.581269167129640829e-01
3.185617543957094400e-01 5.577591803023039807e-01 2.375481840061310357e-01 5.187889160588383675e-01 3.619271018932982420e-01 4.240351796462384359e-01
1.154270719736964629e-01 3.812395046344026206e-02 2.342382375405421546e-01 8.979000523686408997e-02 1.625817668853456188e-01 1.222527121183235310e-01
2.754156795320691353e-01 3.439069624611166831e-01 2.177562962332613150e-01 1.950544856954365969e-01 2.964423469640322106e-01 2.542293029693272755e-01
1.014250734627189648e-01 8.526598641932819911e-02 1.300181956483285328e-01 5.351904174312949181e-02 1.117426740710171090e-01 1.282614867635942790e-01
6.366163620113970412e-01 3.757122820762538451e-01 6.193137233468161140e-01 5.296868826262652874e-01 6.505989392384363690e-01 4.304246846208976129e-01
1.531692355403949189e-03 3.865958425378326901e-02 1.812371612718765819e-03 7.271833484992384911e-03 6.207840007635007269e-03 1.879721554320243002e-02
7.511520633074900699e-01 7.193846374646278852e-01 5.665654546094637256e-01 7.194459487218409777e-01 7.365228533798400257e-01 5.561118786468361996e-01
8.582794123492886174e-01 8.957080289221136526e-01 7.983239835440153476e-01 8.473656626883894205e-01 8.409923358914064284e-01 8.746915490430006157e-01
2.325422227742315884e-02 2.179350639853493976e-01 2.837127329443493440e-01 1.675153337419033051e-02 6.547803226587540007e-03 4.619052491281576689e-01
1.100658013374984368e-01 1.366174645737911753e-01 5.309955890918281046e-02 3.865997330285608768e-01 8.528176991283417663e-02 6.260601027063976420e-02
7.189913550005975207e-01 5.851041862219303891e-01 6.267233854478435617e-01 4.501898854505270720e-01 7.109863278060437608e-01 4.564706104097544515e-01
5.607233616968898549e-01 6.486178401132759452e-01 5.672213835240207391e-01 5.630930953193455935e-01 5.571863145327417000e-01 6.427544563080949125e-01
2.795156685633566340e-01 5.706291787623777312e-01 3.576955569421301773e-01 4.603309626691043377e-01 3.219180031131100295e-01 5.362296740903640391e-01
2.675746313370556684e-01 2.408098919499136459e-01 3.054973842919916360e-01 2.923872845713049173e-01 3.038995271763570982e-01 2.740207956589172933e-01
4.085908451484268067e-01 5.551744489971511820e-01 1.650017029650929223e-01 5.371388026978820562e-01 3.806577135407977486e-01 3.205239934552768788e-01
9.849571082281992351e-02 7.218749118234660256e-02 1.612548162037610311e-01 3.890807810239493847e-02 7.936457692435461286e-02 1.546553615119521941e-01
6.257829882813180644e-01 7.418439381536230393e-01 3.830196616312165347e-01 6.769936326891183853e-01 5.574888326020316365e-01 5.952044382299590541e-01
5.435394124436737640e-01 7.265181269092098049e-01 5.579400545489080487e-01 6.948357124347239733e-01 5.571743796780266322e-01 6.850496495564127875e-01
1.571047978899675068e-01 1.279026464111686079e-01 4.290755738656388402e-02 1.099638009909540415e-01 1.520106261078750798e-01 2.730714485698867641e-02
5.288818074131260705e-01 4.960671448803505301e-01 5.800501281547784105e-01 4.548364966176450253e-01 5.633697526737410088e-01 5.400211992991107435e-01
4.221508062157271479e-01 5.794869904228663327e-01 1.535432482395307219e-01 7.610166792292147875e-01 4.934905191115703249e-01 2.655447355543280596e-01
3.191318895497817776e-01 5.170047093530868443e-01 4.587947465878354225e-01 4.644688344560563564e-01 4.543556286098039965e-01 5.346344385010995959e-01
2.639647609231524639e-01 1.936974877827803976e-01 9.673806388244406140e-02 2.675778674893081188e-01 2.667607664600145090e-01 5.306068842497013022e-02
8.248289237051908973e-01 8.700308041803590520e-01 7.962286662322669573e-01 8.410284982528537512e-01 8.013449095049646198e-01 8.486969180878989327e-01
6.648284151567415146e-01 8.252957568145260492e-01 4.355991780642761158e-01 8.067877539433538914e-01 6.732714586811373580e-01 6.989578288855154975e-01
5.058285009173171254e-01 5.883545917457354557e-01 6.717124141818350269e-01 5.052691709715873003e-01 5.733470455263963705e-01 6.950714862893191404e-01
9.110551005543685577e-01 8.971373447386861155e-01 6.547290251695605523e-01 8.716897340491414070e-01 9.089374420967234469e-01 5.414129091071369082e-01
3.229796144258904045e-01 4.847143703204606080e-01 2.439871244339911482e-01 5.007437951862812042e-01 2.380036467449566651e-01 4.081240670923895753e-01
4.265759187258033602e-01 1.914141288516824080e-01 3.848485957604158014e-01 3.466480518691241741e-01 4.361570024425314163e-01 2.269540084419701120e-01
3.849427735542002571e-01 4.318037889621835768e-01 3.299209206550180462e-01 4.217298217117786407e-01 3.508913365077878099e-01 3.861473096944292860e-01
1.047907779731737515e-01 2.676166514397124163e-02 2.260529788268532680e-01 1.154090450145304203e-01 1.746379004552690295e-01 6.598772167639142816e-02
7.302416347932556839e-02 3.149697435514799831e-02 1.853145582984747630e-01 4.083626298233866692e-02 6.795861212767818904e-02 1.334455664054119139e-01
6.616676111466921473e-01 6.308214310625256394e-01 6.702385163494571918e-01 6.080166641622781754e-01 6.737638722382536249e-01 6.344091855751099462e-01
5.062502182493257008e-01 5.459329573715748785e-01 4.441503606577160701e-01 6.248294087126851082e-01 5.225071987370213389e-01 4.729668235145826904e-01
2.785546650122726620e-01 7.166777994032651478e-01 1.732806080283886829e-01 7.164586111903190613e-01 2.378836620922704093e-01 5.632712210450578905e-01
3.079875227540926907e-01 2.951785278475684282e-01 2.498536427132064530e-01 2.874388820491731167e-01 2.967204093321495484e-01 2.545703533141220887e-01
2.609341312685009573e-01 6.092770278089379987e-01 6.093039845601447846e-01 3.026480742264539003e-01 2.464379279914347964e-01 7.310010907340424025e-01
9.114572212374666416e-01 9.037402695652148044e-01 5.048405507479801768e-01 9.255059235729277134e-01 9.133244855530600059e-01 4.132090460039267166e-01
9.731238447645331746e-01 9.760125177250840167e-01 8.463784046972060437e-01 9.712603953666985035e-01 9.727178954642666797e-01 8.957680386246696935e-01
2.747976227503983598e-02 8.244086433879793674e-02 7.767700916347776516e-04 7.064537401311099529e-02 2.984857218115952865e-02 8.793073476907026231e-03
4.995358557882246808e-01 2.070266726545535174e-01 6.283308564227493287e-01 4.894392346031963825e-01 4.809217629655759274e-01 5.136021042945806414e-01
5.847092108293590051e-01 4.458662305745422216e-01 5.223024342845242751e-01 6.195412967354059219e-01 6.777592890478899568e-01 2.458687458955133298e-01
4.908152921651143807e-01 5.263632630324923678e-01 6.663588487933163051e-01 3.301030274014919996e-01 4.620093986513666984e-01 6.820940670201887102e-01
2.910850367889670776e-01 3.417830951825271413e-01 2.553064584634798795e-01 2.810253920033574104e-01 2.905738649604731050e-01 3.064900914575485746e-01
4.976481468912797301e-01 5.431725588751361578e-01 5.190545803697024230e-01 6.298633224796503782e-01 5.026500543686992506e-01 5.431822378524797656e-01
2.087910872035623339e-02 1.224415696942076498e-02 4.419552458033194908e-02 3.748237807303667068e-02 6.052581860601776928e-03 5.972227775599144028e-02
7.837603275820582971e-02 1.063712436698074221e-01 2.243462870445619151e-01 1.099601455498486757e-01 4.850828055835943592e-02 2.646154747850046340e-01
4.477637812687916830e-01 2.551435722231878978e-01 4.262497105799085695e-01 3.007496430072933435e-01 4.061114648514189684e-01 3.138716119200835042e-01
8.588077333117399847e-01 8.922000678581979427e-01 6.013604052960138668e-01 9.142353255301713943e-01 8.776593799946986740e-01 7.208606426856428717e-01
9.867434835609304455e-01 9.834336220464283684e-01 9.821667859779201759e-01 9.853178288321942091e-01 9.862331967491969609e-01 9.791107311549192005e-01
8.236156885705588904e-01 8.572909039865594938e-01 8.080059436287511110e-01 8.632246220950037241e-01 8.075683587233414285e-01 8.404088274248854296e-01
1.337153508398364887e-01 2.482960758008756208e-01 4.389956086074017216e-01 1.924749480094760656e-01 1.546708855991369147e-01 4.628609480513722341e-01
4.313736002962406113e-01 5.103371974770417596e-01 2.312217232397478783e-01 5.533321322873234749e-01 4.588862436887551910e-01 3.196892608987055295e-01
6.403724280460373341e-01 8.395174614158799065e-01 6.134774461616520069e-01 7.291036446113139391e-01 6.198766660957201191e-01 8.120049364918908719e-01
5.194732438437059674e-01 4.772407164691261916e-01 3.790312217049402466e-01 4.912795627024024725e-01 5.416476649262694787e-01 3.002493662226170534e-01
3.711703631120651381e-01 3.564698490557651755e-01 2.584021400564596727e-01 3.850100124254822731e-01 3.805650739506445945e-01 2.455992834354353838e-01
3.497217509101596677e-02 1.026009338285386874e-01 5.823530346559440546e-02 1.018372843973338604e-01 3.370577962270337319e-02 1.211597928867653717e-01
6.122108093137764717e-01 5.778302540370466867e-01 5.170557579660840508e-01 5.750282062217593193e-01 5.953045276544136621e-01 5.001185255234283922e-01
2.339586291293199449e-01 6.337739026389634933e-01 4.283222145713938001e-01 2.999412277713418007e-01 4.381273944583455315e-01 6.107327822566257503e-01
8.665491658988909718e-01 7.320798251139812862e-01 8.761488009232578644e-01 7.278736091684550047e-01 8.716717184704386723e-01 7.900141616844196246e-01
9.227339837538519607e-01 8.793799943845470590e-01 8.157833720038778491e-01 9.163191104307770729e-01 9.015935781359106782e-01 7.500909705110723191e-01
8.175220547440880114e-01 5.854046929359211227e-01 8.682322465498188979e-01 7.846100225578993559e-01 8.375855140206741600e-01 7.770942752442727697e-01
6.503036957812362573e-01 7.047428300499998244e-01 6.162557463003300873e-01 6.827565890271216631e-01 5.347745648424199194e-01 7.151069845316426754e-01
8.906452753661699973e-01 9.489079048474852174e-01 9.410929770322773447e-01 9.134767716750502586e-01 8.894330434528506801e-01 9.589600844434800209e-01
1.348838008340707273e-01 2.983811900678864926e-01 1.607961871974795676e-01 2.185744172893464565e-01 1.427135685692429434e-01 2.773726471747322009e-01
1.236579335707117394e-01 1.668583772445914881e-01 1.415360937100137995e-01 1.177535755559802055e-01 1.376090564098353675e-01 1.520395096969071325e-01
3.531251759356385800e-01 7.379028299577613526e-01 1.358814596624494109e-01 3.836057584267109632e-01 3.194062403659509441e-01 6.470742730530381071e-01
5.147181881488088750e-01 3.948968685608948426e-01 2.692352257151862105e-01 5.414588230196386576e-01 4.954318581364633989e-01 1.551172621758336312e-01
8.103650966251131349e-01 6.015032593567748442e-01 7.170541312950964308e-01 8.011937446426600218e-01 7.855407964658410735e-01 5.380367393707808921e-01
4.027050341099228103e-01 6.738847381264118086e-01 6.767077747922476405e-01 5.570994208101183176e-01 4.325436458426834552e-01 7.615715405539396077e-01
8.725927519788890807e-01 9.183518063322489988e-01 6.199151210243534216e-01 9.036788670346140862e-01 8.703308088422633260e-01 8.088323404795049187e-01
8.560924863722747524e-01 6.480979798173217565e-01 9.126440717412662718e-01 6.900228401646018028e-01 8.703598223497930331e-01 8.702544593030736575e-01
9.749917243218405583e-01 9.490159989998619983e-01 9.682630949747208504e-01 9.695987338200211525e-01 9.733230735966825753e-01 9.494533064073833462e-01
4.181001492321730906e-01 2.190493115933299650e-01 3.301823519412566688e-01 3.619881048798561096e-01 4.193533042647956122e-01 1.648766108580388690e-01
4.101108293519575149e-02 4.892809143430876945e-02 1.684692947820484177e-01 9.712332859635353088e-03 4.594723608723202263e-02 1.779727260138320721e-01
7.279786980582254596e-01 8.710571678191451062e-01 8.254077873879211991e-01 6.788874084595590830e-01 7.221311824061821261e-01 8.906263539528663786e-01
1.709693566008479992e-01 3.642756985945936887e-01 2.774683832138500339e-01 2.532249540090560913e-01 1.954392549343794416e-01 3.888026304120552057e-01
6.189909309446703922e-01 6.215453881487278398e-01 7.532059866466630504e-01 6.272930626291781664e-01 6.250172857474285415e-01 7.595492247768983463e-01
5.227487777693720084e-01 5.029812610362738301e-01 4.157631863400286509e-02 5.686296629719436169e-01 5.123413449930080965e-01 5.673221886212143072e-02
5.100947307661285110e-03 3.414275314705391990e-03 3.419003286721799401e-03 4.355023382231593132e-03 4.358027334641707135e-03 2.624671599330014298e-03
4.937048354675386830e-01 3.710925679950154432e-01 3.619250189524913508e-01 4.755757926031947136e-01 5.043479005489838185e-01 2.541964742579033154e-01
2.202267202675193825e-01 1.756003002360573273e-01 2.301458127806499387e-01 2.230586563237011433e-01 2.566153312870223524e-01 1.844746996572189934e-01
8.774175863871161996e-01 8.301000198111669892e-01 6.957275697974830697e-01 8.704021901357918978e-01 8.805462885391007744e-01 5.189586412772760893e-01
6.966499548016078514e-01 6.489848035835260598e-01 8.432754216423471449e-01 7.708412059582769871e-01 7.112440546075576853e-01 8.289717896979342804e-01
2.860358644549543250e-01 4.019611589137174201e-01 1.472677310288853791e-01 3.560303342528641224e-01 2.429911552145394282e-01 2.694799426554068122e-01
1.236431848516249266e-01 9.151988556826096133e-02 9.724941010301620115e-02 1.902989263180643320e-01 1.296115667397544358e-01 9.939230534622404967e-02
2.358637693659054735e-01 1.443267763152345229e-01 1.332516309094152196e-01 3.126942396629601717e-01 1.765115736087372877e-01 1.135802857796653909e-01
1.241226435773017528e-01 8.468004491120013910e-02 1.293563278824579332e-01 9.503604448400437832e-02 1.398032794728044370e-01 9.206886072773280694e-02
2.014048882691236997e-02 7.878190949740873639e-02 2.723607327972050671e-02 2.497744676657021046e-02 2.370251112624936068e-02 7.711535673063149576e-02
8.221708243971516394e-02 5.136651279956727656e-01 5.673945351116110869e-01 1.984658997971564531e-01 7.898814261091208211e-02 7.199363479824796297e-01
8.365531527716135729e-02 1.536686171886771646e-01 1.946306605585972627e-01 1.288082720711827278e-01 6.536109889694458053e-02 2.668650953317031060e-01
4.360598403384872701e-01 3.979884459503210681e-01 3.226928210060630575e-01 4.501955334562808275e-01 4.343726017527865246e-01 3.059927443700589111e-01
6.017712242420512059e-01 5.205986174107394282e-01 5.735649567194071041e-01 6.163292624987661839e-01 5.846482058131801107e-01 5.084466344981590780e-01
4.982803427922485318e-01 5.450500817991658087e-01 3.748943860994046196e-01 6.021408033557236195e-01 4.803966607352245788e-01 4.505109479279289508e-01
5.301979682786504000e-01 6.690914993228275209e-01 4.324299921623603882e-01 6.308149176184087992e-01 4.506165476965296457e-01 6.066358166640942740e-01
5.892126292022102918e-01 7.482835958320418479e-01 4.463745278831594554e-01 7.320009940303862095e-01 5.712045563753861410e-01 6.458347653788215625e-01
2.884049537058295393e-02 1.324865531161477372e-01 1.859153910350900829e-01 4.301833291538059711e-02 3.314154628020403448e-02 2.654843647569364307e-01
8.591033786915607262e-01 8.678875202578403281e-01 8.856573507777808496e-01 8.223277602810412645e-01 8.615291021572090147e-01 8.884049146408034003e-01
6.976391713652618787e-01 3.832546464150209942e-01 4.719585975884819651e-01 6.008174947928637266e-01 7.049328112014497938e-01 6.595196107188239232e-02
8.280017121958787030e-01 3.106398533290144481e-01 8.044216358838582881e-01 6.675294961314648390e-01 8.261690018735463603e-01 4.683902678249778351e-01
2.563432702413413408e-02 4.930505392612023058e-02 4.288052883101897000e-02 7.293607620522379875e-02 2.980086027977992685e-02 5.335703553924047576e-02
1.887827299476758092e-01 3.536421265538026992e-02 6.308520919759351420e-02 2.293458180502057076e-01 1.034722403390287565e-01 1.900909148489682635e-02
5.468523506514511023e-01 4.509836088358621931e-01 5.976999165716673224e-01 4.755761879496276379e-01 4.773599413874166641e-01 5.723442113639450879e-01
2.401680886291657768e-01 8.735708999793638518e-02 2.547368643544514200e-01 8.634603559039533138e-02 2.327089805383550647e-01 1.267365969209773291e-01
7.565773882343664880e-01 4.413573321237041491e-01 6.526743307823523743e-01 6.464613112621009350e-01 7.442049358078235421e-01 4.055785143833255946e-01
7.636447043203926643e-01 7.141862893217734154e-01 5.198240865462246951e-01 7.809880310669541359e-01 7.397155828135411060e-01 4.607703152747991693e-01
5.224704700333093754e-01 5.573413911558662281e-01 5.612487861290647029e-01 5.381373080890625715e-01 5.384569868517624647e-01 5.717080817310773444e-01
