7.793398075490514110e-01 7.977698508786122966e-01 7.471413563030864236e-01 7.835550315212458372e-01
7.435669650183273083e-01 8.073740886649518611e-01 7.025143380617344668e-01 8.271325186360627413e-01
8.756959316149541539e-02 1.228297537046502685e-01 6.283472017414046262e-02 9.770118864253163338e-03
1.778645608173549109e-01 3.608828770989074841e-01 2.417338082835598090e-01 4.351874734275043011e-01
1.071747042549281159e-01 1.373176570004253083e-01 2.334400572885304559e-01 2.314509078860282898e-01
5.151647669845448307e-01 4.888158676478900899e-01 4.362251581182073901e-01 1.661713239736855030e-01
3.178695287141461989e-01 1.733831023856094722e-01 3.756886858635509752e-01 3.948268832173198462e-01
7.788778724000295917e-01 6.949896295826880621e-01 7.937253066911799104e-01 7.197561212815344334e-01
8.100954098961758720e-02 1.992671838857447142e-01 1.061860942309386519e-01 2.908205532003194094e-01
3.777303493945247115e-01 6.052398358653473531e-01 4.402501387265599919e-01 6.909544318914413452e-01
2.152993160496146086e-01 3.882073112769092726e-01 3.806135853157726068e-01 4.506982774473726749e-01
6.229474781343379286e-01 6.685930976822505034e-01 4.868984961083316354e-01 5.362446941435337067e-01
5.960727670054964955e-01 6.257128348983801436e-01 4.334704931198037903e-01 5.525675800163298845e-01
2.180146163146512162e-01 2.293890947595526308e-01 2.815973802701765005e-01 2.233336507342755795e-01
5.401797603392095581e-01 6.721216946278795179e-01 7.449659905811173433e-01 7.903316526208072901e-01
3.761607340690182322e-01 3.069301726237217420e-01 3.570980992525510378e-01 1.696529630571603775e-01
9.183439175674523725e-01 9.279877046858784340e-01 8.977688237067512622e-01 9.309410767164081335e-01
8.760743994857594918e-01 7.581616702049637224e-01 8.887514080671967687e-01 6.313580595888197422e-01
5.941890751504125268e-01 6.330234443743882888e-01 2.432566886269024731e-01 1.544624327216297388e-01
4.437666534008699593e-01 4.963130398768991203e-01 4.732713145595933146e-01 4.535269250627607107e-01
1.099193274372120138e-01 1.595190125334478848e-01 2.018411174540907238e-01 1.689713629893958569e-01
2.118952922364283065e-01 3.466154308183945765e-01 1.186302571422441360e-01 4.058709351811558008e-01
3.551113973115931910e-01 1.846813553353886805e-01 2.917105009975107799e-01 4.237843421287834644e-02
6.402629469238455551e-01 4.270164296426663952e-01 6.273164457260594906e-01 4.125490603037178516e-01
1.146719847947322291e-01 2.612779419395282465e-01 1.466492876887455499e-01 2.408590931445360184e-01
3.724700258316781531e-01 4.659227990605869230e-01 4.620594997326637476e-01 6.501000169664621353e-01
2.102685491517711225e-01 2.712073005588373498e-01 3.985333573007143748e-01 3.444610885344445705e-01
3.646923020454393982e-01 4.823452164072692394e-01 2.528292925415970838e-01 4.311039866879582405e-01
4.511020956153148909e-01 6.874731080919902482e-01 6.914006402798382744e-01 7.508505897130817175e-01
4.511363182474265598e-01 5.871637544268621944e-01 4.376714389886821599e-01 5.914031702559441328e-01
9.692853811656088059e-01 9.793323432656151351e-01 9.735508109661619169e-01 9.793021699879318476e-01
5.675806135737705427e-01 5.206478598247012979e-01 5.099266161346416304e-01 3.085609786212444305e-01
7.879153292271866560e-01 6.234759663741064051e-01 7.819390699465654793e-01 6.702611714135855436e-01
8.197321946870074205e-01 7.927029955935974703e-01 8.155754509274542041e-01 7.332878701854497194e-01
9.755333333979767652e-01 8.979333019478428213e-01 9.769253427144967139e-01 9.335764544084668159e-01
9.046814367529210088e-01 9.370160243650016429e-01 9.102553664906279929e-01 9.589379981625825167e-01
9.719221148024752566e-01 9.599951918518022653e-01 9.637069274967036137e-01 9.420061623677611351e-01
9.826729097812155755e-01 9.596126644287760188e-01 9.766694874030026341e-01 8.526270857546478510e-01
4.075495465930745742e-01 2.623865848684366897e-01 4.781874449499725066e-01 9.959336044266819954e-02
3.033153745078545627e-01 4.563252207307573194e-01 4.787478292060650120e-01 4.875822574831545353e-01
3.294714576828651209e-01 2.635638782536655067e-01 2.048081394036639913e-01 1.987560265697538853e-01
9.095337500505502604e-01 8.706161819759178355e-01 9.449635518260851574e-01 9.192106323316693306e-01
2.769374666208185842e-01 4.570556560709435612e-01 3.599554434779272949e-01 5.603211151901632547e-01
3.794628933597024023e-01 2.253643222439511429e-01 3.907269785101464277e-01 1.835844540037214756e-01
7.579760413575946654e-01 6.718418575355081801e-01 6.298765029740815979e-01 4.170559970661997795e-01
3.649727785755341875e-02 7.648144195040519622e-02 3.459243476182706500e-02 6.770220957696437836e-02
8.229443664729785279e-01 6.154472949537400650e-01 8.622702976718678025e-01 7.834124362561851740e-01
9.568963164454359349e-01 9.789079229118424763e-01 9.567136102309481416e-01 9.754887304734438658e-01
2.879107944448182077e-01 6.605111350096282141e-01 1.377141047398828810e-01 6.726723271422088146e-01
2.973064173957875589e-01 2.588952666679040782e-01 4.104017177390273385e-01 4.163880769629031420e-01
2.676617840397148632e-02 2.453246303046924866e-03 1.026749821340276758e-01 1.671900716610252857e-02
5.116854624138924557e-01 4.885282229244475305e-01 2.692585443490163599e-01 2.910914127714931965e-01
6.889587409463051593e-01 7.355893653709575375e-01 7.280661529038795488e-01 7.274928074330091476e-01
6.904848966616115025e-01 7.120292948562227942e-01 6.562616278390123181e-01 6.371655655093491077e-01
6.626661829426265804e-01 3.122736593062328536e-01 7.032737035112569535e-01 2.051976795773953199e-01
4.532079879768356467e-01 4.784940821355324059e-01 2.965635813117229458e-01 2.312270849943161011e-01
5.332468715723723829e-01 1.250733201949065510e-01 6.606777844641360531e-01 3.268426756840199232e-01
4.204279294456440552e-01 2.976127942407091331e-01 4.159578330616650610e-01 4.400571479927748442e-01
1.853694262096642065e-01 7.012533720517223623e-02 1.131110784638109656e-01 2.392082535661756992e-01
5.702898123598045821e-01 6.142880943335349286e-01 5.765679510867982582e-01 6.004091876093298197e-01
6.244075733448811727e-02 2.227146150649912115e-01 5.336442613956891151e-02 2.014996116049587727e-01
2.994961826892204582e-01 6.201657519678971386e-01 2.916863461649397693e-01 7.241425218526273966e-01
9.728419292437810728e-02 1.506285512869443011e-01 1.998845464550476347e-01 1.954966017510741949e-01
6.494526790680174022e-01 2.738391978551059647e-01 7.082927566222348981e-01 4.422497602645307779e-01
1.963473865916809946e-01 4.020159225679809656e-01 8.715841310646094131e-02 4.005488471593707800e-01
5.953046955620888703e-01 1.257583665195125266e-01 6.394291472635640350e-01 2.673099704552441835e-01
3.864820205459494895e-01 3.538035546490119199e-01 7.080726736803365506e-01 5.029514511115849018e-01
4.006408991681774390e-02 3.625564020759090844e-02 1.897453562122959625e-01 2.104042482096701860e-01
8.090433886409511555e-01 6.348815013596926793e-01 8.003257839285358166e-01 3.064580347854644060e-01
9.077804879917240610e-01 5.315465382515303094e-01 9.234887378542131486e-01 6.489466659259051085e-01
4.090560127188161976e-01 3.608092203773531348e-01 4.490253555993605761e-01 3.546841165516525507e-01
2.361141350231863167e-01 1.128726162004429073e-01 3.417601647891605476e-01 1.009306574705988169e-01
6.478413336548977108e-01 5.608591210758905321e-01 4.738257011630895299e-01 2.728670453652739525e-01
6.830607568226890747e-01 3.268506665977007897e-01 6.686235773520763370e-01 3.074138236697763205e-01
9.239248541294500794e-02 1.100309128893740274e-01 3.686210946666632765e-02 1.148954061791300774e-01
6.116559879836436231e-01 7.005442496799758612e-01 6.693503403541716246e-01 7.473500282503664494e-01
7.739040976823882145e-01 6.873542330143984636e-01 7.893619379237122313e-01 6.537412512116134167e-01
4.227369333801332396e-01 5.681217611405803281e-01 2.816319330427107248e-01 5.307161775417625904e-01
7.977029295107642692e-01 6.823834232864069982e-01 8.242694021460431619e-01 7.194885155186057091e-01
8.047686609704701732e-01 5.133652888087071320e-01 8.179972368183319187e-01 3.181142001412808895e-01
2.186003039649245527e-01 2.933213333653320598e-01 2.710499006842752578e-01 3.664237218908965588e-01
2.452313377392670302e-01 3.315845103325909538e-01 2.297828179625713008e-01 4.104163316078484058e-01
1.984139514443973851e-01 9.489283909893014846e-02 3.010221530089422504e-01 5.329601629637181759e-02
5.672927993311205341e-01 5.146504110303312673e-01 3.570471521263909875e-01 2.464890959672629833e-01
3.111596647089188705e-01 4.523188108085581666e-02 2.683895521882976309e-01 2.662430424243211746e-02
3.062068143391354913e-01 1.481830492141349986e-01 3.170141569871856579e-01 1.128955008462071419e-01
1.081871202874587351e-01 1.878577028602487764e-01 2.153680483752881680e-02 1.273849008139222860e-01
3.448315929570090477e-01 3.473561094151543793e-01 1.941113710548981186e-01 1.560445025097578764e-01
6.979053683549396592e-01 7.585510482709284519e-01 7.475358722255386335e-01 7.684066079091280699e-01
4.493965375276103846e-01 3.318541215558176716e-01 4.676928321284380963e-01 2.395790484733879566e-01
2.992938305616499317e-01 4.173205507113001422e-01 2.180735523666843534e-01 3.962988206185400486e-01
8.540620823741705836e-01 9.082813529433435562e-01 6.162967081438057715e-01 8.898513615131378174e-01
7.982559875530836901e-01 7.538086814238834643e-01 7.351035465478098496e-01 5.476443103980273008e-01
5.184618167730282723e-01 6.136313613874889716e-01 6.412576004537038354e-01 7.505128667689859867e-01
3.069448691407365426e-01 5.999857721100839703e-01 4.913001925956119176e-01 7.577036244329065084e-01
9.728149375632280660e-03 7.623270903067722037e-02 1.590513985958373622e-02 1.033297965768724680e-01
8.959494808701392587e-01 8.852341784555753934e-01 8.679068763930295471e-01 8.211929933167994022e-01
9.405832392909339035e-01 9.321311270392836912e-01 8.402310853618361053e-01 8.553973997477442026e-01
6.960747744925271929e-01 7.386256355052953637e-01 5.403488346841571754e-01 7.175237969495356083e-01
4.258968687402327480e-01 1.189422449448143265e-01 7.671252087632969285e-01 5.586210563778877258e-01
