1.432068786938660021e-01 5.317112792530469534e-01 1.354501179027922109e-01 6.413769022586151003e-01 3.593195639550685883e-01
9.503218031276121358e-02 5.071382477879896739e-02 2.343746007269763287e-02 5.746923164651085436e-01 6.362657970748841763e-02
9.096943102609239551e-01 5.102681849224089961e-01 4.044881244753277261e-01 8.342951715754463038e-01 6.199403577484190464e-01
7.673950412606668214e-01 9.460479741106361251e-01 9.238425349421222066e-01 7.470311867818815177e-01 4.815726943779736757e-01
1.545271888936847193e-01 2.508939652906079232e-01 1.133829037661493871e-01 9.660171461361913292e-02 1.346771484240889549e-01
1.469825733998454675e-01 4.261430055546951978e-01 4.835829240312610189e-01 6.900772207426120186e-01 8.210162918549031019e-01
2.810822552992917611e-01 7.934529911330989727e-02 4.906873792137203538e-01 2.869429528232917970e-01 5.766276789363473654e-01
8.006982941371498796e-01 2.980926649441407172e-01 6.822205490176238563e-01 5.694063901931429861e-01 3.107451612595468760e-01
1.948268365886653419e-01 1.179625747944496733e-01 4.218235012413125151e-01 5.995414705264813515e-02 7.023670910857617855e-01
5.724956935367441213e-01 7.655014732033810221e-01 7.048978915565291548e-01 6.067921970626589667e-01 9.237429946660995483e-01
8.458906715933661724e-01 9.474861254540842825e-01 1.698814325345200105e-01 1.242395736456947675e-01 4.531536709982901812e-01
3.516232526831341576e-01 6.698904730017608555e-01 3.066333220462715281e-01 2.840275998365787147e-01 8.068747732322663069e-01
1.430081147084953930e-01 9.695984692815684536e-01 5.102116816548576406e-01 9.089394488686078355e-02 8.818047333043068647e-01
9.986316554854329786e-01 2.884658844092177765e-01 4.957977910625478990e-01 9.997697581246847154e-01 8.168555754236876965e-01
3.657917631044113604e-02 4.462792791735500919e-01 1.056289871647306949e-01 2.481888353338772280e-01 9.122792221605777740e-01
9.418230107250217253e-01 7.252595808423536461e-01 3.551456667740217430e-03 7.934048076627691071e-01 6.289923796430230141e-03
2.856385432630195176e-01 6.328014877720743447e-01 4.833584528956171855e-01 9.563102278532994438e-01 7.583593481685966253e-01
9.932896265529350677e-01 3.158390342657285133e-01 3.999575320359872732e-01 5.424554661659036769e-01 5.798702896572649479e-01
8.346721473634007848e-01 7.948044470854968013e-01 5.467171362834093440e-01 8.213660437948832049e-01 1.843174151144921780e-01
9.404686694219875909e-01 9.656959671235606502e-01 4.208936898394803894e-01 7.544472333268357200e-01 5.744032708462327719e-01
4.965871898507407955e-01 7.808692050148619002e-01 3.584135875693801321e-01 8.206222224166553891e-01 9.743351005017757416e-01
9.829726301178708381e-01 9.753884382281223508e-02 1.909579875200793364e-01 3.500381194870956780e-01 1.214645185973495245e-01
3.135223130853910245e-01 1.793168180680800861e-01 2.980304577051511861e-01 4.936281138091507675e-02 1.966414672788232565e-01
5.185026050050609570e-01 4.439840459151938035e-01 1.249411236001186226e-01 6.015719622663457944e-01 4.752451290842145681e-01
2.428479638400527219e-01 1.378423795511509176e-01 1.116401931101584644e-01 4.070695187710356988e-01 1.511226315051317215e-02
3.597895845199193809e-01 7.949457158123206524e-01 9.447787352579584130e-01 1.012070585951615614e-01 2.153959402348846197e-01
8.614998632328333406e-01 3.218807468666691207e-01 6.725621523114778677e-01 8.571839184966408010e-02 1.998453135602176189e-01
7.967147537814296410e-01 4.224918358215515868e-01 5.115712291652221300e-01 2.944126408449040389e-01 2.645401463378220797e-01
9.846549142494916973e-01 7.370517177533857378e-01 3.382258166436954983e-01 2.653089818778235354e-01 4.656892754137516022e-01
2.089827076575359321e-01 2.051132985691365984e-01 7.136176954088715441e-01 3.356337593257284757e-01 8.440268354024738073e-01
4.762554572786342755e-01 5.279938924523022159e-01 4.326198564566162141e-01 4.377719240907198550e-01 3.979243899229913950e-01
9.834204017127023967e-01 2.991776379448544687e-01 1.353930111444745232e-01 5.011517737498036862e-01 6.198462438769638538e-01
7.536682373376625277e-01 3.162418644049397876e-01 8.629380632532719364e-01 4.431592321681894209e-01 4.213700687978416681e-01
9.746905629489829304e-01 8.284503618130939495e-01 9.874083218473050927e-01 8.454624560501653452e-01 9.866599603556096554e-01
6.523339954808737851e-02 2.034711539401022895e-01 3.297942964847585534e-01 1.262229127809680052e-01 6.876876016613095999e-01
7.271706458560448505e-01 2.511901115446329991e-01 3.184480815090885986e-01 9.535670931326373223e-01 6.476035516243427992e-01
6.368134612628604252e-01 8.403806605512589289e-01 8.177409084340129253e-01 9.583065244077034750e-01 7.441502767615020275e-01
7.778251278737906560e-01 1.577222228507700330e-01 1.505204435093104032e-01 8.637970044779893497e-01 5.263734930194914341e-01
1.331614015036291787e-01 9.754702326289569347e-01 1.894995145234943390e-01 3.075402716315433493e-01 3.633355058263987303e-01
6.635246302001264196e-01 8.639199375063852937e-01 9.480939048443894901e-01 4.302471313137027908e-01 4.741817668545991182e-01
4.483983055299776144e-01 7.615527998632257711e-01 4.212440887173662940e-01 1.301830358549095623e-01 6.994805287104099989e-01
7.668250444029052204e-01 6.224736796640774061e-01 9.902634208819719452e-01 4.862980550125191592e-01 6.340600466355681419e-01
4.273068599770496467e-01 3.412966220277818818e-01 6.214548139236899527e-01 7.941607567605556417e-01 8.514379130210727453e-01
2.876855435958181051e-02 7.951860702001663228e-02 2.839867124692664335e-01 9.146820982417349644e-01 8.680045790970325470e-02
2.456278400464912692e-01 9.898120356129557207e-01 7.457994705752464260e-01 2.288791905065486881e-02 1.642184876836836338e-01
2.170408827924626693e-01 2.707737077549848825e-02 1.088984943347447122e-03 3.105386881017881823e-04 6.183670670725405216e-02
1.527275461039674931e-01 9.597448963259685994e-01 6.896839300495569147e-02 1.725413297360847975e-01 2.086815764196217060e-01
5.715273932460923634e-01 9.470186323643339232e-01 6.159405342437606068e-01 4.063682707333758914e-01 7.018507190514355898e-01
7.173343621777081847e-01 6.873993740063335522e-01 8.143803990800675408e-01 8.582703856118168995e-01 7.083599877078086138e-01
7.421332583050088694e-01 1.014063181597731067e-01 5.949525458591143900e-01 9.388433130347527411e-02 7.159954123198986053e-02
7.172588497105324423e-01 2.863373487839923071e-01 1.201866277793704751e-01 8.999322709007961940e-01 2.022359331604093313e-01
6.348204151264721373e-01 5.118384639692130644e-01 2.193435420480004117e-01 8.314691134443336074e-01 4.308822813909500837e-01
4.450482603293773320e-01 9.434315956331291719e-01 8.386836648585859200e-01 6.772302262096596692e-01 4.430146380327641964e-01
3.459484914523207055e-01 5.064456165295413426e-01 5.352771171024540697e-01 9.119140166237824641e-01 4.809486870653927326e-01
4.451511282611945730e-01 6.027726925185015183e-01 7.322559032843086735e-01 4.881977178034873632e-01 9.467025105841457844e-01
4.816866425364552673e-01 6.111879153630124240e-01 5.548309861571607549e-01 3.590478773895836029e-01 7.627449166029691696e-01
4.885297902579960327e-01 6.808086062777770620e-01 7.560978933436803828e-01 2.429327596753345919e-01 7.194316214881837368e-01
2.174671917935077151e-02 1.441653652476238556e-01 1.470884680396754990e-03 4.577191233251288738e-01 1.764876767992973328e-03
4.629652229793044249e-01 2.788253284202989457e-01 6.281406918150507501e-02 8.147812858728427088e-01 2.202061354182660580e-02
1.324664468751853841e-01 7.645291935759302993e-01 3.675898966615996355e-01 5.247287148541648211e-02 1.643530665896832943e-01
8.561315686292002569e-01 7.925635809654141273e-01 9.375723281395087483e-01 7.016970135954810894e-01 6.879588104784488678e-01
8.078019604348790628e-01 7.982808668132357344e-01 2.556412363164365376e-01 7.046209792740169009e-01 5.299325056839734316e-01
1.076086213482389808e-01 4.160160806699924607e-01 3.035853573428166641e-01 4.884155844742500419e-01 1.395806332584470510e-01
1.899120531700317083e-01 7.043207770401122003e-01 6.453465222456339356e-01 2.070011449497528577e-01 8.636845094151794910e-01
1.068848389482681960e-01 2.348234359027340790e-01 6.601613231123233394e-01 1.187180753036399528e-01 3.422087356448173523e-01
9.577046881571816828e-01 2.186056848076644299e-01 9.103742919387000088e-01 7.391841792116075061e-01 6.149708514567464590e-01
2.805083616684842518e-01 8.955502036861807680e-01 6.597621763738147072e-02 1.444396180293697762e-01 4.048971659503877163e-01
6.039818958074157917e-01 6.008773341936090029e-01 5.921289322190902427e-01 8.961754749120242058e-01 6.148312208242714405e-01
4.097471398634192630e-01 6.499550986473702219e-01 9.801126477182461327e-01 9.520031098873871223e-01 5.068378252908587456e-01
1.822301675819893996e-01 6.018390531721174996e-01 2.199653370680463849e-01 4.585595346390838878e-01 8.460606618318706751e-01
4.039111263945245334e-01 3.318585512427348894e-01 4.531144286187959724e-01 7.650642014809445612e-01 3.601003782823681831e-01
3.477246259743947410e-01 3.529414786803752313e-01 9.055004431284787714e-01 6.718528280470872360e-01 7.786065316759049892e-01
5.410510553696934455e-01 4.098779856045648984e-01 1.364474943556224229e-01 4.575678069687702521e-02 1.844095217529684305e-01
4.098424321581628504e-01 3.981231054022993376e-01 1.438576222082596223e-01 3.592820357141557341e-01 7.325728419236838818e-01
9.946803931069850835e-01 8.418270195164840874e-01 8.935153077995033888e-01 8.917531378456919899e-01 4.920333300251513720e-01
4.439182367102136872e-01 2.184100155035119950e-01 7.146706991437044021e-01 8.701690709610571117e-01 4.942977058235555887e-01
5.314088242174862253e-02 1.739769349582266922e-01 2.403640197120240352e-01 3.451896405925240496e-01 4.447813595179468393e-01
3.064694254857975621e-03 6.091782832902238598e-02 3.100069764531134583e-03 7.250319177294628492e-03 7.729463342111557722e-01
2.682300164733196768e-01 4.824788970367591689e-01 2.481906807834069473e-01 4.406688749162001040e-01 4.051742246374487877e-01
5.717541718204991463e-01 8.413640628995139314e-01 5.007394616696153600e-01 2.454537857089599262e-01 1.584231357555836439e-01
7.821121382906536246e-01 9.754371136807138409e-01 2.831098302784466059e-01 9.492119504028781463e-02 9.001373406499624252e-02
3.648257832765291336e-02 6.182263364481443979e-01 2.454821986230495620e-02 5.183622927828216431e-01 4.845017425250262022e-01
6.895805755730948228e-01 1.735591798827493815e-01 1.989695121798587887e-02 9.677749416276175687e-01 1.209038654342293739e-01
2.735581980759825282e-01 5.217879680213621807e-01 3.937629123270144360e-01 7.507298090715015526e-01 5.722063821740448475e-01
3.153180438007517905e-01 1.705360026568611409e-01 7.943998023242456741e-01 9.222308488327130710e-03 7.527971793897449970e-01
4.875661466434476066e-01 5.713802879151788083e-01 5.661586200486495857e-01 7.827695213084264747e-01 8.358283319976180792e-01
1.255400836147153865e-01 5.711880023685506069e-01 6.120296562613753988e-01 2.079811752736969721e-01 6.340015162713825703e-01
9.223688533460443484e-01 9.614145212701475929e-01 3.947471752641421028e-01 3.966311560182936846e-01 2.979275858961045742e-01
6.819971183652385749e-01 7.410141940039152164e-01 6.573432682353855805e-01 9.123947761113857524e-01 4.254265264607965946e-01
1.137912157152444204e-01 4.255277585879506108e-01 8.487127938337787891e-02 8.251702368692752643e-01 4.770394647493958473e-02
5.127952898222905009e-01 8.844581398355853830e-02 1.879195458940559338e-01 6.066700388042765013e-01 2.308209799230098724e-01
2.403145631744236232e-01 4.754772114872619637e-01 7.592129092038240046e-01 4.759460953268498384e-01 8.984762092586606741e-01
4.904619620429150895e-01 6.276002013002421887e-01 3.139988121146828903e-01 9.635659520757660079e-01 6.509285217616707087e-01
5.939156246745805889e-01 5.532797811490602902e-01 5.377074514734940802e-01 6.678779828921554973e-01 8.904243262950330973e-01
8.405937876142268728e-01 8.477505139198840967e-01 2.230233360444741353e-01 5.964632143425484534e-01 5.749439462088048458e-01
6.319842090240401777e-02 2.415865598045384595e-03 7.889303532971421451e-02 9.477082938000055412e-01 2.744167183991521597e-01
9.687517617446621543e-01 9.431448231057735221e-01 7.602052464477990767e-01 9.495245877309337335e-01 4.120533543173223734e-01
2.259541197159915249e-01 6.356523671138273324e-01 2.098821009274093874e-01 6.431955776764952670e-01 6.479476043023169041e-02
9.202787294456800105e-01 9.589688934936169140e-01 8.651756055308797988e-01 9.067180975289035327e-01 8.232209410052746534e-01
5.827173722599252592e-01 1.202185294972918927e-01 2.270612521487994362e-01 4.515368614337879616e-01 1.566581614315509796e-02
9.355510980036239044e-01 3.843783732213993942e-01 3.186610469537504708e-01 4.217699604621170661e-01 6.007347139529883862e-02
6.273167474158823920e-01 6.109878650669614553e-01 9.988862144432448797e-01 4.122237805142057177e-01 9.473461385350674391e-01
1.714170906244199544e-01 6.426992082052902511e-01 1.763849756564698223e-01 8.685795192011501742e-01 8.212046998087316751e-01
3.744317101748415588e-01 3.569806918815262575e-01 8.142873922525811770e-01 8.466777989283139627e-01 6.872270272579044104e-01
4.119972110794485332e-01 4.409629528794223874e-01 5.616366731552784319e-01 3.312994904062810941e-01 3.711666965391486883e-01
5.021551974216742487e-01 4.143088946262181715e-01 4.671097601677208222e-01 5.961218750887433693e-01 5.148334070108830929e-01
2.829134957050422616e-01 9.572702000475241668e-01 5.502001215307971149e-01 5.404264579416575565e-01 5.642047699075192213e-01
1.145522931514957321e-01 5.726153590457128129e-02 8.527420881557801202e-02 3.002828908685217790e-01 1.271524738986045122e-01
5.581996281555434702e-01 8.749928224739684790e-01 3.263851395728561422e-01 7.011189860983172428e-01 6.616015750914812088e-01
8.458444832102701705e-01 9.805405250062767530e-01 1.273018800881419998e-01 7.149637119350730208e-01 5.924297813326120377e-01
6.259595760424150335e-01 9.159800696471566139e-01 9.524021277327434643e-01 9.340388236186735194e-01 8.791774085257202387e-01
5.655151255368874308e-01 8.538793932651516094e-01 9.497718104597461242e-01 8.864058421190340598e-01 8.292039230000227690e-01
8.411849640039099629e-01 2.339663407464369904e-01 6.014704461945804548e-01 4.155649714353773505e-01 4.001785076688975096e-01
1.982099532901111516e-01 1.019100581706110925e-01 7.602338786192808229e-01 3.753470054103153486e-01 1.651645775418728590e-01
9.079942223900721032e-01 7.711627977100862230e-01 3.365791828411864306e-01 4.136940563607937049e-01 5.806185069959610701e-01
3.682646044797184270e-01 6.944671343061927793e-01 1.951019928507768397e-01 8.987751470329038428e-01 4.425974725745618343e-01
7.774292651906948570e-02 8.396380644345619038e-01 7.221984912111203414e-01 8.368416202602146914e-01 9.650962536688894033e-01
3.759391824147277905e-01 1.944096613191285128e-01 3.587332286348299815e-01 3.460145416893010278e-02 1.574493213556706905e-01
1.278230004413190568e-01 6.264191960087368560e-01 2.612033482816721319e-01 6.293887960505767376e-01 5.743139206897467375e-01
7.944527787862485368e-01 5.836331968613088783e-01 2.874406279810675091e-01 5.978284752978141325e-01 1.771843286696821451e-01
4.440771778372405200e-03 1.797120039112228007e-01 3.263662265306966487e-02 4.696670856080486893e-03 4.141906974837183952e-03
7.524515754158121739e-02 9.077329264888026605e-01 2.384966147060108566e-01 6.730676198531286847e-01 6.845621629618108273e-01
8.247843109910720782e-01 2.882749460355005788e-01 2.381507898956675973e-01 4.341796987267649843e-01 1.663226787932217121e-01
8.553471548157780546e-01 6.872411234131091673e-01 6.790888257758832536e-01 5.957548030039857556e-01 9.686910044401884079e-01
1.051379931831263742e-01 5.373130050998291551e-01 2.791450864123118381e-01 6.311221221034154505e-01 2.279335362836718559e-01
6.962619358252462032e-01 9.563696449762408847e-01 3.259474679286139542e-01 5.888312169010658792e-01 4.211545230355113745e-01
4.414239176993490221e-01 2.296959815479855671e-01 3.623901901957616856e-01 4.264389492898016526e-02 9.950598198920488358e-01
4.066724131025765271e-02 1.488647692926211262e-02 5.133281186671032614e-01 4.998592435077634510e-01 1.481736009009182453e-02
1.140880546600786249e-01 1.331338905423920874e-02 1.665511164642552444e-01 1.162798194489276377e-02 1.874600234441459179e-02
4.359752587277874181e-01 5.689406627589238541e-01 5.654144141240609045e-01 7.866246470271338609e-01 3.133268810342997313e-01
8.262273606933957515e-01 7.151090923477049222e-01 7.440576047017354311e-01 8.305660139749250215e-01 8.925810726359486580e-01
4.533198627156989069e-01 7.134440585689991177e-02 7.181048828706475540e-01 5.181047358447474771e-01 2.585789228323847055e-01
8.524103997468570615e-01 2.415267521651411342e-01 8.165091946806641854e-01 8.034914723960250305e-01 6.650601648725569248e-01
8.708879928178242524e-01 2.919547031014012028e-01 7.028656623558039440e-01 9.537468460424912697e-01 1.489276951178908348e-02
7.054568025396589226e-01 7.294041207081439770e-01 6.622169589921974575e-01 1.864425311715385003e-01 9.290044964291155338e-01
8.727668673433470747e-01 6.871193870613750976e-01 7.347237998359412714e-01 7.674109081220976680e-01 1.873377175070345402e-01
1.257894847741150568e-01 5.532947377717964965e-01 1.166839975021195623e-02 6.506443640894163383e-02 5.216024129185825586e-01
7.905434726154326741e-01 6.249114046239382381e-01 1.980432584589547629e-01 4.401034491647294322e-01 9.830402084626257420e-01
5.124993167122086218e-02 5.088443441220643140e-03 2.320175753351551018e-01 1.909587497895299385e-02 1.387410890311002731e-02
3.847713291608617636e-01 3.799301210858351818e-01 3.492887302451393172e-02 9.382487262176488763e-01 7.571913022547960281e-01
2.343990615021519786e-01 8.120026197286002168e-01 9.903732980515701501e-01 4.004240616819880749e-01 3.266187834087759256e-01
9.942229819286939607e-01 4.968420384346484697e-01 7.403600807182126875e-01 6.458405162973119840e-01 8.501751730218529701e-01
7.162653838847620191e-01 1.730043538860973618e-01 4.152743533114029439e-01 3.361752824511493043e-01 4.541240329854190350e-01
6.097255263717655804e-01 9.313608208712974568e-01 7.363822772925384674e-01 4.752828145750117583e-01 3.992766856681555510e-01
7.831389707256765087e-01 8.670801087718935651e-01 7.802377867512684251e-01 5.521438141898878937e-01 7.639653238002210855e-01
2.948646724315570067e-01 7.656634460114353224e-01 4.515234467906729110e-01 5.778269334210536234e-01 3.012982718646526337e-01
4.569304533090711717e-01 4.536778623282191059e-01 9.961259301583988979e-01 6.892497174541333260e-01 5.280704183969646692e-01
1.404574107943790395e-01 4.307039484720625033e-01 2.778752436209922516e-01 4.610247526870213663e-01 3.928033113479614258e-01
3.096789124665510484e-01 9.942889634009649535e-01 4.531779981116891287e-01 4.693591811019992566e-01 6.345406381879001856e-01
9.018615729481538335e-01 8.137678160926918869e-01 9.068328613013125761e-01 6.182389341825624829e-01 9.045673711225390434e-01
1.734069322198711349e-01 8.664256980317172063e-01 4.741798748584038492e-01 4.325850592173301479e-01 3.110756946261972189e-01
4.384970769030033244e-01 4.523348799494392170e-01 2.256828657333715960e-01 9.368524690549210332e-01 9.851678053382784128e-01
4.264930564653157119e-01 6.195530068426648995e-01 3.953184412119236657e-01 4.342515807436457265e-01 8.376670950092375278e-01
9.348217734322481487e-01 4.840191395063958013e-01 5.486150011254670167e-01 8.981857447955607920e-01 3.644144551362842321e-01
5.031066770788791276e-01 5.836910139365344419e-01 6.237612677316691778e-01 8.449571991839759377e-01 8.647403765935450792e-01
1.070549610947953284e-01 3.667476030705302814e-01 4.162035889258799970e-01 5.161746284641186566e-01 5.709112833719700575e-01
2.470861650376104668e-01 8.531746554815937689e-01 6.519675559130586606e-01 4.840653984822470557e-01 4.691903572529554367e-01
3.790439117287010551e-01 4.516638045924463718e-01 6.227193512944004805e-01 1.558040655829517895e-01 1.563810955267399549e-01
4.113530721656991629e-01 6.879346825688634759e-01 4.354796139665407795e-01 2.677361673868050573e-01 5.195706705562770367e-01
9.671534447403715706e-01 5.252673883693168566e-01 5.267573611538951539e-01 3.617101787373849242e-01 1.936680460348725319e-01
1.149761037420142795e-01 3.290090190039131612e-01 5.231516116209281586e-01 7.777463274641884805e-01 5.516426002141088247e-01
6.906430514807075927e-01 8.263072270188861479e-01 6.101077700081464217e-01 4.741924197485137826e-01 5.982481688261032104e-01
3.301974644061083097e-01 7.685352790578300342e-01 5.297819943223774919e-01 2.819560223514673836e-01 9.407332064583897591e-01
4.877147394641171418e-01 1.964273694837129769e-01 4.132330572446410999e-01 5.024894542029189060e-01 7.347812962252646685e-01
8.384771684932178504e-01 6.482479986949963857e-01 4.314529549136332798e-01 5.523765217372790248e-01 3.598199530970305204e-01
1.706406016252429991e-01 1.092169103902587875e-02 1.237145738425433211e-01 6.338250618515294255e-01 1.277289565186947584e-01
1.649111355462120898e-01 6.832174033024719373e-01 2.816476432181167500e-01 7.428210972719873073e-01 4.869635880459100008e-01
9.118643751699526678e-01 4.201738618704453088e-01 3.351913230082517181e-01 9.698510538593257957e-01 9.891157872043550014e-01
3.544995512067121157e-01 6.381797458835537507e-01 6.434086970979333020e-02 2.809715716849763845e-01 2.957585800904780626e-01
5.860579026407248815e-01 7.074593849980556071e-01 7.565717574967942838e-01 8.930497234034641407e-02 1.372725348919630051e-01
2.092659794540423779e-01 3.677279884759365042e-02 7.642768463485437591e-01 3.051604464024272323e-01 3.583674388937652111e-01
1.035441517347979734e-01 5.854033249606065831e-02 1.987574880126846133e-01 5.078790242353186518e-02 6.300337242428213358e-01
9.427248903426171944e-01 7.867875704599011089e-01 1.801024653664940189e-01 3.607444824664092220e-01 2.774055658373981714e-01
9.342523259907946631e-01 8.383075124051113658e-01 9.350789234812946216e-01 8.422195021473801724e-01 9.350242223590612411e-01
5.495321328147165785e-01 4.548365023200123813e-01 9.421931942489387701e-01 8.646083525107849388e-01 4.983465822879225016e-01
7.848013123689184800e-01 4.706197870789579629e-01 3.716092839060477493e-01 2.783087544476285369e-01 1.658870829269289970e-01
1.379675406318827680e-01 8.515415864244721411e-02 1.987949975116944656e-01 1.389022195456371123e-01 7.903532125055789948e-02
5.226912005616055623e-01 5.313160790427517988e-01 9.028182604364909380e-01 9.746108558305255354e-01 7.478321695234626532e-01
1.538815369721270310e-01 1.286654773860627238e-02 5.598629801536064710e-02 5.089528156782775759e-02 1.148539781570434570e-02
1.041577545746529970e-01 1.732339396927515263e-01 9.295573757903969891e-01 2.553270584629299123e-01 4.578861130867153406e-01
1.237711203364766505e-01 3.417117572175870088e-01 6.342010643056472663e-01 5.290434944037796239e-01 3.807221048045903444e-01
8.436104297202868807e-01 4.669597022650243123e-01 7.869576131637772143e-01 4.367000220412430855e-01 6.014344976283609867e-01
5.884569936440539051e-01 7.890017651481142646e-01 7.589588284728332468e-01 2.227368710411688491e-01 4.514179795514792204e-01
6.801713493030695501e-01 9.708756616325904254e-01 1.428189202145162540e-01 8.506545403037791830e-01 4.059947519563138485e-01
7.286802564574851315e-01 3.370975664020136042e-01 4.321731871974073824e-01 2.915839523484199391e-01 1.292949593625962734e-01
4.851820024657950703e-01 9.286380663092316246e-01 9.471984800045035735e-01 5.036370173760420510e-01 8.976032477803528309e-01
3.372689030143578015e-01 5.077709381432761182e-01 7.725370376033134645e-02 6.878399919972799648e-01 4.817151373717933893e-01
4.261860053897530975e-01 8.835813003552217548e-01 4.055412386214437559e-01 7.684161712352647333e-01 7.041108023840934038e-01
6.189771785983599894e-01 1.897410914150854944e-01 8.158156047230741281e-01 2.701673065720247568e-01 6.424929616041481495e-01
2.258822275208209329e-01 1.532287698927879971e-01 9.987980004715986126e-01 2.622447819579754591e-01 5.320736975409090519e-01
1.756663748377284007e-01 2.620934290517437648e-01 4.180132194348505359e-01 8.942769258672398358e-01 4.955814424902200699e-01
9.956730608169928054e-01 8.521628739120760132e-01 6.575845977000884801e-01 8.844632475089641011e-01 5.676582136657088995e-01
5.571732301340748261e-01 6.028292431109952831e-01 2.432706957041547435e-01 5.999188019513875814e-01 1.858880794607102871e-01
8.351904847594967540e-01 6.350754322595735246e-01 9.549642360968166876e-01 3.448496223654923809e-01 7.276751212775707245e-01
6.932788108589490461e-01 8.580172644385529734e-01 3.663833184882325789e-01 8.200303102223689411e-01 9.077161443419754505e-01
1.550961705501875398e-01 3.969915083696379243e-01 8.396925965394415048e-01 7.712722465782945180e-01 9.484328832477331161e-01
4.657324328724067597e-02 3.928290363850390765e-01 1.046010770916767640e-01 2.082221473449096805e-01 7.275088389869779348e-01
1.226198181644340690e-01 3.541518435654130714e-01 2.511667660877480168e-01 4.655043795546762175e-01 5.993373261298984289e-01
3.210427232225056549e-01 6.453000262411581200e-01 1.225093922306698113e-01 6.549798251838904184e-01 6.962987140286713839e-01
7.760538908075849118e-01 3.628093738577884975e-01 9.200214504901055301e-01 5.538091638655620041e-01 7.248407807201147079e-01
9.288229048731159176e-01 4.151864892483916325e-01 2.521119023898119038e-01 7.886659129425741543e-01 2.735558778513222933e-01
5.193791818430019136e-01 3.139725918419032924e-01 5.808825081227897424e-01 4.505503855816337527e-02 2.350694769993424416e-01
1.246320133822839960e-01 1.110668821607645462e-01 7.488703644861067765e-01 1.849448267571623949e-01 3.206227172631770372e-01
1.692497699888282636e-01 4.090422617746877765e-01 6.209659193309241543e-01 3.947341954847310985e-01 6.611218445468693972e-01
9.326884758030226097e-01 6.939112520433859954e-01 2.275320918556430483e-01 9.885982175066991839e-01 4.348779830615967512e-01
8.090099107869973549e-01 4.392175895498525717e-01 2.618687455101011974e-01 5.707502681620021424e-03 1.348041044548153877e-01
2.009688902839640023e-01 4.401208023143036163e-01 8.882526350538122450e-01 6.938486476038759898e-01 7.452401984483003616e-01
7.556587857008676412e-01 7.712938193807892251e-01 8.043197949698618898e-02 1.432846672853995973e-01 8.642966179177165031e-01
7.010633179148771932e-01 6.907835350017919041e-01 1.971914851807100508e-02 1.740431038818149312e-02 1.213334617204964161e-02
4.950273170118765220e-01 8.988085214608775297e-01 4.727802600930739452e-01 9.621598959370706305e-01 6.395715202670544386e-01
3.931907647149295304e-01 6.164445139861466361e-01 7.411397087190123578e-01 7.754284669517257367e-01 6.426776587031781673e-01
9.947892191843502596e-01 8.686432301805687706e-01 2.036500256831680344e-01 4.565857502555970004e-01 6.464293003082275391e-01
8.659752035268138970e-01 9.751927326132888707e-01 5.288994681870752557e-02 4.741951085537821631e-01 1.291728657670319080e-01
1.127773165063532673e-01 5.972131033887517759e-02 5.639371195888466248e-01 2.840914818725717716e-01 1.300213518552482128e-01
8.272246024338515413e-01 8.997967059058077366e-01 7.252033570698497300e-01 9.466276704249180218e-01 5.195557053666561842e-01
8.878184568438619584e-01 4.473250328921262731e-01 6.742775945924325276e-01 7.558446402185015067e-01 6.292240892071276903e-01
9.774750017877910091e-01 9.937531004983095606e-01 6.997245080884747503e-01 3.291771667643092480e-01 6.951623328495770693e-01
4.575717317798048689e-01 5.191948359296821858e-02 4.350396497131717166e-02 4.828450563757409886e-01 7.932235044427216053e-02
2.725003590032964995e-01 8.522484546943011052e-01 1.714873970710070195e-01 2.449264756205161708e-01 9.488553381524980068e-01
6.374226823338375869e-01 5.246447986953971521e-01 2.095549057059522269e-01 8.893461459331052366e-01 6.354410327039659023e-01
1.484847192896735467e-02 2.788423436088733887e-01 5.133122078441276770e-02 8.504698921448722304e-02 2.573198184836655855e-01
9.325053415670035983e-01 9.111289051675650619e-01 9.860891976940842074e-01 8.951228736918535045e-01 7.500530711840838194e-01
4.742329106364796543e-01 8.612091991756316567e-01 3.645807135948048172e-01 9.884507906152188716e-02 3.491171665955334902e-01
4.545405660452418450e-01 9.341811640165619268e-01 5.405590930394016391e-01 7.327643592565852293e-01 7.304528239183127880e-01
9.942954048964920410e-01 5.689133630020786203e-01 5.992194411580135244e-02 4.917649690943958762e-01 9.221247315872460604e-01
6.136762020367140247e-01 4.673234577726456673e-01 4.204252057705416545e-01 5.524079826821217676e-01 9.133729406166821718e-01
1.979406346841932063e-01 5.885969933609974669e-01 1.562426495397152004e-01 3.578408504536541579e-01 1.741356421262025833e-01
7.826080707502589551e-01 4.929136635014739198e-01 9.661031868749162532e-01 9.768904596869020240e-01 8.515799215529114008e-01
9.672028894457782022e-02 8.207917563128863669e-01 7.744404195614444653e-02 6.244207266628410968e-01 8.551997700706124306e-01
7.649317474088178637e-01 6.010559223325235845e-01 1.716127924291802054e-01 8.807587465742344746e-01 2.150684727821499109e-01
4.923186838849842317e-01 5.695237650783551153e-01 6.213959835956013311e-01 2.284777109759956182e-01 7.362357764504849911e-01
7.368718307469831474e-01 8.881880861533529847e-01 2.545442840561004116e-01 4.953203280886995796e-01 3.035678085871040821e-02
1.509251167715880415e-01 2.946565624892462654e-01 2.581530913244999836e-01 4.437651246770942248e-01 6.794997313991189003e-01
5.216017524527342131e-01 4.862541642500597394e-01 1.494466024325723785e-01 1.444460361157509365e-01 2.684637887869030237e-01
9.857633323750091270e-01 3.646320791180339416e-02 2.857063936544647631e-01 8.895149039100581911e-02 2.480582084972411394e-01
9.422059679944987387e-01 3.873056451729930960e-01 8.210850121340049768e-01 2.089185811563090134e-01 8.196499433834105730e-01
1.985145748304016355e-01 8.455173351566922513e-01 9.111788191904282019e-01 9.911085468478598726e-01 4.290429844986647367e-01
5.779690931510783614e-02 5.389653845149849909e-01 8.774131221462322383e-01 9.855064666431820886e-01 1.963366449344903231e-01
1.605453663633189532e-01 6.750120736602726046e-01 4.335095529046610885e-01 7.855443828660700900e-01 1.795561956241726875e-01
9.574281310477912310e-01 4.069644152390646807e-01 4.758765589631691606e-01 9.584185718423799960e-01 2.496554011013358831e-01
5.473818731239151747e-01 8.363244524882018638e-01 6.472313117701288254e-01 3.159777227630700680e-01 4.436854866798967123e-01
4.853331475522374983e-01 7.574569676501994309e-01 4.929278214463052032e-01 6.130380872663327985e-01 8.082981160841882229e-01
9.896830621291541341e-01 8.259673758360904783e-01 8.733988814501987274e-01 6.167824365901956041e-01 7.870937872212380171e-01
7.477707643715674202e-01 6.522262535421112783e-01 9.277153045143022858e-01 2.545349239742810687e-01 6.487829012330621481e-01
5.129243481764698132e-01 4.506226047569864002e-01 7.855501813192363736e-01 5.067738052797787773e-01 8.296094920951873064e-01
5.776974497312033913e-02 8.880969497429617165e-01 9.444187948188519366e-01 6.261028202534213438e-01 3.346575861796736717e-01
5.715315759441290389e-02 2.664915915824924153e-01 5.456629143504923007e-01 4.540036585299060679e-02 2.741967437323182821e-01
7.507485043658093105e-01 1.439971977936932435e-01 6.856312397087662713e-01 5.646173913665123445e-01 7.871682371478527784e-01
7.259267092482333261e-01 7.320946025301974247e-01 7.272036115425347669e-01 2.645034998158597439e-01 6.004453597124665976e-01
4.721669132358131266e-02 1.390129486416603610e-01 1.673681971770552834e-01 8.227690101031097727e-03 9.943669661879539490e-02
7.636773947932106177e-01 5.533328217620947509e-01 8.111401222907412001e-02 3.783018789049623354e-02 5.904690711759030819e-01
3.017873728668430400e-01 5.818980208756686645e-01 4.212387292708010267e-01 7.477794383176104009e-01 3.755709778051823378e-01
1.655802990669119901e-01 7.115277545078534382e-01 9.973249754141206846e-01 4.688773498381513805e-01 9.932129187509417534e-01
3.889676050416785991e-01 4.220358992870948400e-01 7.097623823197315995e-02 5.863791820872762961e-02 2.268703766167163849e-01
4.488368580077032322e-01 5.632670257475204112e-01 5.593289303922078792e-01 5.921169692735158696e-01 1.387613045517355204e-01
6.927764865750847267e-01 5.869553863524008541e-01 4.882210800966394482e-01 2.575937775596384149e-01 6.214557513594627380e-01
2.909604277859589860e-01 6.029237979274011394e-01 2.420862969143576515e-01 6.628757849799538082e-01 6.299429601058363914e-01
2.372948043223534753e-01 6.056513814960693409e-01 3.877579077963613230e-01 6.014536313840758153e-01 2.690453408285975456e-02
5.891344544312424603e-01 4.728412784190647589e-01 4.048412017775407379e-01 6.484761679202273310e-01 5.496742457617074251e-01
4.743005458063939694e-01 9.951165513644024685e-01 7.361036561984293236e-01 4.688107038135464477e-01 5.209304066374897957e-01
2.855539251057452876e-01 3.735362797677020397e-01 8.485484961926057501e-01 4.154456139287863725e-01 5.252336254343390465e-01
6.301176229043363719e-01 8.691182963141612650e-01 6.616431160947258139e-01 8.383762367890607026e-01 9.131686247419565916e-01
3.690387701448616942e-01 1.255404741717620065e-01 9.199463666796126038e-01 7.047898181884295621e-01 3.501600206363946199e-01
2.376058069969576303e-01 6.158408349345921851e-01 5.521354165557020854e-01 3.829047695035741050e-01 1.588495685718953609e-01
6.510158404297595736e-01 1.418875431881948534e-01 9.339264074063100551e-01 9.549528725208313862e-01 4.167322013527154922e-01
3.151506796645902053e-01 8.374574477283435181e-01 4.937105948804742517e-01 3.601299778285687592e-01 6.824126776773482561e-01
8.070849759079797847e-01 3.696913098155455990e-01 7.107755921263494425e-01 7.367429580030230296e-01 5.642825290560722351e-01
5.273472040177420439e-01 8.128620734349844001e-01 8.241980961553160290e-01 8.128843103369080003e-01 3.123041042126715183e-01
7.546761158679878845e-01 9.761442393418172658e-01 3.648562484788341886e-01 6.989556640528628018e-01 5.866656377911567688e-01
4.482879360144160219e-01 9.344824518218585174e-01 8.682775465286324268e-01 9.323181648569420776e-01 8.948923833668231964e-01
5.756432538592453074e-01 5.847805719769656463e-01 4.710208798283140319e-01 4.860830571459568983e-01 7.633493584580719471e-01
5.620658407729708372e-01 5.736122682618249868e-01 7.603115147019082753e-01 2.284672829265401439e-01 5.163011450786143541e-01
3.293466162622192273e-01 6.063760500040499268e-01 3.633140889176600941e-01 3.174456277701420692e-01 2.557884042616933584e-01
3.241786353861251246e-01 2.194964062290961082e-01 7.155218448595300484e-02 2.595028155709906970e-01 3.450705858413130045e-01
2.820723297269392971e-01 6.782521803954466577e-01 1.239982670851638158e-01 6.847592817924941233e-02 8.914205071050673723e-01
3.591791715596834855e-01 3.765789340674122881e-02 1.283744139577913945e-01 2.941928248273647517e-01 4.781832359731197357e-02
6.606840345753246524e-01 4.614854879674701871e-01 4.296911239268030869e-01 6.446093811744785240e-01 7.136477709282189608e-01
2.508835194076330377e-01 8.328150977081160145e-01 3.962288607742879831e-01 8.587671577135093381e-02 4.191789904143661261e-01
8.030143134781135839e-01 7.896178531132335143e-01 8.930212660376549705e-01 2.809715368932688140e-01 8.526248424313962460e-01
8.047118582075314386e-01 5.326378687052200078e-01 4.172127159374166006e-01 2.245833719814956664e-01 9.545967218000441790e-01
3.622702067083994892e-01 1.990938906523707086e-01 9.465457097119336360e-01 5.472328366037101377e-01 6.978989024646580219e-01
1.578083775499293795e-01 8.346136333828696463e-01 4.733087413087079254e-01 9.251108247497797921e-01 9.072967558167874813e-01
7.307027437625991384e-01 7.167712495653859595e-01 6.929745446557635802e-01 6.696377296008618751e-01 8.850526316091418266e-01
6.030968878723318161e-02 5.111999051109040737e-01 9.559863461690899511e-01 2.583945303506378632e-01 5.715262410230934620e-01
6.275771032224929380e-01 4.875943871482899539e-01 8.386406270698743004e-01 8.635279683158176844e-01 5.168769822921603918e-01
8.500102949566917809e-01 5.509386222886453882e-02 4.312645312477644821e-02 1.671292547096923237e-02 5.218726189341396093e-01
4.305726615760900322e-01 5.692905957244733806e-01 6.827185081538400535e-01 6.598390879488251481e-02 9.652045590337365866e-01
5.847815539878519209e-01 8.933358465609781973e-01 4.359433689378176546e-01 2.661876153693232827e-01 8.315794013906270266e-01
4.474194042410764051e-03 9.597324187683078239e-03 5.223851437479039017e-01 8.489364267194214608e-02 5.961016076616942883e-02
1.577956707406396319e-01 5.042557597572299155e-01 7.947775710133589966e-01 5.532821319209217936e-01 1.606517876498401165e-01
8.824446496185879285e-01 4.065604145980533102e-01 8.281016179108255937e-01 8.534820322598204445e-01 7.569067517761141062e-01
3.459087631106347871e-01 5.016443038787053998e-01 9.065806292688726176e-01 9.016247932167088530e-01 1.503914524801075459e-01
9.414163926848510000e-01 7.753870129066708916e-01 6.542480617472810900e-02 3.631488486332564714e-01 2.138021350838243961e-01
1.502925247322145219e-01 9.633210853916267524e-01 1.792050491852316962e-01 1.077604135080678094e-01 4.533240464515984058e-01
3.574306638398444969e-03 4.983759296935223737e-02 9.395145200707419320e-02 1.505563511343594070e-02 1.829505646601319313e-01
8.007193965502417132e-01 8.413770543364565979e-01 8.124830044528019712e-01 1.591502614206953270e-01 4.456114100757986307e-01
4.403881367499807853e-01 9.590301506283184230e-01 9.044031105648019375e-01 5.688289661091080474e-01 7.697444965597242117e-01
7.438348218425012461e-03 3.314742749120247467e-01 6.519831164952743542e-03 2.482015714432093123e-01 3.391783398110419512e-01
6.986741499562584279e-01 6.662820045216137910e-01 6.341744131458755263e-01 6.077594568311733836e-01 7.754051713272929192e-01
1.249441558761156673e-01 4.860427502898589935e-02 6.347097632104393705e-01 3.360965001848758016e-01 1.812370750121772289e-02
1.324515230950082945e-01 6.569569809876735222e-02 3.206742670473510665e-02 4.646129998534331285e-01 1.395824202336370945e-02
2.193967410908808369e-01 1.345669273567725865e-01 2.617197724979614809e-02 3.939327079050712888e-01 2.357574482448399067e-01
6.295719590803753318e-01 2.005934859880545706e-01 1.926486329138277914e-02 5.823819215333086996e-01 4.624907055404037237e-01
6.589521975503597195e-01 2.084401995340472435e-01 3.381076654413442961e-01 8.709768578229768465e-01 3.711963121313601732e-01
5.893030924522297820e-01 7.388492308341665371e-01 2.934381797003219883e-01 2.127119211772038609e-01 2.466214378364384174e-01
2.312720223084427928e-01 2.057822399649896772e-01 1.709302180692814921e-02 1.393534907252934885e-01 1.056719059124588966e-02
3.414586506806348565e-01 4.463694809866640134e-01 6.838393684542766471e-02 3.761084011235890645e-02 4.113334021531045437e-02
1.796402011387963904e-01 4.015844834657088525e-01 2.034822597704929459e-01 9.041263110314819995e-01 3.110208569560199976e-01
9.179152418250619005e-02 9.939777008846393258e-01 1.292767363375202372e-01 6.979763250335879743e-01 9.178044158034026623e-02
3.223364434847332261e-01 4.663568993090657089e-01 4.229422473327283383e-01 8.172996905295883963e-01 9.965738742612302303e-01
6.470467434768762960e-01 1.727175387275330098e-01 5.516478999679252926e-01 7.267494734052989402e-01 1.181503918487578630e-01
8.544551696671441599e-02 5.819598474801024324e-01 4.380145195545713244e-01 3.517618137848434468e-01 7.880976200103759766e-01
8.256764309674313740e-01 6.760754762436894660e-01 3.146093349818471219e-01 3.125216616601240310e-02 4.118145955726504326e-01
5.516668968597543410e-02 2.597428349998960884e-01 8.813402337658883257e-01 5.498836121724679504e-01 3.900310986209660769e-01
6.784225463740195528e-01 8.764847296750140071e-01 6.548390597384775580e-01 4.166630405544065607e-01 8.974049089010804892e-01
2.045101880369250280e-01 2.903006855479055570e-01 9.784123941037797811e-01 8.617797180523438794e-01 3.424906597938388586e-01
3.936196074528251765e-02 8.186252687314657939e-01 4.143605832468769123e-02 2.728338792939234356e-02 2.040326157584786415e-01
4.698298063488360876e-01 1.776514053971913198e-01 5.988167969647910649e-01 3.797234558630841472e-01 5.916896136477589607e-01
2.381243026386844486e-01 7.389112501244026188e-01 9.689278219928003644e-01 3.520965967183650736e-01 7.160886290948837996e-01
8.926019450822597623e-01 4.859270708553623530e-01 3.750459657105185696e-01 2.294015230298477315e-01 9.965473967604339123e-01
6.783124753580289656e-01 8.162283912201830915e-01 7.355063990058260393e-01 2.465859483763723492e-01 6.013964193407446146e-01
1.183624986987978078e-01 2.682209905469113420e-01 5.194012800077782988e-01 6.602332321140834681e-01 5.711681663524359465e-01
2.922513893349897862e-01 4.547430400978355047e-01 5.502379156259734616e-01 9.888244322559536226e-01 7.234001662582159042e-01
5.332632951648990094e-01 8.916825777706097744e-01 9.762233083455330584e-01 5.484676157695866916e-01 5.889967295806854963e-01
1.035695029368720044e-01 7.586194067511892181e-01 3.240321245994653987e-01 8.515593282728780578e-01 2.789451426360756159e-01
4.149432119689451248e-01 3.738871480242156875e-01 9.956722314340813451e-01 3.456429970225617376e-01 8.330151960253715515e-01
5.535524545347421110e-01 3.493211186998791962e-01 3.412034208105824140e-01 3.971207365123761157e-01 4.057634030468761921e-01
4.006933835699779678e-01 5.963136476286625687e-01 7.969838559946509915e-02 6.019136948758141425e-01 1.645608514081686735e-01
5.098031249035077650e-01 9.190547433410566347e-01 5.492233343007753010e-01 3.154869358998252937e-01 6.781600117683410645e-01
9.607926879982173762e-01 7.334943300087309881e-01 8.137496593759382946e-02 2.786200670524828782e-01 9.911509349476546049e-01
4.241932344383801401e-01 1.026800712130441773e-01 1.001841947306391784e-01 3.719918534784074637e-01 9.494181158952414989e-01
9.599014416896581858e-01 6.915628790577577067e-01 7.686563158074506408e-01 7.468197908664246931e-01 8.563917598221451044e-01
6.408202059225980296e-01 4.044645223630774500e-01 3.406248621312766428e-02 2.912608234041329409e-03 6.229016860015690327e-02
1.919933923094015449e-01 2.679882098847159999e-01 8.461978405617950894e-02 3.438291991894535382e-01 6.147591446060687304e-01
8.647542061190647278e-01 9.929626713855567444e-02 9.847573620439764586e-02 4.056350549144928097e-01 8.380466017406433821e-01
6.233426124155355512e-03 4.995874499571683475e-03 1.519674882137518612e-01 5.641441660202690667e-01 6.186484592035412788e-03
8.223220326055532547e-01 8.003444541436385284e-01 9.741796782970617574e-01 4.923214297359604918e-01 5.909748547710478306e-01
2.332070230651769049e-01 1.488492633121859532e-01 5.003045781537432402e-02 1.883615366867534002e-01 9.225578675977885723e-02
3.415592611727055750e-01 3.839282933146414001e-01 2.738464505389608394e-01 4.353167523688838969e-01 3.921450362540781498e-01
2.831428161231437923e-01 1.854920522094857804e-01 3.728250803602428110e-01 7.875238683653554839e-01 8.051840991247445345e-01
1.381277762989654816e-02 9.232387587029790288e-02 7.593177377047272136e-02 2.456548963242356498e-01 3.652212673332542181e-01
3.021891717727866467e-01 8.773562004137931414e-01 4.720909763886577126e-01 1.206581518771489558e-01 3.229196923784911633e-01
3.803948299037631653e-01 4.042678425953842303e-01 4.184213128195125031e-01 9.038681355339808210e-01 7.265231418423354626e-01
2.124681827614586238e-01 6.804085221532267802e-01 4.420479182127934337e-01 1.407113002441787164e-01 3.976997388526797295e-01
8.543807700390900761e-01 4.648471646717525774e-01 7.718281055821807346e-01 9.261207686031353026e-02 7.655664077028632164e-01
9.017475657050095794e-01 6.389615722615288318e-01 9.102378830111229613e-01 2.035051643189125237e-01 3.706075830850750208e-01
1.935976509404092050e-01 3.478451864772513225e-01 4.299417731516215757e-01 1.190501062082101325e-01 4.502788069657981396e-02
6.119089510799310405e-01 2.208409568822153612e-01 5.642267125476712053e-01 9.660819393608855998e-01 4.059686530381441116e-01
9.280383275174549640e-01 6.803098754398717585e-01 4.338295401330873047e-02 9.191190591504646568e-01 1.094816930126398802e-01
5.764666116207877167e-01 8.665361225158903224e-02 1.774993569607496643e-02 2.352768191454147617e-01 2.193413043860346079e-01
5.932635366057115167e-02 7.802305422862019224e-01 2.540377921502279257e-01 9.929726021733459307e-01 5.777513224165886641e-01
7.218633899213493521e-01 1.225255457936111625e-01 9.558150218415829569e-01 5.707042488638108813e-01 6.173358235973864794e-01
4.291307838838352429e-01 6.057083852601681251e-01 5.508946003501861977e-02 1.682724795831800442e-03 3.038789331912994385e-02
6.699167192690528294e-01 8.449125202109003530e-01 6.944539714149742249e-01 4.244065996595564050e-01 4.607932581566274166e-01
3.971919725277134328e-01 4.308631072003388796e-01 7.887945604872893535e-01 7.530303477367756848e-01 6.643934715539216995e-01
4.685992363389039905e-01 2.329018854145248063e-01 9.872612251612065126e-01 7.736631359817865150e-02 5.818946799263358116e-02
4.760910681758459551e-01 7.361282063305819856e-02 8.130259122688506812e-01 6.535585554599259162e-01 4.470669177826493979e-01
2.893860124228269659e-01 1.690038353230329526e-01 1.400427376884176567e-01 9.376316413779339776e-01 5.344459321349859238e-01
3.750636230274675964e-01 6.874627526099955643e-01 5.724139659100052624e-01 5.141404347990098378e-01 7.070630691014230251e-01
3.665096080036983617e-01 6.073292286020213204e-01 3.951919384119245704e-01 6.345465252302584513e-01 9.745371956378221512e-01
6.559626288533483285e-01 9.840677055725979283e-01 6.595769976231906639e-01 6.328700275242535866e-01 4.525720155797898769e-01
8.785260548950261095e-01 4.500247843889276234e-01 8.763756021633988258e-01 8.841229776667681728e-01 1.655041712801903486e-01
1.705475110722428356e-01 5.753623147589798092e-02 8.785568556986673716e-01 4.613569551871584545e-02 8.588579718489199877e-01
8.686782737308272884e-01 9.552605539961438463e-01 5.888007534517422092e-01 3.003415615828943785e-01 7.486198309343308210e-01
2.348656118077144805e-01 2.497773141041723099e-01 2.157871817059407171e-01 4.081027772805225773e-01 6.764078515116125345e-01
6.810681265261060435e-01 7.019830445773297400e-01 4.903435744290996490e-01 4.310288789396071740e-01 8.378869823645800352e-01
1.331296487702344489e-01 7.834186203980215701e-01 2.681398558576561508e-03 3.386894746034545961e-02 4.283536691218614578e-04
2.750861151990273701e-01 7.824707702315134572e-01 1.187531714106933312e-01 3.609665221923766820e-01 5.409535276703536510e-01
5.771345775241605303e-01 7.062605617264189339e-01 8.707647700735930973e-01 2.893929447715266057e-01 5.035778209567070007e-01
2.764259418055185491e-01 6.133941791467393267e-01 6.796426436857814224e-01 1.123183680470264123e-01 3.005651796702295542e-01
8.825894864359546954e-01 3.003971135814761939e-01 2.886805449475847440e-02 3.666557173833083216e-01 4.515069946646690369e-01
7.396991546992846001e-01 9.549985862628712630e-01 8.822570249753066696e-01 8.850503187086427026e-01 6.727444652933627367e-01
7.501112015910835762e-01 3.932383495767672321e-01 9.265611764513720372e-02 8.505580093693080324e-01 1.395634040236473083e-01
4.974288707066875093e-01 6.124892231421462663e-01 9.292354779771385687e-01 9.616864189809013475e-01 9.341577070299535990e-01
4.297368899718880808e-01 6.197929042181954395e-01 5.222482430515895668e-01 4.738221401512431874e-01 6.548039652407169342e-01
3.091352049833212545e-01 2.354208794038770147e-01 7.634653726893873005e-01 3.016743313073038668e-01 2.919036643579602242e-01
4.516830047483771926e-02 2.591974127819305362e-01 1.662544017334103563e-01 9.801463081278072309e-02 3.193753703963011503e-01
6.667891972709520942e-01 7.281719016511176701e-01 3.964771691538083731e-01 2.651838819752725396e-01 2.181404700968414545e-01
8.030210816605678481e-01 9.551635508870113256e-01 4.060871615031101389e-01 9.037386692313346126e-01 7.263585480395704508e-01
2.343480380865658741e-01 7.848360812760607486e-01 2.152801562657853107e-01 6.329739286246836016e-01 9.662811644375324249e-01
3.121598128958448792e-01 3.570898190051375876e-01 3.944119673007226989e-01 4.621786050066689078e-01 2.011183511931449175e-01
3.137562118408103173e-01 4.263421569854171644e-01 1.539579039725400555e-01 7.044375150405268737e-01 4.524925239384174347e-01
6.334204650754612365e-01 1.850583533923580992e-01 2.394996003335085333e-01 4.407863792029148575e-01 4.862111415714025497e-01
8.525521815539253145e-01 1.047436004388183246e-02 2.418924918127441648e-01 7.286172927715089953e-02 1.225014594383537769e-01
8.762615352827453075e-01 2.270692236635026284e-01 3.700777492645687672e-01 8.324977557681966234e-01 4.120638109743595123e-01
9.682380198911271219e-01 8.617055203509438321e-01 8.701144752568389373e-01 7.594744489915592478e-01 3.854654005263000727e-01
5.634078777067049737e-01 1.240069183673535719e-01 9.527692938063154759e-01 7.182272530247367781e-01 3.438736125826835632e-01
1.432324658893164848e-01 2.154643587059650589e-01 5.556378551195004789e-01 4.647717848705358312e-01 5.413229661062359810e-01
8.543703880955171026e-02 4.797158756317857625e-02 5.651967306998969542e-01 7.145618514727214432e-01 1.485285237431526184e-01
8.949694308034309431e-01 7.905901240013490927e-01 7.776073183882153961e-01 6.612992766366889708e-01 4.568679700605571270e-01
5.272350158182301794e-01 6.903652715844753596e-01 2.181269118549263863e-01 7.012799373433253880e-01 6.551825285423547029e-01
9.798024962867820653e-01 6.518236486987615264e-01 8.917629846393785309e-01 4.830745246207822086e-01 8.708347752690315247e-01
6.894886036135545737e-01 7.699039609989423161e-01 5.729067399653724468e-01 2.320254990266743533e-01 9.279681576881557703e-01
7.883007290136228029e-01 2.102427737737919688e-01 9.709680192382698083e-01 4.759015482044141598e-01 8.338829088024795055e-01
1.696858008742521129e-01 4.562983750023298923e-01 5.691389678492172477e-01 6.844477668529947989e-01 8.272806899622082710e-01
4.012598723557770919e-01 9.787854555360995246e-01 7.146770724483124670e-01 8.858636345776226273e-01 9.562909593805670738e-01
8.914975745832478538e-01 9.590617386102562314e-01 9.641991189596571532e-01 3.773033250161332841e-01 7.161295891273766756e-01
1.500840048108975922e-01 6.962257425542662803e-01 9.304875755751625954e-01 7.143153868803162609e-01 6.210258554201573133e-01
9.667936942707033854e-01 6.830254426043139704e-01 7.282354737173395431e-01 7.945343926142716118e-01 9.374982137233018875e-01
5.809523491547136098e-01 8.497899263665585901e-01 1.282813450456835036e-01 2.380960377142180839e-01 9.414202785119414330e-01
4.163802838902460612e-01 9.092948668166379866e-03 7.051131750902374096e-01 9.413907855584104922e-01 3.249140463303774595e-01
3.004482377189401920e-01 4.264394626506938790e-01 5.798920939219125437e-01 6.822804469846593944e-01 7.397302808240056038e-01
6.870728427205433642e-01 3.582726833149619400e-02 2.226334770801944030e-01 2.318020851652106695e-01 3.686211744789034128e-01
2.813199352475466153e-01 3.961392717170172384e-01 7.317397931245521736e-01 5.338691335220898670e-01 8.338662807364016771e-01
7.050503746845571129e-01 9.917303341663618044e-01 5.486780224717442422e-01 7.411201311698040195e-01 8.891286219004541636e-01
3.236372799256967969e-01 6.153976656903159537e-01 9.878424618391791479e-02 5.988163197043945285e-01 8.395031450781971216e-01
2.809662783693736565e-01 2.786798653447818963e-01 7.393639495281876250e-01 2.966657893546292835e-01 2.912740095052868128e-01
9.367153314678231535e-01 2.354425849448546493e-01 9.078413532479385761e-01 7.107204552662360619e-01 3.406329106073826551e-01
5.211446279331158893e-01 6.264594921274752037e-01 8.350605199763245778e-01 3.795901419244527286e-01 3.363697417080402374e-01
1.469117552469674792e-01 1.465919408239019228e-01 1.178249816572998765e-01 1.506630498019446707e-01 3.715434556361287832e-01
6.361122447539074853e-01 2.592697825336599537e-01 5.985271147340447406e-01 3.306542586180247767e-01 9.091185436118394136e-01
2.453812924811258900e-01 1.754683473652662307e-01 4.974278187752083080e-01 3.043691222237434602e-01 7.446915174368768930e-01
4.960499132762518637e-01 1.032659156850549431e-01 8.726189764086705880e-01 5.030379704583870515e-01 6.283858332317322493e-01
4.940371386490304273e-01 1.505570609930592663e-01 8.691610408734463666e-01 9.641582766543113081e-01 5.465388263110071421e-01
6.286987240560668599e-01 4.706162888320069015e-01 2.248093486800524787e-01 3.123216852641984564e-01 8.926778943277895451e-01
9.807753167891479773e-01 4.769582941935970322e-01 6.358057940701929978e-01 8.014483915384393864e-01 9.608828588388860226e-01
2.119945745732755849e-01 6.565541552395920410e-01 6.444878964533352628e-01 9.402701926147449818e-01 4.762763809412717819e-01
9.231477185760760262e-01 2.038453214691650917e-01 9.189473857791835565e-01 1.288466233839396236e-01 3.430605409666895866e-01
9.171454392335404160e-01 5.983881322524035040e-01 3.685480012275336725e-01 3.575327628223342047e-01 4.066619505174458027e-01
4.611950180977870128e-01 6.064494379439644423e-01 6.772846664203933109e-01 9.158046772963946980e-01 2.763524251058697701e-01
6.379047515476735652e-01 3.595717854897548249e-01 3.378127395395584820e-01 6.043345186473356723e-01 9.045695015229284763e-01
6.817008022761165131e-01 8.530528894958961938e-01 5.953147719132003690e-01 3.031913938874726822e-01 3.020118209533393383e-01
3.447982662969624190e-01 6.310043120161882291e-01 4.965571752069804501e-01 6.147104754037165941e-01 2.336210987996309996e-01
1.850619083825811861e-01 9.696752980519007803e-01 3.402683398596165754e-01 4.902466407876787668e-01 6.112728968728333712e-01
9.284543220521819240e-01 4.921176058643802337e-02 4.535430787981818423e-01 5.097940284393866900e-02 2.131562049034982920e-01
7.275980567896437323e-01 4.179535703269438018e-02 2.978475091122436691e-01 6.270653253422955875e-02 4.220243880990892649e-01
1.295974110425667791e-01 4.633907736754647178e-01 6.702357855597974867e-02 8.670706534681360544e-01 3.663713242858648300e-01
6.236586284630282195e-01 9.604631758819847098e-01 5.504484879384261564e-01 6.145919932436395838e-02 6.202052044682204723e-02
1.474865796413553087e-01 3.993831506683152566e-01 3.353508620560066711e-01 3.224185461161657718e-02 7.256064005196094513e-01
9.370955116417886144e-01 5.050378339061829536e-01 2.739395225097570052e-01 9.267759150333596541e-01 9.663284725975245237e-01
1.217833331808711311e-01 7.127846518165121825e-01 1.073825052808126748e-02 1.470421956432626798e-01 2.308624458964914083e-01
9.724395806766050754e-01 8.392356610820490559e-01 9.351016023654676879e-01 3.089376515074283014e-01 7.813674465287476778e-01
5.128417947460990334e-01 5.076374812881895293e-01 9.181700023723767812e-01 4.226713286949136950e-01 9.843583586625754833e-01
4.442489898453119701e-01 6.814299645782123660e-01 1.991584898374970658e-01 7.240469222689797091e-01 7.331148157827556133e-01
5.440399518931680056e-01 4.146836549590082188e-01 1.775019426243069631e-01 6.825091156733670283e-01 2.963901893235743046e-02
2.793254225327754803e-01 3.738224067255198069e-01 3.446061308308530080e-01 7.390148184416041321e-02 5.501325810328125954e-01
7.209550730964794374e-01 4.277334213976957678e-01 8.541209182705897796e-01 5.021633642018428212e-01 7.855375313665717840e-01
2.291761838423835296e-01 9.097025393551092520e-01 2.153502175849976441e-01 7.765277046353202817e-01 6.698257313109934330e-02
3.730006474105142938e-02 3.727212376799618476e-01 8.589960918981108806e-01 2.187777994181824281e-01 2.771810994017869234e-01
8.607968007070929128e-02 2.706347233024851140e-01 1.660172473124313930e-01 1.754165878001161527e-01 3.053860575892031193e-02
9.012525394633449372e-01 5.701750554032296581e-01 4.978282906610576597e-01 6.369775048403684137e-01 4.395505029242485762e-01
7.932969156453837378e-01 7.572946290375055511e-01 2.994719756871187522e-01 3.840806164749556717e-01 4.769315365701913834e-01
3.742226314926380137e-01 6.854141436380024599e-01 3.619491596354795226e-01 4.326360635175445224e-01 8.146375613287091255e-01
1.470832467956676992e-01 3.782323100809781291e-01 5.204253092701365269e-01 8.044863498544615465e-01 5.814592766109853983e-01
8.734577748354477311e-01 3.271781378953435571e-01 8.315967672914569286e-01 9.522696460862711820e-01 9.936663841363042593e-01
5.467164750380666405e-01 5.393819797160847029e-01 8.327550977106056296e-01 7.716627590391378355e-01 8.258626912720501423e-01
1.105334249134756145e-03 4.265071780174815030e-01 1.021267082600082893e-01 4.652671357474159053e-01 4.473686916753649712e-03
9.302924912015233527e-01 2.508101465413236641e-01 5.424988927613438872e-01 4.754439285385412273e-01 4.387414613738656044e-01
4.338967626772860520e-01 9.212973256088668669e-03 2.633988814625607411e-01 6.088990398321956210e-01 2.008020959328860044e-01
8.562120022934684993e-01 9.093630549861098089e-01 6.793676338868052111e-01 5.995079545226698059e-01 8.616873358841985464e-01
7.568554686769758399e-01 1.975698505884396772e-01 8.606141956141133420e-02 2.826942803322640349e-02 1.213049811776727438e-01
6.521105880050780401e-01 3.578349902174796648e-01 9.240282954924645686e-01 5.988183084059078842e-01 6.084683074150234461e-01
6.171676461257975532e-01 6.257595928997788937e-01 7.797588537574501322e-01 9.549748362932724000e-01 6.678739001508802176e-01
5.093937947696225432e-01 9.108824974317322187e-01 3.064346065714854128e-01 6.627135508821083709e-01 7.328593777492642403e-02
2.619484465669926210e-01 4.940143987939812908e-01 5.478842394533073312e-01 8.607383461246815859e-01 4.496055243071168661e-01
6.959248073354604713e-01 6.502155677432625014e-01 8.452127812395232587e-01 6.665058960803202925e-01 3.370667777489870787e-01
3.590660509566853120e-01 9.850271314277049273e-01 4.482058797494181124e-01 9.411028253585685954e-01 4.898071829229593277e-01
9.206837670333706258e-01 3.282302416979349102e-01 9.136731583107209342e-01 5.004139664486867423e-01 5.847619324922561646e-01
1.914134368311818657e-01 4.860800308597033603e-01 9.165392103348979358e-01 9.976555905117785450e-01 8.832022584974765778e-01
2.769647674582795260e-01 7.789431890023204019e-01 3.148014492138901943e-01 9.865413199764989649e-01 6.072114934213459492e-01
1.120492878508308754e-01 7.484912199843720693e-01 8.172235767353074332e-01 2.869934964889659379e-01 4.347826503217220306e-01
2.312681782719852499e-03 9.583095588811528856e-03 7.612374814347538932e-02 2.927302774672712049e-01 3.521361453458666801e-01
8.700059096798283820e-01 6.027836390115054455e-01 5.164876691863340419e-01 8.758378466347358504e-01 4.998974120244383812e-01
5.568288902428480958e-01 1.915210830553794596e-01 5.577225243769912133e-01 9.769685314548951505e-01 1.548581426031887531e-01
7.047790718502504603e-01 9.005606348715292642e-01 7.978244359790754858e-01 7.441543639102329299e-01 6.752714370377361774e-01
8.439799926314239809e-02 2.623140108414493410e-01 2.345385449688259238e-01 8.105147756882698229e-02 8.282650960609316826e-02
3.925408529035797622e-01 5.569041463008017612e-01 5.791169506059441474e-01 6.137365649701982395e-01 2.823388630058616400e-01
9.477863117213527477e-01 9.803646478630168026e-02 6.338119170742745334e-02 4.722378569966618200e-01 6.363849656190723181e-01
5.848590241788607091e-01 7.326715016898760480e-01 3.804702970781654314e-01 5.877697667742199927e-01 8.603219573851674795e-01
4.886602813280938777e-04 8.319820450847181109e-03 1.466622313590364504e-03 2.306458500437851694e-02 1.345896297134459019e-01
5.372647949408851931e-01 6.760772189570758428e-01 5.709979723550839825e-01 5.883441634182567936e-01 9.066802843008190393e-01
2.978060543697814977e-02 8.723833480750950442e-02 7.835442428204149046e-01 1.951653627654327816e-01 8.632056568749248981e-01
4.020641398963517577e-01 2.418554084767267631e-01 7.474334575461361041e-02 2.310953047201607935e-01 6.171158785000443459e-01
5.443876020348847877e-01 3.788865000907337688e-01 2.517744929158678979e-01 6.823152876274695133e-01 1.729232883080840111e-01
4.204462463765923363e-01 3.481885413051302169e-01 7.106932876153962408e-02 1.672903740165352648e-01 3.167145289480686188e-01
5.761693917636581119e-01 2.197541669214423121e-01 8.708247074187561720e-01 9.572156862786428133e-02 6.106877704150974751e-01
9.728729266920119745e-01 6.786467219637353221e-01 1.332344569708637516e-01 4.593667175236548772e-01 5.936687844805419445e-01
7.244720617035058652e-01 5.132377877599771931e-01 8.424014293344762594e-01 9.762994867136882693e-01 4.361900603398680687e-01
8.885712717166147634e-01 9.133416523898091333e-02 5.639659684231174142e-01 3.943436886657322171e-01 8.752996211405843496e-01
4.687479606594432413e-01 7.376863151922635753e-01 1.104767445804686887e-01 7.243898371904727851e-02 7.996507850475609303e-02
8.138616373255901371e-01 2.183712279893716690e-02 3.901999182421912044e-02 9.683391704919006582e-01 1.862177518196403980e-01
7.163372750661409771e-01 9.550174420216815951e-01 9.326148868465694575e-01 3.652515643646117582e-01 4.937729153316468000e-01
1.931412735415257709e-01 1.704498512458487436e-01 8.609838743853959198e-01 8.206745379160689247e-01 4.692249381914734840e-01
7.610784427406952490e-02 2.798362911851671186e-01 5.756390037138433557e-01 6.766565691361590140e-01 6.990823368541896343e-01
6.067040355128378026e-01 8.338744035139362687e-01 4.392108431918740896e-01 9.717933202266043624e-01 8.388029639609158039e-01
3.883744387389930774e-01 3.838632262374168658e-01 3.738997305103577973e-01 4.996785924586686356e-01 4.101239796727895737e-01
9.927270188428730102e-02 6.423537052782462009e-01 6.331170280124167604e-01 2.407290263980521039e-01 9.019012597855180502e-01
6.356989716739004370e-01 4.093819607686590145e-01 9.225267147093153541e-01 3.372001596282955260e-01 4.968413827009499073e-01
7.243032487932048458e-01 8.372493086599921419e-01 7.522370745908627532e-01 4.121325180954824030e-01 7.808886659331619740e-01
5.237419971890343584e-01 7.229705173353940806e-01 4.017597481021654704e-01 4.029731567233475475e-01 9.642674720380455256e-01
9.339238343355907856e-01 9.347186877589476195e-01 9.639775119384375035e-01 3.976778690329180743e-01 1.120739646721631289e-01
2.122544523697738050e-01 5.013077057132709902e-01 2.236610880252693639e-02 3.843259983119363954e-02 1.918837334960699081e-01
3.859267564610585621e-01 4.780993573658968709e-01 1.235289438884991653e-01 7.967719147729234175e-01 9.772549523040652275e-02
9.839416507378881960e-01 5.743371297946362475e-01 9.637125241408968090e-01 5.955613056979001119e-01 5.028125259559601545e-01
3.066695158733814264e-01 4.789506960440723105e-01 9.080444963629573651e-01 4.085528912783077948e-01 5.511425754521042109e-01
6.310544629576173570e-01 4.508784261339007782e-01 2.287577149938857524e-01 5.318568647420183204e-01 7.110121613368391991e-02
7.714210056173160801e-01 5.421477446747959839e-01 9.474744241177380788e-01 9.376136687963563254e-01 3.664922397583723068e-01
2.411007795839183177e-01 2.558372401288530051e-01 5.776044491139982473e-02 3.874875361125830198e-01 2.435145704075694084e-01
4.341702141811667470e-01 1.560118100689232845e-01 4.034383275607938413e-01 1.051692083472829387e-01 2.593753722030669451e-01
7.182225248786274774e-01 6.268244400030090757e-01 6.202687175683678777e-01 7.746016445238632642e-01 9.289696249179542065e-01
