8.508321105407253837e-01 3.440203022075640771e-01 8.195841805841774796e-01 2.339437627937911990e-01 3.148258351720869541e-01 8.183859533327334512e-01 9.113415949939706051e-01 5.936026631098538786e-01
1.222292001199080935e-02 7.190942735246343975e-01 3.243864725759821547e-03 6.848262399679805323e-01 3.968164441175758839e-01 4.862057609110562173e-02 4.086288083760616918e-01 4.366848778009820020e-02
5.917210193188886524e-01 6.460118723536620866e-01 2.057444057104860224e-01 8.388345680175165464e-01 3.089883055072277784e-01 3.569801842187071417e-01 8.559887852657386276e-01 9.299969533898724272e-01
7.591881465972007970e-01 1.745123950479155750e-01 8.085390378607175688e-01 6.597130671282658287e-01 7.728423222433775663e-01 5.189254033074496286e-01 7.502031223517492409e-01 8.099080574886948769e-01
8.068376920235791339e-01 8.295996155748083245e-01 3.774384807151995314e-01 8.789393116323950261e-01 4.720231764949858189e-01 3.850194731737033305e-01 3.632423582994622757e-01 7.585555660495063579e-01
3.177465529102455610e-01 6.701353086227161970e-01 1.237060548681307576e-01 3.611491681698362211e-01 1.895426288247108459e-01 3.148837651055619857e-01 3.180952856068589574e-01 5.157556484592313445e-02
5.433438673299965105e-01 5.711900637407222314e-01 8.693270777213570888e-01 7.103168923777114507e-01 7.217621488962322474e-01 7.894315458112974859e-01 8.973554132231822411e-01 8.047378667537493646e-01
9.986363077346865902e-01 9.510578613828739591e-01 8.855142201328262130e-01 5.145767412881429026e-01 9.174792037811130285e-01 5.664833946068552617e-01 5.845692636075905391e-01 6.374672869908076800e-01
8.326920400791234522e-01 7.285513175192791513e-01 8.650051567329931634e-01 2.633643242405967477e-01 7.626185538247227669e-01 3.686159838891626683e-01 4.254056105728902248e-01 3.918638038982541483e-01
2.689184203486241764e-01 2.613670395859507001e-01 4.335210526636581463e-01 7.764296964589094685e-01 6.381145715713500977e-01 9.004982798743718098e-01 2.636097222717585509e-01 4.608426191257390947e-01
9.067811495811713973e-01 6.517580890066926314e-01 9.716770790459297036e-01 3.541138675778842670e-01 5.516923600807785988e-01 8.711231262633473138e-01 5.689615756901884591e-01 6.201725904472908946e-01
7.843526642438448659e-01 3.895939341271174583e-01 9.042488230136435101e-01 5.013432602854467346e-01 2.621391168795526028e-01 8.257739324612566323e-01 6.615496434767406120e-01 6.042510531798123141e-01
8.953620441198960611e-01 9.341681699310835363e-01 9.348004902090333301e-01 8.894274943367230790e-01 8.523186894599348307e-01 9.584766281853566161e-01 6.768008500351501144e-01 6.432697636216636594e-01
6.572595361151606363e-01 3.346584347172584240e-01 6.442015842023913752e-01 4.378140685696490508e-01 7.423253124579787254e-01 6.985188771808068520e-01 3.982808100196428835e-01 9.371257479256996925e-01
9.632848271301061027e-01 5.298061008318221132e-01 9.632688552339840893e-01 1.755240331019762845e-01 1.667176622431725264e-01 8.182106200375129090e-02 6.212009353504466258e-01 2.278719164223022009e-01
8.850767049949254117e-01 8.960638081192140447e-02 1.488358378186998288e-01 1.968145323727072127e-01 3.254463938064873219e-01 8.785320051049201329e-01 8.312602913079214506e-01 8.709608554343012399e-01
2.844224111355790341e-01 2.734442363043708413e-02 4.501489998484191069e-01 1.680785442048620890e-02 3.832392650656402111e-02 5.219180645412693775e-02 7.632734527565028515e-02 5.288052724318554887e-01
1.564572065185675098e-01 4.434449283714851642e-02 1.422479069986305744e-01 6.061670093979708296e-02 9.700148575939238071e-02 6.189658420002856071e-02 8.924766339692064010e-02 3.901497741231482186e-01
7.373506895494337243e-01 7.292834251162770842e-01 2.888378212416569113e-01 8.152050676797618634e-01 5.586019007023423910e-01 4.957326657279914062e-01 4.242159780111289247e-01 5.759747066263879445e-01
4.559544250278768640e-01 7.548942963087462710e-01 2.710482303601122189e-01 1.448305771833801880e-01 4.308303766883909702e-01 3.271667932055101757e-01 4.819262145349890725e-01 1.887726111208374025e-01
8.850921080685857367e-01 5.330783952763468170e-01 6.341489926347472217e-01 6.523999930173594863e-02 2.433134631719440222e-01 3.911604082448758568e-01 9.058834713724653875e-01 7.772133224239882177e-01
3.142702403639151543e-01 5.985348508417864810e-02 4.819758942330223950e-02 8.872674770121388166e-01 1.165184166748076677e-01 2.223430373418686379e-01 6.688051238034953272e-02 3.846780539738239857e-02
1.562180336196017649e-01 7.333421193912116332e-01 1.237379740708114267e-01 2.554542056401926664e-01 3.247588905505836010e-01 6.414222517772533161e-01 2.546388489638706232e-01 1.087059962496381427e-01
8.563632080798776469e-01 4.283446307223358063e-01 8.802658646552329325e-01 6.186038951364661864e-01 9.429687322117388248e-01 5.371464266211045668e-01 8.475318124320908586e-01 9.028281362968306745e-01
3.181561947708569371e-01 5.355398418838493990e-01 8.393324587800227166e-01 4.616889208319756577e-01 3.675024297554045916e-01 1.029493734450435960e-01 7.470420749637156632e-01 8.415760077305362019e-01
4.768538186294103420e-01 5.276628848682142214e-01 1.505681556504846474e-01 4.074519027933264370e-01 1.994343532714992762e-01 9.024063352447436737e-01 2.079297159119888605e-01 1.621056551957150704e-01
4.281423870035551138e-01 5.606436601503070882e-01 6.947138322229695628e-01 7.278261062746458343e-01 4.362121447920799255e-01 7.918218483335940361e-01 5.236530978274342996e-01 8.158252215409923513e-01
6.370634504533891906e-01 3.616199738666240476e-02 3.388966224862599019e-01 6.928379285075065841e-01 3.190717156976461411e-01 1.168882900370866451e-01 1.072541379381884152e-01 3.363719364140314028e-01
6.666557970923226994e-01 3.412236689312215243e-01 7.236973178223435887e-01 1.872250850717602222e-01 4.762852392159402370e-01 2.821512779456568643e-01 1.920813212988093932e-01 5.330373228710839212e-02
1.336493333376877722e-02 8.056899388172024390e-02 9.981367979273941121e-03 2.261195390421201837e-02 7.888221880421042442e-03 1.606989082830193316e-01 8.009369602787499431e-01 3.933820502509332434e-02
8.095856047449530302e-02 5.366889600541070449e-01 8.399116180572960277e-02 6.600650309543125704e-01 9.610221923794597387e-01 2.748699962764558080e-01 7.740433415443705167e-02 3.571032251601426455e-01
1.003332538603521340e-01 3.272291030816593671e-01 3.335560244528304463e-01 5.119031521635470927e-01 7.942429983522742987e-01 4.017380000268941931e-01 2.863846275297012300e-01 1.088350946340896214e-01
2.236078642962022189e-01 4.918762159987027927e-01 4.119873382995880434e-02 3.043790615159059354e-01 2.124844458885490894e-01 7.416425569622719927e-02 1.403431245014681306e-01 3.609152602668771331e-02
3.134549828862023824e-02 1.223103115331497653e-01 5.281734569853101524e-01 2.250975569678854149e-01 4.898205089848488569e-01 1.266501289698352406e-01 2.339750263435476929e-01 8.818642962479189551e-01
9.160612000612532446e-01 2.900225326811139981e-02 8.821345563770663367e-03 6.071512539578117346e-02 4.911043890751898289e-01 1.773930869758425302e-02 6.730662535218404074e-02 5.901462910978260562e-02
1.599730492121363701e-01 7.020251935343136962e-01 4.310084064656071190e-01 7.449817420359475806e-01 1.562841238919645548e-01 9.461420388229127010e-01 8.860501688585391555e-01 9.126465522755780047e-01
9.833696846003703307e-01 7.324474134336267372e-01 9.104174119915671159e-01 4.169663206027772739e-01 8.947018450126051903e-01 8.648995327844521963e-01 8.999141398678203174e-01 5.947460747323521923e-01
9.246485856464887743e-01 3.625829697313363575e-01 2.787518992604083867e-01 5.431554859341645169e-01 5.179852757137268782e-01 9.546120137127622751e-01 1.206520734794047922e-01 9.932598480210341751e-02
3.462810036601305930e-01 2.507470938664748128e-01 2.628841998462725926e-01 6.190040731966057752e-01 2.099621118977665901e-01 9.277917327819182880e-01 8.191383593051666523e-01 3.583452621056915088e-01
5.213339349180415860e-01 7.067332197459584853e-01 8.628592159425619856e-01 8.877551123961848756e-01 4.612849133554846048e-01 7.371316366319724533e-01 3.315047893943359192e-01 9.633962775686959468e-01
9.180717967785436695e-01 8.874690357149949138e-01 4.524142446954433350e-01 3.637343243917874336e-01 9.878555741161108017e-01 8.521630599518548177e-01 9.093041813043259980e-01 6.696424457307278422e-01
3.005107428782687329e-01 4.514805938278236286e-01 7.329232437838375525e-01 5.845523318824120684e-01 7.351942383684217930e-01 8.519705661550296405e-01 7.925749096757942480e-01 5.043063416509974140e-01
8.775627594294987954e-02 4.703462390154296568e-01 7.913176048806217500e-01 1.670012346519882951e-01 1.733172428794205189e-01 1.582767123415577681e-01 6.282446471850540171e-01 1.807366025540547427e-01
5.600593191477211130e-01 5.971448089770658996e-01 6.697792137684805969e-01 3.698908565117942637e-01 4.051310427021235228e-01 6.982551477424577824e-01 9.653781106323691130e-01 9.731459152076126218e-01
2.596715958920789435e-01 6.636864076838753235e-01 5.239065703556556874e-01 7.349971805311739104e-01 3.222312747966498137e-01 8.940082937250686257e-01 3.773646965026501432e-01 5.881476548343285149e-01
5.173601999631400883e-01 2.061887390857025104e-01 1.483330109890192705e-01 4.794047990094042755e-02 2.028473154641687870e-01 7.830865426871664869e-01 9.115622772563646281e-01 7.034916400504165335e-01
1.233119677980369644e-01 3.202671869815516825e-02 1.149988650955249686e-01 6.303212511785419858e-01 9.106126870028674603e-02 3.163637979125402677e-01 8.244284322709879986e-02 3.076351058096856161e-01
5.965182222633307330e-01 9.224957470183849928e-01 8.221719729929012344e-01 5.705983782238547297e-01 9.294922850094735622e-01 6.416921138362914334e-01 4.041640296330642479e-01 8.914208378938225374e-01
4.166669274535614864e-01 3.588674644389333035e-01 7.946161813715461042e-01 2.286117491784243894e-01 4.286875645630061626e-02 1.542294795437900053e-02 8.141128189694212258e-01 6.528777782581158817e-01
6.822059906255094619e-01 5.362042827380563148e-01 7.497374809490940928e-01 2.665778152975870618e-01 4.327958279754966497e-01 3.038340574932244520e-01 5.745217249000289517e-02 4.452658651495865899e-02
9.474695366298807597e-01 9.756609316382413022e-01 8.802982547860430662e-01 6.601096294722055280e-01 5.914519068319350481e-01 8.678011964117238186e-01 6.541118057201541491e-01 9.988909387556746955e-01
6.245202305664789844e-01 1.497499937579905571e-01 5.689512734118935128e-02 3.120651122302448566e-01 3.303274870850145817e-01 1.960310867700797988e-01 9.602126932285436067e-02 4.245915416792017116e-01
2.449097976867594950e-01 7.231525031642895007e-02 5.100082988917593596e-01 1.829140571756386335e-01 2.312889294698834419e-01 3.613938144579061373e-01 6.565427764037882197e-01 9.822525650515936957e-02
7.700873975429740614e-01 8.886100241274739187e-01 1.122681789269201202e-01 8.815044261188068608e-01 8.395491025876253843e-01 9.553689758252006392e-01 6.321902236893890414e-01 3.412480949650992246e-02
4.434492158068974454e-01 3.457804218904829696e-01 5.401791468388070783e-01 3.177900578192190406e-01 6.865954303648322821e-01 1.734790474992767284e-01 1.470795549341261665e-01 6.074662952828907558e-01
5.329614052431195237e-01 7.183771950123579719e-01 9.931831704408796702e-01 9.497690580290198969e-01 7.103215029928833246e-01 9.176211461192835817e-01 6.919374424428452741e-01 7.313512027134628779e-01
4.821750717798432007e-01 2.689496535730424021e-01 2.879381329104809262e-01 1.368392296582000289e-01 3.495677420869469643e-01 6.144345863968206922e-01 4.814696543028478826e-01 2.678238238034113539e-01
8.466504985526109861e-01 7.441682804648808158e-01 5.270289116386214084e-02 9.078771032333567970e-01 9.523897154722362757e-01 6.824247733335162547e-01 8.577175581151822437e-01 6.803258513864081092e-01
2.797771170555692910e-01 9.465007032606523318e-02 2.229990815822835981e-01 2.506478060050624790e-01 1.735650007613003254e-01 5.659481332350809746e-01 5.745856818210106631e-01 8.216682054286689185e-01
5.856241589121826685e-01 2.583626312962420402e-01 2.306785077731916267e-01 3.914846502320119548e-01 3.301683855243027210e-01 3.166098217893827116e-02 1.420094068486518757e-01 1.991450485342135396e-02
2.307902078543294377e-01 1.614294988067895564e-01 1.901959934551820663e-01 4.406171051992083254e-01 2.509282815735787153e-01 1.749467204121257502e-01 9.278421621508138595e-02 7.061850663328965716e-01
5.824959207475511880e-01 2.476479351563003542e-02 6.267280762885174550e-02 5.708810429335449931e-03 1.200832673348486423e-01 3.261423066487646044e-02 3.807639039487763569e-03 3.426564743318347150e-02
1.286458677171408438e-01 1.158882776465813419e-01 1.359215072234931376e-01 2.655900205390656077e-01 3.087452496401965618e-02 5.426571945150519133e-02 5.492372425148949189e-01 2.900076903636242265e-01
1.105978254372543129e-01 5.047677458004659612e-02 3.436022589875760147e-01 6.126973619035506191e-01 1.289502717554569244e-02 3.802031507842832531e-02 4.239894750374406107e-01 1.345359486491820855e-01
4.123241612478409368e-01 6.572817443769752854e-01 9.241721304678385263e-01 6.896639439635727786e-01 2.507793931290507317e-01 4.346289644288139908e-01 3.015997798591132373e-01 3.273875368349574155e-01
2.467380746813769010e-01 6.482851955075720207e-01 3.220342141137702563e-01 6.829208588779692723e-01 9.022861018311232328e-01 2.094745853537431923e-01 4.646702659854837769e-01 7.029733390834252971e-01
1.857673460129733722e-01 3.078842380018580530e-02 1.629298310934551852e-01 1.321823839250360066e-01 7.021905402652919292e-01 5.248094461554305701e-01 4.857519209162720203e-02 3.978782018554527511e-01
1.012930583034134940e-01 6.042631307443064870e-01 3.712659267626832738e-01 1.884939543699648209e-02 5.594122409820556641e-02 4.295553358257316878e-01 8.988206208175411605e-02 4.430416359775252860e-02
1.035535811432340553e-01 8.350786108945451591e-01 2.270739899064749823e-01 1.296842764433563944e-01 3.696790330577641726e-01 1.698879916270070456e-01 9.741017865293790656e-01 4.254362842775774589e-01
6.293805503060103668e-01 4.641228164202701456e-01 3.446592725973354754e-01 8.023120447010201328e-01 3.855071405414491892e-01 8.465914037996681574e-02 5.810757602117277987e-01 8.810222862083909590e-01
8.786229757361753157e-01 1.171742667944513927e-01 3.812030928098883997e-01 1.393742433445571416e-01 2.936504613608121872e-01 8.797738998161026558e-01 5.678781454035642939e-01 7.926992791318979714e-01
7.749691028346263888e-01 5.098896174158994432e-01 2.924296734502084827e-01 8.517421718293564092e-01 5.531548699364066124e-01 2.830360396734268869e-01 2.513326656258440539e-01 4.757028364535894061e-01
5.442746071408340047e-02 1.787933451660788930e-01 9.067219558164786308e-01 9.022613898205831262e-01 8.660498934332281351e-01 1.781680606965350966e-01 2.654397469427666745e-01 6.077241397246852667e-02
5.823792061281582999e-01 3.339337241925865452e-01 5.040086031070323269e-01 1.977298817631610861e-01 3.144274414516985416e-01 6.101609248843663930e-02 4.978612612383390146e-01 6.814446224702296329e-01
3.026196086430819054e-01 4.956384653855006039e-01 2.668651420160308985e-01 2.665617982966425603e-01 6.194294448941946030e-01 6.627800748278290799e-01 7.846626289124599696e-01 5.856551692610498794e-01
8.594545415511590791e-01 3.225603687874554204e-01 8.415265959425185516e-01 6.281923710961873075e-01 4.823966561816632748e-01 5.445676527515814769e-01 5.620425077225620347e-01 9.823826665605424058e-01
5.435999471030105168e-01 7.323882837711579441e-01 9.876999592568013187e-01 8.565196729086244076e-01 3.794601541012525558e-01 1.103443601540825547e-01 9.480782985756660564e-01 7.633458279687158621e-01
9.569503720914454004e-01 6.366115216917873632e-01 4.426978927153097931e-01 4.700756770581006605e-01 8.335737066809087992e-01 7.665221469740279847e-01 4.346980007434791959e-01 8.253696415776489159e-01
1.262873991278616326e-01 5.404122025722143396e-01 6.109786420483107605e-01 4.683321020330779572e-01 4.371338682249188423e-01 6.108707486675742926e-01 9.964398166454367656e-02 8.728778277399653618e-01
2.281041433598710866e-01 7.232239128411580564e-01 5.598522911042850270e-01 3.910890617701114902e-01 4.670766540803015232e-01 1.123157121264691388e-01 5.581094100920584999e-01 5.350040564993381320e-01
3.908447137881008171e-01 9.580106474367749980e-01 5.057248348025479290e-01 8.744096257848502640e-01 4.008589643053710461e-01 5.243708443917102224e-01 5.487500473056888817e-01 2.618116464217018491e-01
9.643553234769716154e-01 8.471764979210402169e-01 8.923153592255357314e-01 6.855868663251186712e-01 8.541852729395031929e-01 7.286358690115398717e-01 9.884840115542116168e-01 6.299249117926895014e-01
4.337190540040229969e-01 2.311965649324196348e-01 8.882360291848883094e-01 1.795719641006699452e-01 2.448669418226927519e-01 6.792542092124830289e-01 5.797972050886956996e-01 2.473425217298447498e-01
6.249218512675641657e-01 8.955032984974744537e-01 7.607733238681482213e-01 7.584199180948779651e-01 9.104077070951461792e-01 7.070945722707280279e-01 9.244025104131053938e-01 5.468357254601887707e-01
9.200629190934188351e-02 3.304343334209601801e-01 5.856709582051889962e-01 2.160172085753027937e-01 3.002242124639451504e-01 5.032137051508587255e-01 1.000511324078405262e-01 3.117939482272852891e-01
4.741611087179651851e-01 6.952858458312051182e-01 2.024938669602417696e-01 6.312577224187111424e-01 5.823227798100560904e-01 9.535785088929141784e-01 4.086977740802942849e-01 7.638195699651163795e-02
7.941373454479784266e-01 6.852655467633418374e-01 1.091173485786848807e-01 3.484488195193242710e-01 1.196650383062660694e-01 2.805951193380860076e-01 1.449619227451649783e-01 1.091492275133106905e-02
2.906871694862437350e-01 6.532231816377492839e-01 3.050411135066850576e-01 7.506272407008389713e-01 7.530177982989698648e-01 2.551847969528786009e-01 6.768608626507910397e-01 6.121268129431705063e-01
1.001678543503079499e-01 4.669822933813675969e-01 6.567325662180157897e-01 7.661404115011005711e-01 1.531090838834643364e-01 2.624273460031839589e-01 1.912116995065982553e-02 6.279666798065836053e-02
7.271754140938628819e-01 3.183779367112720693e-01 5.911159557902260220e-01 9.315792634916160164e-01 6.763591861817985773e-01 1.336081931484007779e-01 5.811439498508920165e-01 6.137973363129570759e-01
9.382717270980809321e-01 5.065040827814512037e-01 4.707129061827653449e-01 3.447432574397324978e-01 5.386604960076510906e-01 8.367972171535380532e-01 9.452418466047488588e-01 6.023544766882223955e-01
8.751609267975128947e-01 3.443413556050433089e-01 4.811966927081915424e-01 7.775071534437538734e-01 7.575693365652114153e-01 5.141139150425935167e-01 3.650641271464419302e-01 9.535989362671171143e-01
9.158129119445404531e-02 2.422217438837634407e-01 5.525579840078906901e-01 4.330647451472485199e-01 1.509325345978140831e-01 1.073977225488684933e-01 8.497062628792010353e-01 3.745967652909821810e-01
7.547887768609382597e-01 5.579305822807485438e-01 3.677921188961218446e-01 8.244861869022040990e-01 2.535330883692950010e-01 8.936352182533596755e-01 9.146241210974918046e-01 1.815405943948048828e-01
6.554386087510484238e-01 1.726752785841680071e-01 5.948016194234316822e-01 9.741364952226078122e-01 4.366381131112575531e-01 9.875582726247627008e-01 4.276589504574068723e-01 1.020546835889676734e-01
6.442392760339477054e-01 1.381873456482992923e-01 1.927263367776849701e-01 6.528174795150241128e-01 8.610840616747736931e-01 3.035439568078570627e-01 1.433592276354862804e-01 8.571568231623570844e-01
4.711389053540257499e-01 5.480634987032768635e-01 1.785250080062658340e-01 1.423745580168434555e-01 3.776494059711694717e-01 2.840759571597557542e-01 5.041507594862804087e-01 8.943108488482353069e-01
9.338560030186499050e-01 6.180518922420721317e-01 9.231694220025761233e-01 4.208936435448572544e-01 9.786446592770516872e-01 9.144239434074544759e-01 6.998419959205627316e-01 6.994616516811974494e-01
5.199913952824234409e-01 6.577840776914848364e-01 9.266296908229175733e-01 7.582826040591911232e-01 7.091150509659200907e-01 8.321061575378682074e-01 2.774899216643447741e-01 2.284351908774287510e-01
5.382847163694781667e-01 3.860315482935783304e-01 3.123687749097453503e-01 3.523836319133452077e-01 7.031963048502802849e-01 9.269997472287709872e-01 7.414506850119058079e-01 9.789615474113191329e-01
