8.239568503957894752e-01 7.591160633983555783e-01 8.866795387708701348e-01 7.554463577369092686e-01 4.618040684144943953e-01 8.693520294449047503e-01 9.142406967990543976e-01 9.187138828909884314e-01
1.643565992352196969e-01 3.737158222623292447e-01 2.003127141110211396e-01 3.209284349562304683e-01 3.387260439340025187e-01 3.758205837101948887e-01 3.181994745830575289e-01 2.554669770496884595e-01
5.296439810839327356e-01 7.618658561839715126e-01 6.299647875860621138e-01 4.980524386395350778e-01 6.151195822749286890e-01 7.112602621269544789e-01 5.161785922068333754e-01 3.423294507501412620e-01
7.081359560171012202e-01 4.622815311566489949e-01 5.236831183243424448e-01 5.627422175744801747e-01 3.359734504483640194e-01 9.237262051096027660e-02 5.384154149625525188e-01 3.470667425291515951e-01
2.560226588679487270e-01 2.128569289031906620e-01 9.780140370732505473e-02 1.593709744030730457e-01 1.220541223883628845e-01 3.275456487430135066e-01 3.675767662279086356e-01 8.607853748062345434e-02
9.209149672497520811e-01 8.168123203644912511e-01 9.581234684967250281e-01 6.709628605676694058e-01 8.836760530248284340e-01 7.027847047047444118e-01 2.748579907830727143e-01 8.529880245572202258e-01
4.237588678414351828e-01 3.158183723716546099e-01 2.487477287794161718e-01 4.920997305245087827e-01 1.701706626918166876e-01 3.782358654137444876e-01 5.247709597422004490e-01 3.820323454475368363e-01
7.921078536211173526e-02 1.823215858815380175e-01 2.266216005550765744e-01 1.602581758268034270e-02 4.715199396014213562e-02 1.202967699468361074e-01 1.703422587786818099e-02 2.675035046782102063e-02
1.356737124407569328e-01 5.442850807240958710e-01 1.152159289212630611e-01 4.054186763015356632e-01 3.014600921887904406e-01 4.922338163781753706e-01 4.298926394224910075e-01 2.160028557106835334e-01
9.725775427061269518e-01 9.778018086450813717e-01 9.659492921696957168e-01 9.675285079214427375e-01 9.226816743612289429e-01 9.667442227404335897e-01 9.811938915429783137e-01 9.663559680355681136e-01
8.831654091953299313e-01 9.056441643806937281e-01 9.962629544989065611e-01 8.358411467981136100e-01 9.945597280748188496e-01 9.960509282908518447e-01 6.910139799229447766e-01 9.947584908114279756e-01
2.057241665299914812e-01 5.809059329560236490e-02 3.813444048853482093e-01 3.263572984249698550e-01 5.959026888012886047e-01 6.980116345047499005e-01 4.529749276349422926e-01 6.588232797014808018e-01
7.754382725205184734e-02 1.907600456340412809e-01 3.338824375099395669e-01 2.884287263266751000e-01 2.751791256014257669e-01 2.184996589666184652e-01 7.597187129363616731e-02 4.358876649849131035e-01
9.605239439359077869e-01 9.831881247267251211e-01 9.836144801025022977e-01 9.425926095238227331e-01 9.902695696800947189e-01 9.940590200021859335e-01 9.827007540960552845e-01 9.808125454832651302e-01
2.845037788250894262e-01 5.525152763972763781e-01 8.286982858931268847e-01 1.161622802929092035e-01 4.584966991096735001e-01 7.899893872546813745e-01 3.608702508074458359e-01 7.462493326276393724e-01
8.797042879306572472e-01 9.557021433184532677e-01 9.059396299398623231e-01 9.495593903634039767e-01 7.400333296973258257e-01 8.823837741430958781e-01 9.446231357554576435e-01 9.283713054400452025e-01
1.293570564662304689e-01 2.219919141837035370e-01 3.215237159050510218e-01 1.061138872617541778e-02 1.070587900467216969e-01 3.302049171913490899e-01 2.329478437962086701e-01 1.987628243667129424e-01
5.064112579131938713e-02 3.778988007230024010e-02 1.721151136487858724e-01 3.749989073430964881e-02 9.941303706727921963e-02 1.753328317800528779e-01 5.260738791850146784e-02 1.399247493868971126e-01
8.699013103192960727e-01 8.109741873643996346e-01 9.178750938632328493e-01 8.291029491867066836e-01 8.334298694971948862e-01 8.391041112208736941e-01 8.222372842161079776e-01 9.009389134889156381e-01
5.962711756435239430e-01 4.191031689998352960e-01 6.208878159869575253e-01 3.520048253340489208e-01 5.049648114945739508e-01 5.954297874969105564e-01 5.373730846324837884e-01 5.132237002829379557e-01
3.379239269328671025e-01 5.542339249240908483e-01 5.364215528785280795e-02 6.289323783336873142e-01 6.801968927029520273e-01 2.276202598173487912e-01 2.065316714471954196e-01 2.369998561691576411e-01
2.220027282746085684e-01 7.967623500829819072e-01 6.721193019447431194e-01 3.355460310120787493e-01 7.240929219406098127e-01 9.091101235839182948e-01 8.273217049510579457e-01 7.469496099372989750e-01
6.382050490038443380e-01 6.613333114714592398e-01 6.228357752066042696e-01 6.590159031249138710e-01 6.931230975314974785e-01 7.752516393092827585e-01 7.788415858870968433e-01 7.423691241867387269e-01
8.535295656113899287e-01 8.283271680124003611e-01 8.706780171146533132e-01 8.264402178653353914e-01 8.570556931663304567e-01 7.931680634377650252e-01 6.966446351497972422e-01 8.221027834135757884e-01
9.445999112059294545e-01 9.745502972343700332e-01 8.787820864244785257e-01 9.439301801300480355e-01 9.512472366914153099e-01 8.394133243784481779e-01 8.741334097246342694e-01 3.080385571737394579e-01
7.564068478798796624e-01 8.784372675850443679e-01 7.266198840202612308e-01 6.525412448132003052e-01 6.002107579261064529e-01 9.226064283014793199e-01 9.272992229035439404e-01 7.631885097534906182e-01
6.257520431654329807e-01 6.432792352002174585e-01 2.262266859494884153e-01 1.718211705239253151e-01 1.586414407938718796e-03 3.004084619659588284e-01 6.512733518279054667e-01 6.078891770618502499e-03
2.237780048238551533e-01 7.188672347202929025e-01 6.524397636225047759e-01 4.802993749091894471e-01 6.939029381610453129e-01 6.972982172479826879e-01 1.689673658707904480e-01 5.265225343073027808e-01
5.204347367085756515e-01 4.946088108209689693e-01 5.021669084069566580e-01 4.947708724920044654e-01 4.880651240237057209e-01 3.164211319247486887e-01 3.653171555497727319e-01 3.985048063163589283e-01
4.039599876406399503e-01 1.316724655116510156e-01 3.056059586149693641e-01 1.052680270672800011e-01 1.984317994210869074e-01 3.166265646160467129e-01 4.381172988415258929e-01 2.599051665309840553e-01
5.357221269967109567e-01 4.129614971066035145e-01 1.802259048857913215e-01 6.417615141797143874e-01 4.255534620024263859e-01 3.211928125711939197e-01 5.856999469178688633e-01 4.604083625342980657e-01
6.426256548609549091e-01 6.819481431844229835e-01 6.637781639732863725e-01 9.794995617489987705e-02 4.796263768803328276e-01 4.183221580778344051e-01 1.208144786783144770e-01 1.299366504137712368e-02
7.879382094603414322e-01 8.790963200833445956e-01 4.513466880817463833e-01 9.213980193037265565e-01 8.629963847342878580e-01 5.614386280803629337e-01 6.843017792468214511e-01 7.071815943072770061e-01
2.697920493694706476e-02 1.104503685152627979e-01 6.510135198169710036e-02 1.851843764965689643e-01 3.572516515851020813e-02 3.045491882379919302e-01 3.281818737638862449e-01 3.324538499313231532e-01
9.853092119786500680e-01 9.903440463455825959e-01 9.384328455359411958e-01 9.954499516597336006e-01 9.799706561025232077e-01 9.154610392017116238e-01 9.893306847152567585e-01 9.881390037327115738e-01
6.600226715958966706e-01 3.509221323872718235e-01 5.156100326906721820e-01 5.211162693635720267e-01 4.559579521883279085e-01 8.934843576857184888e-03 1.359616686050234002e-01 1.976161014181028464e-01
5.592322691520905664e-01 6.669624459727114818e-01 6.519707649944114225e-01 5.483348561328545978e-01 3.973887036554515362e-01 8.355061497044271590e-01 8.435487893967517081e-01 7.765064347616174034e-01
4.083289536875751580e-01 2.159163898454273256e-01 1.467908181288761216e-01 1.801726706759793073e-01 1.057807644829154015e-01 5.992286922452441655e-02 3.038031537926207393e-01 4.858835595470865909e-02
7.478301019066114774e-01 7.024411597991347955e-01 5.348014070451091451e-01 6.548389576914751542e-01 7.185392850078642368e-01 1.373152937559424802e-01 2.598220804193486777e-01 1.403282891141846289e-01
7.267726322838277131e-01 7.987099767601278932e-01 7.009424287437314716e-01 9.374929204930310123e-01 8.970852408092468977e-01 7.467129971030341817e-01 8.997570540993183874e-01 9.398816728378126539e-01
5.126152401927828173e-01 2.089882591033752346e-01 3.015826371604490297e-01 2.139071328887862111e-01 4.068878730759024620e-01 2.114220659195174268e-01 2.464966332165692553e-01 6.190749030629567190e-02
1.104194408226459867e-01 1.814670634321738016e-02 1.378533926357793649e-01 3.653585317376800701e-02 1.469715978018939495e-01 2.512886123095834506e-02 9.343982741988110519e-03 7.234413227818924097e-02
9.820013169288794863e-01 9.694624833179952272e-01 9.729332704593062209e-01 9.745228858415532214e-01 7.285251289140433073e-01 6.767385401609721240e-01 9.728759554999097947e-01 9.665144758808655867e-01
4.984601496288780798e-01 3.875579396518133435e-01 7.802678765279208450e-01 8.228123083160372442e-01 6.121569448150694370e-01 8.545185316164379818e-01 8.877248997543618625e-01 9.315386911686424076e-01
5.383478808571707797e-01 8.344982873843499460e-01 7.520947723419197928e-01 1.772662908164484297e-01 1.911516885738819838e-01 3.834940023823963373e-01 1.600003323951270096e-01 1.062212801357894157e-02
8.068773424518799198e-01 7.348224391144669854e-01 5.806372721668203729e-01 7.255368321259905162e-01 6.570300902239978313e-01 7.904327609422289180e-01 8.614660475517281757e-01 6.226143525788440103e-01
2.512711274638785852e-01 6.516062570836526902e-02 2.190928191365225375e-01 4.132246006008067352e-01 7.353068003430962563e-02 1.098389544880504221e-01 3.472406256714670181e-01 4.543435049526010072e-01
3.045028198135944497e-01 3.042359810694290623e-01 7.532987344227026760e-01 3.276893751651846487e-01 7.450088141486048698e-01 8.295233826176793279e-01 6.276513282343165745e-01 8.152068775955880753e-01
6.842456174500924915e-01 6.354796120943331239e-01 4.843478626081028082e-01 7.318804118396067260e-01 7.746243772562593222e-01 4.432668000668010810e-01 5.412723497200028211e-01 6.085169729301320718e-01
4.507287634790022590e-01 1.429574013036013502e-01 5.424122282893554248e-01 3.077981446531252718e-01 4.524775769095867872e-01 3.852868891363412374e-01 2.690449189146414954e-01 5.550698894822154728e-01
7.622437522634522011e-01 9.195027040135458352e-01 8.086185192413014589e-01 7.923875600480471126e-01 7.987106514628976583e-01 9.243386517823005688e-01 9.235021870793315157e-01 8.590270954812831983e-01
4.845218561241306232e-01 4.820729698254107021e-01 2.227379058433725523e-01 5.231838169646716441e-01 4.468309672083705664e-01 1.907295541483273460e-01 5.141077985759258118e-01 3.945444021784834110e-01
9.695304568228855224e-01 9.794082387852851568e-01 8.209481249829448934e-01 9.693109565699234986e-01 8.960154310334473848e-01 9.086194170248886870e-01 9.754154065664538686e-01 7.293235447517415482e-01
9.518202165186196995e-01 9.747543091383287228e-01 9.478886872249601137e-01 9.689845343604007732e-01 9.560927071142941713e-01 9.274344731210937276e-01 9.307215086888503963e-01 9.159739202998437024e-01
4.985517323501523212e-01 4.754535740250509512e-01 2.797791421821982372e-01 5.411555145245934284e-01 4.384787136223167181e-01 4.806366178897428232e-01 6.631199924073016838e-01 5.289845493965898982e-01
2.533559968909427917e-01 1.771956240983981468e-01 3.142424230916050498e-01 3.873210055641326810e-01 4.449366847984492779e-02 4.733394003804250461e-02 2.614884460371922903e-01 4.385664720991956922e-01
6.783666687491866076e-01 7.268746494711054718e-01 7.450115620491896129e-01 6.600400729906896746e-01 8.143140566535294056e-01 6.163095901582247294e-01 2.594912495182425394e-01 6.426744142627990319e-01
1.092966768585526827e-01 6.050591030939845849e-01 5.425206300888040650e-02 5.842714745651381714e-01 1.648715629708021879e-01 1.989524861764418173e-01 1.702013679251304368e-01 7.917215025508830828e-02
6.038178897046058147e-01 3.358458606292044624e-01 5.613491864873673132e-01 3.417197417675898463e-01 3.038403433747589588e-01 3.032798437150566739e-01 3.452677675416898073e-01 3.014229361255131856e-01
1.222131639751899146e-01 2.228431290812407650e-02 2.433281050553686709e-01 2.119452224445477623e-02 4.402108490467071533e-03 1.068776739084692680e-02 8.034850171492662063e-02 1.984861003984135230e-01
9.057819384894916226e-01 5.843045178158585706e-01 8.732520452814214185e-01 9.395586179510494462e-01 9.569011188577860594e-01 8.716154065826082764e-01 6.145935794493082582e-01 9.010811339104851658e-01
7.270295124186054725e-01 9.049760808374873733e-01 7.027077387458802171e-01 8.116531716765028603e-01 6.940061589702963829e-01 8.852097445289240918e-01 8.865547229038259758e-01 6.577850176746032895e-01
2.001139031904480281e-01 3.744619650394838128e-01 9.019166065603573257e-02 4.992437224179976929e-01 2.235089698806405067e-01 3.417273152145222648e-01 5.213133087094179441e-01 4.728976155581742224e-01
4.405475084482941561e-01 5.108136769030602320e-01 2.307289611144825725e-01 5.850011408105969535e-01 4.853575851302593946e-01 4.054775058667006160e-01 5.043760670839930738e-01 3.654295039351807550e-01
2.504413496252485549e-01 5.164046548353285609e-02 1.269465347896499285e-01 4.775378702501048012e-01 4.008998717181384563e-01 2.819241643948318110e-01 3.848878667916590945e-01 4.699445675900600361e-01
3.335677250503688573e-01 1.060859718441058419e-01 8.337819809507025504e-01 5.925585106651773959e-01 2.866345227230340242e-01 6.787185986051957887e-01 6.189234654271387193e-01 8.854272146574629909e-01
9.622100227916232651e-01 9.355951932658906900e-01 4.145290240554215799e-01 9.762701630458099356e-01 7.877807042095810175e-01 7.128287523830693084e-01 9.712304502150017615e-01 8.978373236597241291e-01
6.218126951506961486e-01 4.847173909054819374e-01 7.997855500426169773e-01 7.686390406728352831e-01 1.112528375815600157e-01 5.179696572327702198e-01 6.914476915010848712e-01 8.688076554313073352e-01
7.444028639712532147e-01 8.664089624958216662e-01 6.734857452805957934e-01 7.667213813330735483e-01 7.781413225457072258e-01 8.939054339307181962e-01 9.019072159214770457e-01 7.991151569157781687e-01
5.654147389326211748e-01 4.482108695429617429e-01 6.342794568811629397e-01 6.851152270490562524e-01 6.684217820875346661e-01 7.291822354773673798e-01 7.040346540688445787e-01 7.621385185673874574e-01
4.570579776673108219e-01 3.812693698449470814e-01 4.484152108849963625e-01 5.171482218727742053e-01 7.079161435831338167e-01 5.346971510524328730e-01 3.892431791172653033e-01 6.000918986160895807e-01
1.583793335122790358e-01 1.224600667550143109e-02 4.183872987976683389e-02 1.243036042820380993e-01 1.374241285957396030e-01 4.490241493402529621e-03 1.059149116782222289e-02 1.310017790967671694e-02
5.019698566247478011e-01 3.669375319706603689e-01 1.327820209409648067e-01 3.861406586980447586e-01 2.907099332660436630e-01 4.404484869506600786e-01 6.266961747722255005e-01 2.641582269887139400e-01
7.804032469512159897e-01 5.362343731318144346e-01 6.526701595998378735e-01 7.538079818276797184e-01 6.699790619313716888e-01 6.839189244951177082e-01 8.132224111716859216e-01 7.481625877550288628e-01
2.200339678839656199e-01 3.509610156975462858e-01 5.371100093340787085e-01 4.508951766585040932e-01 6.612693185452371836e-01 3.552268641072802713e-01 1.139833070386959135e-01 6.392653082959810495e-01
8.976633288406612454e-01 8.851075621075792377e-01 6.879439157371789459e-01 7.803373394727907142e-01 3.635270749218761921e-01 2.998275234633656638e-01 8.177739282420908307e-01 5.776272546700117472e-02
9.505692063344263198e-01 9.932526151074738685e-01 9.881172605719921176e-01 9.859834349256600960e-01 9.859332416672259569e-01 9.932328380920759647e-01 9.897011315510102492e-01 9.919707754794546695e-01
6.749137211597719954e-01 5.386658297854611810e-01 6.528827151380771632e-01 4.261450365587348132e-01 4.741726720239967108e-01 5.601322578094735105e-01 6.212555101094403565e-01 4.892593941021348147e-01
4.480272899076626625e-01 8.560731922376413339e-01 5.730247563295857161e-01 4.188957577542758437e-01 6.920543161686509848e-01 7.841179283341596085e-01 5.894092490073585822e-01 1.056935373154671981e-01
6.167007207204310282e-01 3.504426577492800732e-01 6.852169751571598466e-01 5.975327554474451075e-01 7.327830533031374216e-01 6.402317882854947628e-01 5.872007919777251228e-01 7.575452482578065583e-01
6.731758570067968295e-01 7.251764476640715218e-01 6.892310177123452952e-01 7.556279363022121442e-01 7.734660073183476925e-01 4.545075353180298428e-01 3.293058340801088835e-01 6.462765271590300564e-01
5.640301944214654029e-01 2.709626161570387048e-01 5.831367223031836966e-01 7.290285246671076580e-01 6.624114904552698135e-01 8.440213372602376474e-01 8.775427367262779166e-01 8.687432064072696525e-01
7.190598051112940814e-01 7.287959837736909252e-01 7.469085952572637188e-01 7.056601894970221389e-01 8.302746380213648081e-01 7.731884454824781150e-01 6.515451892550221391e-01 7.157323461900964023e-01
7.203706524178205006e-01 4.600192532575899662e-01 4.089769753067394598e-02 4.960958999180349882e-01 5.915912459604442120e-01 4.418516927291467611e-01 6.739182343565850442e-01 3.342994652620803753e-02
2.446293042448662580e-01 1.142860404499998622e-01 4.371817570849859669e-01 2.515704701742945693e-01 2.185675406362861395e-01 4.062897931393341100e-01 2.811385970229582365e-01 4.436883424243591167e-01
3.372850769787767988e-01 5.882106560814904794e-01 2.800108147297285521e-01 4.809216389235164701e-01 1.805982380174100399e-01 3.680124297732265681e-01 2.569685542072428497e-01 6.034635149189145759e-02
4.924455016544495023e-01 6.866900841178341652e-02 5.369570979337952021e-01 4.471501377093033414e-01 5.349177473690360785e-01 2.413300780507679766e-01 3.013151155842791473e-01 5.658887833294524716e-01
2.092010882795789506e-01 5.399406151433232548e-01 2.946197172897511152e-01 3.492024989763792830e-01 4.529350395314395428e-01 4.662648149053294500e-01 9.497709505335241720e-02 9.560492665981708271e-02
5.583673351582725264e-01 6.701430925638681702e-01 5.797007388580456277e-01 4.255351768471949958e-01 3.373155309818685055e-01 4.112462784813896155e-01 5.071862563753829489e-01 3.359492215724058095e-01
6.899352219897045835e-01 5.112770930415927451e-01 5.910533062842147078e-01 6.094202772043859628e-01 4.357732979115098715e-01 6.695940579495844869e-01 7.317071993035784150e-01 5.816665710647647147e-01
9.612057654694126096e-01 9.763822818199892062e-01 1.347363738087611340e-01 9.842122870934399970e-01 7.124478439800441265e-01 4.674264103342828380e-01 9.649244792858375774e-01 6.730029930349071821e-01
9.359741444694505974e-01 9.519621085719429665e-01 9.261307017591525748e-01 9.036940469218871508e-01 6.670235728379338980e-01 9.489734005321277532e-01 9.573792623805997826e-01 8.513721196113565037e-01
6.963333656008611205e-01 4.613658561592663965e-01 8.259650806249154709e-01 8.011917081492175852e-01 5.219889578875154257e-01 6.089759505448885113e-01 7.689464530904643880e-01 9.001776407064014940e-01
1.173634692466751089e-01 1.954852318419565416e-01 9.380020398885971500e-02 2.749853173041642007e-01 9.310767590068280697e-02 1.160368714911401838e-01 2.472718362531562686e-01 2.192151261325205325e-01
9.432179095936557012e-01 9.717731760029799659e-01 9.614028857493219782e-01 9.371515635620403240e-01 9.040674858260899782e-01 9.864554513752591403e-01 9.817594475273661025e-01 9.678161910785662014e-01
2.302164299599880615e-01 1.730345059045515221e-01 3.619800435755467505e-01 2.255859834618309800e-01 3.902973982039839029e-01 3.551727362279679667e-01 2.338288096158973595e-01 4.371505184396636823e-01
3.788959804725214320e-02 1.135075157388704126e-01 1.373871799054601217e-01 1.160172726144423523e-02 1.252217916771769524e-02 1.385039118160324711e-01 9.657740336331330222e-02 6.919377898607023680e-02
5.373142590459061285e-01 1.655666421707546465e-01 5.452035075286233434e-01 5.255345086418626854e-01 6.684977279510349035e-01 5.117197514873152997e-01 4.231177902676447888e-01 6.218812707490599667e-01
1.057018363099943153e-01 2.521500837317240395e-01 2.755441517702909016e-01 5.682350624665077898e-01 6.173939374275505543e-01 2.930595988666672147e-01 1.050305433747370232e-01 5.953135557808532097e-01
4.950363892122034426e-01 5.780941614104139203e-01 5.061730823210844887e-01 3.858118658352396868e-01 2.702525679487735033e-01 4.707694332778110669e-01 4.590118222220275768e-01 3.419001696726220452e-01
