3.939823507472772768e-01 2.749307002865065130e-01 9.472971697857178741e-01 6.465394896753741127e-01 5.909217174630612135e-01
6.123217000823112377e-01 8.853832097598833828e-01 3.822056552571750365e-01 6.455151657855283664e-01 7.909092789050191641e-01
1.867334171597807013e-01 4.498116647795269429e-02 1.218635881628607476e-01 1.213179751999567957e-01 2.807531694415956736e-01
9.752222430646466655e-01 7.426957660747900425e-01 7.508572839485263550e-01 1.566923852664819927e-02 8.110264537390321493e-01
2.307012290758508888e-01 5.417148606768975583e-01 3.286820737899669997e-01 6.518585648292597456e-01 6.368545293807983398e-01
8.850622381786140691e-01 9.839742606461411301e-01 6.573310122906234065e-01 4.261325930120037908e-01 5.119613176211714745e-01
4.904517833894751488e-01 3.269435933703689900e-01 7.129821458567460191e-01 1.729259928218519482e-01 7.123627797700464725e-01
6.844470120097800869e-01 2.872910581945931074e-01 2.804083546808370797e-01 1.632302817663121020e-01 8.039962912444025278e-01
7.773021751642028576e-02 3.156130101767632423e-01 2.553138664751665177e-01 3.402583736845404827e-01 2.710893733892589808e-01
2.268973720795097737e-02 1.173662287256876935e-02 7.034162627467939188e-01 1.689309644643925967e-01 9.021386108361184597e-02
3.347375340885218042e-01 3.444316312289119608e-02 8.762891577397035059e-01 7.173345837581949214e-01 7.947643012739717960e-01
8.940425995382756952e-01 9.728565979246142081e-01 6.961676956419866613e-01 9.308954653799248469e-01 4.946744234766811132e-01
4.054649156310164981e-01 2.079636887000129164e-01 8.304739496781412544e-01 4.459954469588070514e-01 1.460821942891925573e-01
5.532642180596498704e-01 3.244640434224421166e-01 6.538744337082148528e-01 1.160341551786464587e-02 7.190331663005053997e-01
3.971881764438726092e-01 3.903929134196374440e-01 5.702506572064356405e-01 4.352185020128281345e-01 5.714902486652135849e-01
2.295030068836827475e-01 5.242909470010352901e-01 3.051413714255472587e-01 1.737716994410572480e-01 5.040422086603939533e-01
5.969656017249083124e-01 3.359308593265907250e-01 9.506750140307618224e-01 3.332777586038733753e-01 8.177362608257681131e-01
2.803765896527564694e-01 2.401893709165002777e-01 8.716412379492197715e-01 1.270512184683755263e-01 6.242748100776225328e-01
2.637331970611793697e-01 3.116654031502341660e-02 4.500464557863286252e-01 5.894593328130525167e-01 6.130817066878080368e-02
9.799208346313300622e-01 5.351069378676596155e-01 6.453633369646785134e-01 4.309643122026862172e-01 9.034006933216005564e-01
9.752116655342148999e-01 2.907986396858344147e-01 1.814160366880331332e-01 3.048257454505888253e-01 4.142642496153712273e-01
4.204629943136627968e-01 2.696813032856804071e-01 2.997344180118028945e-01 5.291497813588635912e-01 8.098446789663285017e-01
6.602124124818758988e-01 4.389936302311401861e-01 5.042945317050636644e-01 4.441921024986686395e-01 8.031568764708936214e-01
3.986849636794432827e-01 1.517141478770166474e-01 8.291189669491833003e-02 9.666576476062932466e-02 9.510748251341283321e-02
4.789718982978385942e-02 5.945072760246454813e-01 3.213812707732616736e-01 9.205147352372330394e-01 6.293494782876223326e-01
9.780635956778771511e-01 9.183962688643720895e-01 9.423816936982908343e-01 3.546208700193771990e-01 7.386588498484343290e-01
5.520389803524303751e-01 1.660398353854510844e-01 2.492773858994128955e-01 4.216929203316633901e-01 2.681376880500465631e-01
9.452036655115174657e-01 7.263235083362502564e-01 3.054118737754243917e-01 3.104972257082400100e-01 2.356423023156821728e-01
7.857808364051634964e-01 7.161242075954927788e-01 4.474268336187597894e-01 3.059334907624371436e-01 2.032152656465768814e-02
9.534115498375608233e-01 1.744613032164030741e-01 2.172053689470651028e-01 4.035705801196595166e-01 7.544137800578027964e-01
5.884221798914426316e-01 6.454221242365636435e-01 4.690200450924008613e-01 2.669744438339162196e-01 1.181882275268435478e-01
7.462518480680699895e-01 9.266938800415565058e-01 8.849078860966567150e-01 5.987422164070450581e-01 5.239931223914027214e-01
3.040610634763225573e-01 7.835763929694039565e-01 8.654363996552454363e-01 6.160389234262620972e-01 7.159262176137417555e-01
8.647791316995956379e-01 8.695877654109769317e-01 7.324438143860001471e-01 8.259253928000067635e-01 1.672687975224107504e-01
5.718611299756898303e-01 9.830936428286105588e-01 8.738807703389983583e-01 7.121807067076719733e-01 8.667392532806843519e-01
1.462042545293020801e-01 4.150239597933450542e-01 8.259513024414943949e-01 3.089859305365151854e-01 9.159088330343365669e-01
2.702703100344693299e-01 8.120714143740965785e-01 1.928142091612018438e-01 6.717806853097066933e-01 8.557204164098948240e-01
7.162202455628621234e-01 7.552001212675876207e-01 7.762340377323946328e-01 1.691935005868899777e-02 3.526122430339455605e-01
7.693853296546526721e-01 1.958026009282499702e-01 1.238170847870606606e-02 1.204503417640668261e-01 3.641045538242906332e-01
6.215820299607682786e-02 3.074648825496697491e-01 1.100954361945421511e-01 5.992624782053166399e-01 1.544041552115231752e-01
8.993310281597708400e-01 9.559646163021719989e-01 5.685175177218130260e-01 8.860997006563136047e-01 5.077380423899739981e-01
7.490356440764502910e-01 5.678689428945404849e-02 8.910254865230062826e-01 3.948103376208961235e-01 2.779651361051946878e-01
8.260939218313019250e-01 7.145415896127172983e-01 2.594804087202610687e-01 1.883912278716735056e-01 8.915316495113074780e-01
1.611612207503110850e-01 9.471755600873055236e-02 1.885002943128178954e-01 7.126404599780864491e-01 1.731563289649784565e-02
3.813643617997070079e-02 5.259735355086131436e-01 3.581549437796612834e-01 8.272956446200536718e-01 6.076449619140475988e-01
3.210123057661620205e-01 4.447122959657112684e-02 1.221746944215375552e-01 4.635528980146341738e-02 5.509653750341385603e-01
5.778605311386010301e-01 6.090111586989557235e-01 3.068520497477775777e-01 5.824899319833571898e-01 4.147084825672209263e-02
7.073172687894545563e-01 5.674056356159531411e-01 7.474004945227031849e-01 7.589514591276322886e-01 7.865688337478786707e-01
2.640674215811869008e-01 7.117839607771578869e-01 2.025748443905920348e-01 2.951854181819830725e-01 4.017703826539218426e-01
6.890680826078946497e-01 3.986042655513247768e-01 4.643263998899541667e-01 5.404858058668560172e-01 4.426073175854980946e-01
5.625880231654585284e-01 5.096066233358252928e-01 4.993711873369532928e-01 4.846525603881103317e-01 5.293520411942154169e-01
3.012495606819979299e-01 4.950646138130676555e-03 3.267732098610235392e-01 2.150803691857938738e-01 2.513470973353832960e-01
7.099953665983411710e-01 8.092692009028841227e-01 3.757578735040482676e-01 3.989993786023978695e-01 3.375703224446624517e-01
3.409209931450285502e-01 6.008399915740734176e-01 2.192014504374079076e-02 2.857531867099326051e-01 7.151844543404877186e-01
6.123169738543199347e-02 4.273049244925025691e-02 4.792096852765393988e-01 9.137203891992984328e-01 3.108902419917285442e-01
1.997456190413665622e-02 1.581813922864386823e-01 1.322429083610116018e-02 2.671736350334847909e-01 6.151136173866689205e-02
6.355266421944989474e-01 6.159801135996666455e-01 4.805852161846171366e-01 2.035535024042359198e-01 5.166066829115152359e-01
6.929153012684382551e-01 4.096458424929705355e-02 2.629247621444592009e-01 9.851291195787899024e-01 3.477599173784255981e-01
3.400098714042298909e-02 5.971792220432095011e-01 2.187572927139304624e-01 1.242343977537126998e-01 8.224723557941615582e-02
2.224906233303907133e-01 6.381251594851407027e-01 5.957002057891264135e-01 2.001968707427371763e-01 6.143821906298398972e-01
6.255438415067456903e-01 4.357416783272438643e-02 5.436587834296612298e-01 1.742961824825130512e-01 3.360839730594307184e-01
3.623706652419153018e-01 1.582997942135939140e-01 3.516906574838291055e-02 1.036731333850522407e-01 7.221788750030100346e-02
7.893298281049020426e-01 7.593559776935201455e-01 8.267459955884053358e-01 9.211676812058443575e-01 6.944177018012851477e-01
8.588660336932194550e-01 7.615143181542880502e-01 3.034011607138520361e-01 1.992329934425868254e-01 8.966507953591644764e-01
1.818671807328450796e-01 2.453358326812354329e-01 4.534296868069228048e-01 8.680802299048234749e-01 9.817873137071728706e-01
5.837443145451761684e-01 1.071577222639390481e-01 9.809932063975831396e-01 9.574745413469412103e-01 3.395134392194449902e-01
1.225045283655064043e-01 2.456569063147268639e-01 8.827294973497530339e-01 3.921069932436314076e-01 3.785842249635607004e-01
5.483247361535745767e-01 4.705232673251446007e-01 6.433623767116938286e-01 3.241749270199837385e-01 3.868279170710593462e-01
8.869229120859316584e-01 1.727520721040434193e-01 7.244701523105436802e-01 7.221004687408432154e-01 3.873292955104261637e-01
6.654724638511988477e-02 1.921220660615283737e-01 1.350491643230253280e-01 3.349972392450994985e-03 4.582068051677197218e-01
6.747999556729280535e-01 5.955669478997556165e-01 8.885350036531716178e-01 4.200151895046060901e-01 7.585539445281028748e-01
5.394315765716397593e-01 7.503154655139434581e-01 8.427059904049505334e-02 1.771253808357953208e-01 5.717554998118430376e-01
7.069076676023043904e-01 1.699967109615287963e-01 2.288068738943700997e-01 7.232296020335913234e-01 4.162513911724090576e-01
5.995381984227632355e-02 5.432158236343258562e-01 5.401753716138095740e-01 1.005809463519047320e-02 3.404771739151328802e-01
4.920089151384468007e-01 8.251249509447911024e-01 6.425432028283795116e-01 5.171999145107678553e-01 7.170925254467874765e-01
5.590022906276510550e-01 9.545231784816372578e-01 7.281673814567644065e-01 9.998994118028633471e-01 8.515039731282740831e-01
2.525932460487952391e-01 1.268780992353898407e-01 7.101146106851310424e-01 6.977845733122565175e-01 2.440504124388098717e-01
8.699264229871225274e-01 6.329663287827700380e-01 8.363178589912702021e-01 7.054716302185496390e-01 7.558180531486868858e-01
1.102903564167112549e-01 2.661148338886877851e-01 4.724111960706945945e-01 3.453749543201832806e-01 2.140372933354228735e-01
8.125810274375591113e-01 8.336533036985336320e-01 9.891391566641081212e-01 7.799011210037889441e-01 2.176196528598666191e-01
6.663435646670026191e-01 1.574848404776136856e-01 5.513672166815875020e-01 6.397351381104219303e-01 1.394854213576763868e-01
6.312900667833744039e-01 2.230221210317351321e-03 6.180551858196763337e-01 1.803477825408277280e-01 1.122049253899604082e-01
9.904463109831285195e-01 7.396247723302483701e-01 3.245357072029630974e-01 2.711863268155657591e-01 7.342290191445499659e-01
1.290791298980998314e-01 3.149523538485532459e-01 9.013611160465140326e-02 2.567931391122883489e-01 9.348297235555946827e-02
9.876327341705778418e-01 8.414714090752362097e-02 4.485701125298608982e-01 5.765937632692768045e-01 6.048713452182710171e-01
9.818396274283007763e-01 9.295595833597796176e-01 7.864313716083429773e-01 5.821897556066317758e-01 6.525298347696661949e-01
4.050922035899234275e-01 4.743619643455385115e-01 5.646709126217547281e-01 6.935832878783404487e-02 7.194104925729334354e-01
6.423388539101253514e-01 7.866508857360053897e-01 9.165854465264533513e-01 6.036829028376555772e-01 4.966183325741440058e-01
5.747160481092580264e-01 1.495608152915491873e-01 6.123050216796921408e-01 8.480059056596034317e-01 1.843192260712385178e-01
3.639971089223037470e-03 8.388845943175851083e-01 6.087287119790905088e-01 1.011034117348368344e-01 8.175287947524338961e-01
1.170497627935482288e-01 4.855606720514245023e-01 3.915122332440251762e-01 7.784219416818558557e-01 7.716158744879066944e-01
8.703510929843584210e-01 9.158328987504853469e-01 9.217793002091039245e-01 8.850534287343055917e-01 6.490926800761371851e-01
9.234112683894619700e-01 6.256742967513160281e-01 7.289473405958402097e-01 6.447880478946308447e-01 5.034001017920672894e-01
3.896298537097558357e-01 1.365536112945164859e-01 7.352022885988057643e-01 1.979354930655853884e-01 1.529420197475701571e-01
2.407327040305946575e-01 1.582996283325762699e-01 5.946337975817854726e-01 2.596455853552213089e-01 8.373432962689548731e-01
4.353879805377529610e-01 8.100751195849862363e-01 1.486230275117351729e-01 1.177869006022416731e-01 8.661433814559131861e-01
1.901346806068248130e-01 2.331770609471262024e-02 2.238028267951164274e-03 2.689970250656663620e-01 1.735420464538037777e-01
1.713802508567517924e-01 6.661757003907222696e-01 6.875853144025925179e-01 2.732439703644173878e-01 8.187227977905422449e-01
6.808478085992565321e-01 3.662544468739369896e-01 4.229709777590014430e-01 9.944628451249211132e-01 9.052161891013383865e-01
1.514606911945044487e-01 2.573970383488222158e-01 5.357483246626133511e-01 8.168729054620560426e-01 3.005930818617343903e-01
