1.084754081251748797e-01 1.197449153675694128e-01 1.687227664058281451e-01 1.250339341349899769e-01 1.187296531937839239e-01 1.618325416335373301e-01
8.571152060509502624e-01 3.919530407240871539e-01 7.607351245778953830e-01 7.156039718538522720e-01 9.193158709323931976e-01 3.629673042565271790e-01
6.161314363207287537e-01 3.198531143426568968e-01 3.923820889203502582e-01 1.456063867080956697e-01 2.242412917746722245e-01 3.646405270487645955e-01
7.644090826536591443e-01 8.053405376942456284e-01 5.600884687625189429e-01 7.806110228411853313e-01 7.953835576069103741e-01 6.747131057605114668e-01
9.189470599459104161e-01 8.535416684493816186e-01 8.821963201123426135e-01 7.799400207586586475e-01 8.689987783126725818e-01 9.904263452369875820e-01
9.144045825728407406e-01 7.129585172572934226e-01 9.317999265471582637e-01 9.537289536092430353e-01 7.874414489629730785e-01 8.084673613455841679e-01
4.334239992901104954e-01 7.174709896473299153e-01 4.718827556435515880e-01 9.770713173784315586e-01 4.416461001403086395e-01 8.148956574176843271e-01
5.188662944225858054e-01 7.107700629133005821e-01 5.333502702226019521e-01 6.401528711430728436e-01 4.328235836543390391e-01 8.070476024185002650e-01
3.861166307685717780e-01 1.948641093640536004e-01 6.725210740342094096e-02 2.059946740046143532e-01 2.739385652731660126e-01 6.061834881448945056e-02
3.024323139612111744e-01 6.112068242449572031e-01 2.805778406652299495e-01 4.215393557678908110e-01 8.359680931253581360e-01 4.336763195557842843e-01
7.729534634999795095e-01 7.785816605851015870e-01 6.866594004226317383e-01 7.709166724234819412e-01 9.573702405940198723e-01 5.926736644380928842e-01
4.640392001335990058e-01 6.293318237248841651e-01 5.679363711232552347e-01 6.888344611506909132e-01 6.673095021914698943e-01 6.006487399018287654e-01
5.525585668120768235e-01 5.399470184721449906e-01 5.504231661592140501e-01 6.224912118632346392e-01 5.504838293451943532e-01 5.243397971813195113e-01
1.808803814066870241e-01 3.264007296131717362e-01 1.677372716502457672e-01 4.884920481126755476e-01 1.766453477224852187e-01 3.086376690584973770e-01
9.605802203399120553e-02 1.597760406930580079e-01 1.984772499857786199e-01 2.074387008324265480e-01 1.028475169403534339e-01 8.783659195171188427e-01
3.668159102829710028e-01 1.412775349897129329e-01 2.825914737523138598e-01 1.042225649580359459e-01 1.308677933735943322e-01 3.007600787670330900e-01
8.307881119152065175e-01 6.065155273034472660e-01 9.926213658932516726e-01 9.087429551873356104e-01 7.660878575458763828e-01 7.257706866716279182e-01
8.395496472598817927e-01 9.788104537412276596e-01 8.802240876786535662e-01 5.443812911398708820e-01 7.283829908710580670e-01 9.742771932776821409e-01
5.785319795433669920e-01 5.094642025059439305e-01 3.276146631578614743e-01 5.622194225434213877e-01 5.530913715266637665e-01 3.429047798172326078e-01
6.813706167235479283e-01 8.554966704724724647e-01 7.886323293839898607e-01 6.942145805805921555e-01 6.791371464097536448e-01 8.856240900108828251e-01
1.485846330426507933e-01 1.745680206637623133e-01 7.713887489103683770e-02 1.616738180164247751e-01 1.130451895463235740e-01 8.691083109478676960e-02
6.002844440259937908e-01 4.902132277853246678e-01 3.576230736904877916e-01 8.313230790663510561e-01 5.374093112599922506e-01 3.023116659309181831e-01
8.008328193116551752e-01 6.357836918301235096e-01 7.749372716686724338e-01 9.982394466642290354e-01 8.366449473335774156e-01 5.654899225335173751e-01
7.549904341865362190e-01 5.039939956706537272e-01 5.467923277410402516e-01 2.537406599149107933e-01 7.323204966165730578e-01 4.559738918063802049e-01
6.099254365239176190e-01 6.954183681322220201e-01 6.477895779135678378e-01 9.177833222784101963e-01 5.656817998728408403e-01 6.207580613910431699e-01
6.871263398268363520e-01 6.762854094245608350e-01 5.296231809914354605e-01 5.414897301234304905e-01 5.637883962153419359e-01 7.587615931067032138e-01
7.172098826177749631e-01 6.426487822697322105e-01 5.273395446377221463e-01 6.834321452770382166e-01 8.886413213520191201e-01 4.826131606677723229e-01
2.828085484632915647e-01 1.693183643701421659e-01 2.707119981870523828e-01 1.443924028426408768e-01 6.924178945103482974e-01 1.709179679370765315e-01
2.917165376340156713e-01 4.529936150430209918e-01 2.897408289515647772e-01 4.471400605980306864e-01 2.877871626086769830e-01 5.105471662615563844e-01
5.955007795645200774e-01 8.196565490581190216e-01 7.105692377164415374e-01 7.564431454520672560e-01 6.471149401818118152e-01 9.175838773852266206e-01
3.730591674339509001e-01 5.687622703275975189e-01 3.946343249894845306e-01 4.330100892111659050e-01 5.367823471769119781e-01 3.008476318206973477e-01
3.544285785305480996e-01 3.231700754305870671e-01 8.500188078857683349e-01 3.451525855343788862e-01 3.992827996734986673e-01 5.484481947472523711e-01
2.505270783912752486e-01 2.473996813120855898e-01 4.310150806786716693e-01 1.570279011502861977e-01 3.453057097926789387e-01 4.237903880525395461e-01
8.081971214646795909e-01 8.413942705950867573e-01 9.400698626234013089e-01 7.733014093246310949e-01 8.422253998863550306e-01 9.701545564460851701e-01
1.748440039354260123e-01 1.722361799488170697e-01 1.627848628784332730e-01 9.724555886350572109e-02 2.323415130004784501e-01 1.128546927338367756e-01
8.275697549142623233e-01 5.987121572467993813e-01 8.631881434120626251e-01 5.938872320111840963e-01 5.956216785453459783e-01 7.905991327512553735e-01
5.717248789321929259e-01 7.574890986802821358e-01 8.229944380489622180e-01 4.419425826054066420e-01 7.591128336650500019e-01 7.529070516858792361e-01
6.396286143292759796e-01 7.472491857199524690e-01 9.436479822913097504e-01 5.379006271250545979e-01 6.976006332628350570e-01 6.538205721680084848e-01
4.513624446649797811e-02 2.246880828646582312e-02 7.695966504883300363e-03 2.769188140518963337e-02 9.122042018135540289e-03 1.462048024382535914e-02
7.907193707816454475e-01 6.813824620525903430e-01 7.802747187052693212e-01 4.850187574047595263e-01 8.092728961006145916e-01 6.515312556765409102e-01
1.467605972574773099e-01 4.589180222698983624e-01 4.493670712658039412e-01 1.040672962553799152e-01 1.734626826421238888e-01 8.459464302798236357e-01
4.214531138621540052e-01 2.026293269357528348e-01 2.543186771500197674e-01 2.794481455348432064e-01 4.007515614468684095e-01 1.685455873276345273e-01
7.543540112472993941e-01 4.462413046383068571e-01 8.127182751961046225e-01 6.168227919843047857e-01 6.570478828036104835e-01 5.033733375121178799e-01
3.008746364292333442e-01 3.760758753121521414e-01 3.273775214243727638e-01 3.309844159521162510e-01 6.893458248384233267e-01 2.747780900098692469e-01
6.402283577846246132e-01 5.340612335631710339e-01 8.366210849883458645e-01 5.018830848857760429e-01 8.323851647352645822e-01 7.337147614831031062e-01
7.521162211531096098e-01 9.918579154413945664e-01 7.006502410971647832e-01 8.667718982324004173e-01 8.172869224481739137e-01 8.655626065251726953e-01
2.564704805042331004e-01 6.840750574484051327e-01 3.530487771521280682e-01 2.738102290313690901e-01 3.151922273057122248e-01 6.265337297968975871e-01
3.697418948106857145e-02 5.828918186250075378e-02 1.031265610423003076e-01 4.035551310516893864e-02 4.477643191063847977e-02 2.009013267928564106e-01
7.248734122623478049e-01 9.800959602638771306e-01 5.712150649167231364e-01 9.566689576022326946e-01 7.408684315260301023e-01 7.788184636930928217e-01
5.801621574107940216e-01 3.423771868981407285e-01 9.950255636485257904e-01 3.344725510105490685e-01 5.469089904381759792e-01 5.088495672364510281e-01
8.837255032046179570e-01 3.604922754171017707e-01 9.357570545252729133e-01 5.374246977735310793e-01 5.834820044936583905e-01 4.270182990095587328e-01
7.250864857690519916e-01 8.734279856610568382e-01 8.057185680172370690e-01 9.633064025547355413e-01 7.845794527121414674e-01 8.197697123182896561e-01
6.695938951107958115e-01 7.502306020707166789e-01 3.365085165630966046e-01 5.868313468527048826e-01 6.049707122057778053e-01 3.203847123448392287e-01
6.305361116588732440e-01 5.214704832548207047e-01 9.472670876892496095e-01 4.629674355965107679e-01 9.061265155901597756e-01 5.649153392272824314e-01
5.095310366257927992e-01 7.229980982559525149e-01 8.619586159011216608e-01 4.725361233577132225e-01 6.022541459430350574e-01 9.446825509339323856e-01
9.525354214737896674e-01 8.697238794796441352e-01 9.147853055142458611e-01 9.651776594109833241e-01 9.592275712512324803e-01 8.321970332448255236e-01
3.003912889082223092e-01 2.929354308861150669e-01 1.836801190838563413e-01 9.171462510712444782e-01 3.042553513682288435e-01 1.831748985714109768e-01
8.130220769127739500e-01 9.229438920380634848e-01 7.677754244951388030e-01 9.320471265818923712e-01 9.584679367381104820e-01 8.248883115794591880e-01
2.059820585308985985e-01 3.798110290449607240e-01 2.544966124685467124e-01 2.810615303460508585e-01 3.218139591985935688e-01 4.028247369954229828e-01
1.554620062492399479e-01 1.096123450331174531e-01 5.633157431169349971e-02 9.753230074420571327e-02 1.015775963723647007e-01 5.110202960456685511e-02
3.957846019593693199e-01 7.336714968248942981e-01 4.326815846212279659e-01 4.791525823529809713e-01 4.509155160110189242e-01 5.631533697881559997e-01
4.021740688667452823e-01 1.878853456861665217e-01 2.348625224643937637e-01 4.246653227601200342e-01 4.104496400330996386e-01 1.375933365218369175e-01
6.947762559414678574e-01 6.547685646010745764e-01 4.518142584365190673e-01 8.631313883233815432e-01 8.114324432042087087e-01 3.878569046066143167e-01
5.785590820557882097e-01 4.707550608826866489e-01 4.999275348828099430e-01 7.046987980138510466e-01 6.992423901338115089e-01 3.842364671896075223e-01
4.386611781561280399e-01 6.497963048327292102e-01 3.832213467178387512e-01 7.287613931111991405e-01 7.266895057843831829e-01 3.920093225787229518e-01
7.840156032159718569e-01 7.623949943126975271e-01 6.225714289413248892e-01 7.353786970488727093e-01 6.718249310004090757e-01 7.202253503552115133e-01
1.502337111260907410e-01 1.565707374550921460e-01 2.829615430733854464e-01 3.329030263703316450e-01 1.661231933991867415e-01 3.116759044068960760e-01
1.805575254390667794e-01 3.084260648768685775e-01 2.420487918864255017e-01 4.054514199960976839e-01 1.642405132062428608e-01 9.678570063199888329e-01
6.434035291991113681e-01 6.731497560995040041e-01 9.790423651695576712e-01 9.568003774620592594e-01 7.001511723102687990e-01 9.221995771648463514e-01
4.369152744722527570e-01 7.030763830219369792e-01 4.182363379353833954e-01 8.361605661921203136e-01 4.440749359677718666e-01 8.410025415747907074e-01
7.430080261229148331e-01 8.892325268377753167e-01 8.456699703678044466e-01 9.841990864370018244e-01 7.728832844066562124e-01 9.096197484290428070e-01
6.790551001397744368e-01 8.283295431457470270e-01 6.612973076949998363e-01 3.069976971019059420e-01 4.315234858850324762e-01 5.712780165985961167e-01
1.462910581091124256e-02 7.454746786654323221e-02 1.823431428457883419e-02 1.893478329293429852e-02 2.067730045196695260e-02 2.519024284355570950e-02
2.264608189610634315e-01 6.336240401523653976e-01 1.088911460932229791e-01 3.197644043248146772e-01 2.031184501860375247e-01 1.578818501490652226e-01
2.480479778019409054e-01 1.628528996910668658e-01 9.942968148081483548e-01 2.329021943733096123e-01 3.629419926940931629e-01 2.637014547984270485e-01
8.676392077088328492e-01 7.075587409876215039e-01 9.612587251983480963e-01 9.572118094656616449e-01 7.773118327023051943e-01 8.826584951629437015e-01
1.951865348298419817e-02 2.760522365813383727e-02 3.952742110420576910e-02 4.667035606689751148e-02 1.940093654251508551e-02 1.456409603619751580e-01
8.519992936111472348e-01 6.579034126987164388e-01 7.707095645236274883e-01 4.675323246046900749e-01 6.880268604728054793e-01 7.563707247014063162e-01
9.301782618456037044e-01 9.784118651911209996e-01 9.861256210193205529e-01 7.655095770023763180e-01 9.972914900023567286e-01 5.961413922707494706e-01
3.038909387922279492e-01 3.973899717381912944e-01 1.993612948537553387e-01 2.559095649048686028e-01 4.402352327232859075e-01 1.409039780838424460e-01
4.994019686345679832e-01 2.933321222551655283e-01 8.984172273473570725e-01 3.793842315208166838e-01 4.693388556799680811e-01 3.701571539230753549e-01
7.460432185340515332e-01 9.618148200623759525e-01 6.270570731091857919e-01 9.063266317825764418e-01 7.840834244397348884e-01 6.740509153964343581e-01
5.784970988958367810e-01 9.073277327435123052e-01 9.301964347971651836e-01 3.563575767911970615e-01 6.662336126721133400e-01 9.651659728472602451e-01
9.233527689555073303e-01 8.950097958632117212e-01 7.827491759647923208e-01 7.831121070776134729e-01 9.531848763527426271e-01 7.357144028242790235e-01
4.205675871402897448e-01 8.648932819529434601e-01 4.203329191751029037e-01 7.235661647282540798e-01 4.871191673975033831e-01 7.475127428471242119e-01
1.912729337113764083e-01 1.334433881978399350e-01 3.578543882712416080e-01 1.965575269423425198e-01 2.441276048230092977e-01 1.860050929867246572e-01
1.082255041809782881e-01 1.138929281020860523e-01 4.473481880295767654e-01 1.316375681199133396e-01 1.069475223742279990e-01 6.227196126325822423e-01
5.046853362873111593e-01 3.460075021301943776e-01 5.416299902253809417e-01 7.710382333025336266e-01 5.043406774128380565e-01 3.869978971991904770e-01
7.952572485096303101e-01 8.469836590910767571e-01 6.925538163869137120e-01 7.388997611124068499e-01 6.558469454240176688e-01 8.054415653804223307e-01
6.623045257572820477e-01 9.328161277019789699e-01 6.463396083977983597e-01 8.728671604767441750e-01 7.494406572327130256e-01 8.025880801289237976e-01
8.283214358659006793e-01 8.031208168240051570e-01 4.094483623475427270e-01 5.666169254109263420e-01 7.888219402371303701e-01 4.864218808782188042e-01
9.691365927246231582e-02 3.339663179624487860e-02 6.699275779432352362e-02 6.343408487737178802e-02 1.257246293130897530e-01 2.989021510395211204e-02
7.323916972868176056e-02 1.379553513527134213e-02 1.152261670042293018e-01 2.371919667348265648e-02 2.937911279083342264e-01 1.273374845521402406e-02
5.675258953439697995e-01 2.387535817144530170e-01 9.811061152580262679e-01 2.907622242346405983e-01 8.285106836776136019e-01 3.727667694956899869e-01
4.261585412296401976e-01 8.841305787206743538e-01 3.865792976823563820e-01 9.767318230587989092e-01 6.494324272108125129e-01 9.562330265075341673e-01
2.658207383699393023e-01 4.341123108204221759e-01 6.623454402777870786e-01 3.181933814194053411e-01 3.102802499395416747e-01 9.859572070769151431e-01
4.820427056725078430e-01 3.266370859425853368e-01 2.218830093172575180e-01 6.432953162584453821e-01 6.998296380189236165e-01 1.955097524468702441e-01
2.850920857275602849e-01 6.811792241241669821e-01 1.929951919491598999e-01 5.584541878197342157e-01 3.655312205753677435e-01 2.214306981801485719e-01
6.514585805172586064e-02 8.542547373106056108e-02 7.725367885156536607e-02 1.260000709444284439e-01 5.541166597686735668e-02 1.814673223712285899e-01
7.641840612445319758e-01 7.970861989920693391e-01 7.054677663864172832e-01 2.838641561102122068e-01 6.628032025062234878e-01 7.342898915413722527e-01
