7.612950695236222476e-01 6.299875813182943540e-01 3.916476875839873251e-01 4.551875474862754345e-02 4.157787116845645947e-01 2.771627540830328695e-01
7.399568174343390536e-01 7.566214552388074166e-01 5.398470223232602061e-01 7.753051342442631721e-01 1.889811453569673061e-02 2.747477330370373672e-02
4.154864697735404233e-01 7.357495429368853257e-01 1.376080929392750063e-01 2.508110404014587402e-01 1.353501333986699695e-01 8.266055977458147686e-02
6.111502367502852362e-01 5.342853853619131677e-01 9.060503406928261949e-01 5.555068159010261297e-01 6.756609760905181172e-01 5.044512602180489802e-02
6.269685501274390171e-01 6.584047668742547543e-01 5.756343552612832593e-01 6.705238483846187592e-03 2.494583108845948027e-01 5.372368214832041744e-01
3.909098285851551058e-01 5.862758416229683078e-01 3.278851476799563569e-01 8.808434638194739819e-02 7.241012701576261534e-01 2.578162368924644121e-01
6.775797541252797096e-01 1.663426490787999201e-01 7.872424367600775463e-01 5.054187376517802477e-01 1.636000708352728372e-01 7.956574422547753045e-01
1.074299028071007966e-01 9.089225243884191396e-01 3.429314893025757205e-01 9.847085138317197561e-01 2.675019120408075324e-01 8.678845607155309949e-01
7.391414096150752400e-01 3.018258713186184883e-01 7.017673699788747887e-01 3.870908566750586033e-02 2.483432220121926659e-01 3.073295073583504067e-03
4.590857670721658068e-01 1.263056920949240935e-01 3.723636625753751206e-02 1.701451956760138273e-01 1.671767747665014459e-01 1.901177782702097030e-01
1.635629995593740338e-02 7.841220981628730380e-01 2.191363652620625935e-02 6.810108562931418419e-01 1.371597874491686797e-01 4.862043241958657891e-01
1.894692841715710507e-01 9.201710228110915324e-01 1.671547648879129211e-01 2.701398986391723156e-01 7.733982152006152466e-01 2.891340521409093700e-01
6.817745843003630846e-01 2.923583093696398016e-01 3.951231076349878135e-01 8.814890561625361443e-01 1.538153082807380834e-02 4.192223225914509799e-02
3.117354631805397958e-01 2.140665261171644240e-01 5.526660979764119741e-01 2.518820418044924736e-01 6.770183764493870049e-01 1.143855196845490196e-01
1.967687796151433299e-01 9.749615059946680207e-01 2.821483659354998008e-01 6.765073074493557215e-01 9.927707239989650434e-01 8.954883246749800740e-01
4.993320421599574677e-01 7.341295969126467869e-01 1.263131654333707887e-01 8.703125840984284878e-01 3.784849103837270579e-01 6.105458564403510868e-01
6.777601709755315396e-01 8.445626742367455808e-01 7.437836496236183148e-01 6.901755877770483494e-01 9.949767456082951878e-01 7.004837999997252096e-01
6.057651592928298134e-01 8.388720741823540994e-01 1.044374221966598570e-01 3.462858307175338268e-01 3.242706186277346525e-01 1.620035199568321538e-01
8.137759453889769068e-01 5.206032571547998256e-01 7.786442943589180210e-01 6.116262848954647779e-01 6.975612598122210573e-01 9.420542408763109554e-01
6.681543125989095611e-01 8.365635598228697845e-01 2.754649573024842146e-01 8.412159688305109739e-01 3.244739012974312553e-01 7.948339895614875417e-01
2.186314623410447466e-01 3.009155798793924363e-01 8.861532237857900896e-01 1.579780206084251404e-01 3.639461923992405312e-01 7.194828776233792578e-01
4.572556824316361679e-01 1.489247432777105473e-01 8.296073136429928940e-01 6.710506973322480917e-01 6.252707470790173083e-01 3.608626045176617780e-01
9.588903681540519308e-01 8.581464041445141522e-01 4.880718700800920073e-01 8.147129244171082973e-01 4.568967078083975286e-01 2.256601370466315148e-01
6.190987007489046068e-01 1.884262130245196731e-01 1.219969892708597237e-01 3.660438582301139832e-01 2.455335599752228037e-01 4.842895163442442752e-01
2.384710164704635371e-01 7.900356753642451269e-02 5.306634361674498201e-01 8.979707402177155018e-01 1.625352144594660042e-01 9.693152554884443273e-01
4.310716030084340011e-01 5.281542165275985301e-01 1.269403291290505109e-02 7.786323947366327047e-01 9.468375947337128729e-01 2.917103178552273857e-01
8.553280863373119436e-02 7.648689893115525607e-01 2.207355393937904253e-02 6.028517219237983227e-02 7.207262007329983122e-01 5.762130620784570167e-01
6.913320084379916963e-01 4.007535546331498777e-01 2.843845385731885722e-01 3.389385181944817305e-01 5.807566491652169649e-01 2.510236596309212698e-01
2.457733342315939207e-01 2.633150866560468040e-01 3.314883104370144329e-01 7.194575611501932144e-01 3.061930003317214211e-01 4.830041907790494360e-02
1.579729883889119946e-01 5.489331400057538835e-01 4.486260151617396663e-01 5.387805434875190258e-01 1.238162484672910568e-01 3.846576956377268930e-01
8.950709538059810066e-01 4.662499849248711303e-01 9.255333669434191446e-01 8.512815556023269892e-01 5.469591991930691233e-01 6.012806700566748486e-01
8.532964208291026198e-01 8.034041713099996374e-01 5.347939555236265186e-01 6.870582334231585264e-01 9.577428929151865500e-02 3.038785343305442921e-01
1.008741086275450893e-01 5.467914775049084186e-01 4.041503850973927059e-01 9.679817073047161102e-01 3.604080607159325100e-01 4.233816193358460600e-01
5.300944655186923260e-02 2.332531561391811836e-01 6.067573420024480191e-01 5.128544061444699764e-01 6.805090126063143563e-01 6.227672717929246815e-01
5.689354520035866392e-01 9.066900654597691567e-01 8.398273709190899883e-01 6.004190002568066120e-01 6.335981647351620616e-01 4.130682612805882115e-01
8.079905438463899081e-01 3.721364743009778486e-01 5.849983009014680935e-01 5.203384417109191418e-02 1.934833261208466215e-01 1.831566205679395765e-01
4.377016917692757580e-01 3.670781355771295384e-01 6.962967006110435397e-01 4.766950709745287895e-01 4.395301595339959899e-01 9.810872271355599583e-01
2.308636733731949664e-01 9.098846528345430063e-01 6.519776791560675244e-01 4.436240587383508682e-01 5.541025787126054869e-01 7.994935574156230018e-01
9.528791650168528804e-01 7.701611270515613672e-01 7.628640966137749668e-01 4.967070017009973526e-01 8.766156131399511775e-01 5.660447901510653468e-01
9.978282069839019552e-01 9.580631736294653589e-01 6.450876838574144401e-01 6.710954851005226374e-01 8.994189531339765731e-01 4.731326995497592280e-01
1.437015702181203003e-01 2.746375374378090539e-01 7.248125648441392510e-01 1.053792771417647600e-01 5.624064328560829384e-01 9.066548510938173822e-01
1.198519681349929922e-03 2.403010427080243816e-01 2.040410810401960817e-01 7.881527997087687254e-01 3.998548894796272735e-01 8.933678840139639421e-01
5.024395990206337315e-01 8.049628826317277719e-01 3.108488744516936242e-01 3.287164131179451942e-01 2.212808099212266177e-01 1.142797044374885829e-01
3.577337656583882142e-01 2.846355158481296277e-01 3.276672038364288886e-01 1.163172207307070494e-01 6.456665236540002351e-01 2.185904451550120253e-01
9.915152938725390053e-01 7.699512173511388058e-01 5.987760819805740820e-01 9.296474030707031488e-01 9.526320498206228837e-01 4.036566738558918788e-01
9.250450758172358290e-01 3.912708451758045158e-01 7.983765083302114540e-01 7.435635551810264587e-01 6.272924447406751369e-01 4.798388503029563101e-01
4.508459884361861181e-01 6.885831958286278143e-01 1.909663984891578070e-01 3.075756896287202835e-01 5.242544600902721008e-01 8.795472979297999094e-01
3.871654889389312126e-01 6.613897081615811580e-01 2.187796550136750229e-01 3.380173200275748968e-01 7.039222368702104937e-01 6.504631781089478260e-01
6.148630355059249153e-01 4.400389699384975595e-01 4.373083893348331808e-01 3.841585579793900251e-01 1.830636823230308852e-01 5.224380247780118225e-01
5.474775035380677890e-01 8.796038753437296354e-01 1.266442670853712427e-01 7.016109614633023739e-01 4.739620328213886569e-01 1.152068439592913163e-01
5.721699065054250966e-01 1.577775189955653579e-01 8.844970026075015257e-01 8.545424044132232666e-01 8.920635174439234261e-02 5.192792312442108260e-01
9.928380607319031714e-02 3.986683551994422148e-01 4.413954298643735785e-01 4.680850885342806578e-01 5.662867547976448979e-01 2.237559838174094651e-01
4.576392641062352884e-01 7.252191839282110530e-01 5.955260818935439460e-01 8.719032339286059141e-01 9.234090333034294940e-02 7.914094621339107238e-01
8.998831393537578549e-01 8.549262345651302830e-01 2.779108744155465716e-01 7.392533868551254272e-01 4.731509500513934596e-01 4.296436203321165048e-01
6.489860016030498668e-01 7.264942261050293393e-01 4.729385447673625231e-01 8.893221328034996986e-01 3.339803384379297357e-01 3.778982204848547188e-01
1.118309014641254429e-01 2.025217154063322922e-01 2.647507491159597492e-01 8.927335918415337801e-01 6.592146492809975999e-01 2.116657845643680758e-01
5.529092439826860383e-02 8.309523377740373196e-01 6.700016778465093248e-01 1.920757761690765619e-01 1.929035243518573139e-01 5.517133815087390536e-01
2.373913591461606076e-01 9.810717215770520250e-02 4.755032186048330778e-01 8.750876127742230892e-01 4.539305079730955872e-01 5.889793488497296892e-02
9.904022355629316099e-02 1.834315436875932903e-02 2.365152764891216286e-01 2.233470599167048931e-01 3.572788781262239421e-01 1.288795675566333232e-01
8.232463709324733259e-02 9.893198571034562683e-01 4.806277836702155248e-01 3.616588781587779522e-01 2.655905850556422587e-01 7.298296855803287908e-01
3.240138776477765603e-01 2.060160355745017102e-01 9.771284847315642175e-01 1.815506077837198973e-01 4.938846609142052424e-01 4.471323489861196432e-01
8.532685849804204636e-01 7.592974749061447426e-01 6.805317677668074605e-01 8.872553640976548195e-01 7.771603267064283171e-01 8.894931900565878902e-01
2.323341034546555495e-02 1.913778761924594951e-01 6.105371767751071044e-01 6.050750357098877430e-01 1.735618934431387705e-02 5.433684082665126702e-01
9.991198184362004575e-01 4.906963093339564708e-01 9.032510493039407340e-01 9.795271295588463545e-01 9.894447228863321175e-01 9.409201052993116932e-01
9.247619291312270118e-01 5.641400370919777973e-01 9.429570926186674473e-01 3.163556819781661034e-01 1.127723164323238825e-01 8.386892541177974891e-01
5.733461730963758107e-01 5.810985020998864492e-01 2.254001366898662484e-01 3.167106783948838711e-01 2.487613601054126100e-01 4.178757290880301123e-01
1.722222850842460851e-01 1.210327470920319892e-01 5.042574316780406019e-01 5.891272770240902901e-01 5.993521846622489324e-01 2.452058240212282580e-01
1.673486382938210726e-02 2.001054354680934511e-01 4.796160878767393720e-01 7.881288030184805393e-01 3.963153939167101680e-01 5.392153026543782257e-01
2.275575135092868795e-01 6.393728349565236391e-01 8.891865945413623962e-01 8.348194868303835392e-01 5.664626490206202680e-01 8.401488681769914146e-02
7.413774794830263470e-01 1.977667903362192448e-01 9.855816177366825137e-01 9.895972285885363817e-01 6.437164993024300230e-01 2.058724639730633577e-01
3.457497420001174326e-01 8.416089884539856847e-02 7.489957379793177328e-01 1.344125717878341675e-02 7.645318316838906059e-02 2.627677198589168928e-01
3.325636958889301997e-01 9.880252195381922231e-01 4.113568850649163000e-01 4.839763035997748375e-01 2.351977287558090768e-01 9.317754159875319964e-01
1.214051920979539179e-01 6.284474858285822307e-01 9.859347570832632801e-02 9.522249246947467327e-02 4.485302974883635385e-01 4.486115959021327315e-01
5.357041323399426291e-01 1.665429532788745837e-01 1.339583046682212286e-01 1.502184383571147919e-01 8.865338494586643137e-01 1.811879529669504496e-01
9.053779979268642419e-01 5.937829327063937068e-01 8.423883653941348637e-01 5.258514899760484695e-01 6.728000035136141310e-01 7.562938860175225653e-01
5.995606130252856270e-02 5.042289964606596619e-01 5.993693608404450091e-01 5.010904758237302303e-01 2.989304253430781211e-01 8.520375717655368497e-01
7.838565229358291919e-01 2.547425425439946434e-01 8.934662010915503938e-01 4.633739653509110212e-01 4.983119116532925275e-01 5.304844212848333074e-01
3.819072187653901884e-01 2.073790744216216786e-01 5.264817039924470921e-01 4.094892048742622137e-01 2.786019673087268833e-01 7.658038724168683142e-01
2.179021502628554208e-01 5.207856301987739966e-02 7.897147067719111346e-01 4.755785122979432344e-01 3.911920593596755480e-01 6.068118391054352356e-01
2.730912306203103213e-01 2.527787896431310521e-01 9.349094484491460300e-01 8.209609822370111942e-01 5.601343287696076700e-01 6.471915128742349310e-01
5.279527846364427957e-01 1.214552117456865199e-01 3.084430160247806363e-01 8.242433550767600536e-01 6.174429481991750013e-02 5.723420075912957206e-01
9.243712399859664863e-01 3.663981703918511856e-01 8.893603336894769784e-01 7.058284624945372343e-01 8.917421191643337686e-01 7.375322152155542321e-01
8.866210530619056396e-01 8.528345583568943677e-01 7.342218646366811541e-01 6.887357416562736034e-01 1.977922967780006425e-01 8.718633500345573939e-01
5.904459357006467402e-01 9.641211685341904980e-01 2.674621225987172668e-01 1.513221284840255976e-01 7.816869563998279924e-02 6.010952195594423397e-01
6.123591314680070230e-01 7.505731435269542562e-01 6.664662252666281317e-01 9.528995391447097063e-01 9.969869589288506972e-01 9.985976004254923932e-01
1.108931582103309665e-01 6.456911425706924890e-01 3.083823374923718164e-01 7.076661798637360334e-01 9.318883352508018358e-01 4.116976764907881448e-01
5.903605943068466200e-01 2.700884317681873092e-01 6.542488119308816907e-01 7.620923786889761686e-01 6.596288108963858088e-01 6.076706069736043103e-02
3.599975080194277588e-01 3.437995297642144621e-01 1.596025988268192086e-01 2.107587503269314766e-01 2.799134320874779869e-02 3.179496147066335210e-01
6.568372822554413570e-02 5.135381029568860667e-01 1.363022800593896022e-01 4.141653189435601234e-03 1.244843556719197886e-01 2.987039807403714109e-01
5.054870058900529095e-01 4.608884007331552901e-01 4.470889282664138875e-01 3.095980137586593628e-01 2.721905606310885961e-01 1.387054649868095790e-01
8.028513868141701204e-01 8.644764611797832732e-01 8.991711091275826906e-01 5.523612555116415024e-01 3.371744563345252521e-01 9.082197372172413630e-01
7.976887171046671554e-01 2.456552270644620783e-01 9.104915893234952762e-01 4.392004800029098988e-01 1.408992346724685651e-01 3.141377348233082012e-02
3.085631576024749911e-01 1.043901482173448247e-02 4.162451220411661490e-01 3.811540531460195780e-01 2.332012935199956338e-01 1.766532740808218205e-01
2.498816855121072100e-01 6.645973725920589770e-02 5.196591299440705969e-02 1.483778981491923332e-02 3.544121016075918451e-02 9.247913980639823617e-01
3.610804586383309367e-01 4.871246525677619954e-01 9.907284602602455248e-01 3.695268554147332907e-01 5.814612005342875145e-01 7.211558711047174608e-01
2.663186231081655642e-01 4.029815023064157731e-01 5.467673507402943667e-01 7.976919519715011120e-01 6.358285089179966931e-01 2.295065702692309362e-01
3.876722993429497777e-01 5.112073329697115476e-01 4.444411144828915305e-01 5.394491928163915873e-01 5.221651062207809391e-01 4.129595082585069132e-01
4.598665568250459579e-01 8.922884691042447525e-01 9.595060455212198747e-01 8.371276226826012135e-01 4.671080460393779443e-01 9.418482372442982253e-01
6.529815174866490102e-01 2.475803851881356876e-01 7.634265246563909368e-02 4.339576794300228357e-01 9.536710085001751658e-01 5.162873579516917832e-01
5.304458937042061395e-02 2.343005441440225711e-01 4.059005701556908652e-01 3.324484617915004492e-01 2.865398106140204515e-01 5.341151641344801249e-01
