4.481838966460865437e-01 4.567147379161871634e-01 3.432370069543023705e-01 4.155221858527511358e-01
4.472030181451541742e-02 2.584115051517937300e-01 2.258779659061329464e-02 3.818876908626407385e-01
7.275816132377299628e-01 8.465564235696849682e-01 9.028371247791581178e-01 8.827238800004124641e-01
5.912052166473739101e-01 4.682591816719594568e-01 6.374199588190625487e-01 3.672161719296127558e-01
3.153174930208108573e-01 2.603962256162128397e-01 3.492201139182314340e-01 1.800690516829490662e-01
4.022245711513559030e-01 2.255367587725910228e-01 4.437160109257107243e-01 2.685325790662318468e-01
1.677899910214212253e-01 1.098791742708649100e-01 1.579534108405173387e-01 5.050711380317807198e-02
7.730477051942465927e-01 8.057740679343780021e-01 7.929912519648386615e-01 8.347361020278185606e-01
3.208376960739733885e-01 1.710887117526833090e-01 2.554720939938424640e-01 1.361425658687949181e-01
6.386379815680677252e-01 6.507521279010086701e-01 7.591641110431578410e-01 7.405430998187512159e-01
3.044822095587330080e-01 3.948635231339055474e-01 4.159515769811680808e-01 4.756739279255270958e-01
9.207173687780976223e-01 7.867480143563730932e-01 9.504048022969470155e-01 8.827040845062583685e-01
7.080461269460076590e-01 5.131198100087671632e-01 6.818157098893578016e-01 3.932823466602712870e-01
8.836222310920273104e-01 7.327174102610843898e-01 8.439137019272539009e-01 4.053317720536142588e-01
2.390582524515889595e-01 2.384146410164866559e-01 4.256512496125686718e-01 3.422796374652534723e-01
2.286474378265296870e-01 1.733839567298457451e-01 3.696743627979933722e-01 1.842202974949032068e-01
2.853882008419148519e-01 3.286684703132392027e-01 2.777935110039613242e-01 3.528163051232695580e-01
2.737808661370336738e-01 2.854847968801382807e-01 3.423752045750377282e-01 3.910597041249275208e-01
8.403993268789453630e-01 7.564109164654531092e-01 9.050150065230279095e-01 8.354435788933187723e-01
5.200901516763076771e-01 5.986822166522590694e-01 8.978356630079215028e-02 3.700583751779049635e-01
8.215236676352665190e-01 7.297005695072891207e-01 9.133376542720685887e-01 8.413419374264776707e-01
2.138226303530260386e-01 3.363068349627675868e-01 1.939094876035294124e-01 3.118282353971153498e-01
7.563532790432960784e-01 5.911286254927803352e-01 7.956179323736283227e-01 7.818451239727437496e-01
9.316865801858347229e-01 8.262312738252883815e-01 9.094447213224199356e-01 5.835097050294280052e-01
3.588899124134894425e-01 3.378121416149801881e-01 2.619098197349109536e-01 2.261504717171192169e-01
6.921521802354402286e-01 7.236140511004115483e-01 7.002519256166097605e-01 7.847968162968754768e-01
2.596436537921808022e-02 4.042791914363808026e-02 8.973815058270634415e-02 3.955383901484310627e-02
2.422461588993345682e-01 9.478544518696996324e-02 2.701318313138379446e-01 1.458775417413562536e-01
4.062921214759495081e-01 1.551917972178407934e-01 5.810159530497127633e-01 6.812223256565630436e-02
7.406790335183891516e-01 5.635017356388287713e-01 7.826232945543765140e-01 6.323069003410637379e-01
5.589949951273700535e-01 4.348955165077794671e-01 4.954182459561305429e-01 4.635255117900669575e-01
9.987674507385185807e-01 9.989430226297681958e-01 9.991105006390111898e-01 9.989638659171760082e-01
5.049006576729928586e-01 2.805501798489400955e-01 4.353609669292840545e-01 3.596139163710176945e-02
4.095432335459491258e-01 7.614769243166079615e-01 4.407248084507663366e-01 8.456518771126866341e-01
1.969460904847646077e-01 2.527964020180354932e-01 1.060804644364959359e-01 1.910959852393716574e-01
9.295714363767605404e-01 8.781741189661586011e-01 9.437779204758589557e-01 8.873378648422658443e-01
3.329596418384646594e-01 3.927699182850997173e-01 3.482186329586773321e-01 3.648747107945382595e-01
8.528161507124411012e-01 9.556827093135177309e-01 7.531099440113805388e-01 9.577333959750831127e-01
3.719612222750615094e-02 2.139117181711247817e-01 2.045172882957186494e-02 2.225402139592915773e-01
7.933679195364096159e-01 8.855408586608645161e-01 6.485016671181164094e-01 8.938284758478403091e-01
4.908507091959704027e-01 5.980222283130536276e-01 3.245606448249585552e-01 3.523392740171402693e-01
5.731896251813133336e-01 2.799200014648176582e-01 5.810869581986505272e-01 3.855689608026295900e-01
3.291712985667722968e-01 8.256190368786777700e-01 1.829770597798833498e-01 8.627135336864739656e-01
5.419846324488249989e-01 4.116938041640577084e-01 5.700079607550112559e-01 4.466664176434278488e-01
3.440014282024239645e-02 4.160682661883481626e-02 1.827178163545418316e-02 7.081668428145349026e-02
3.509994365287295859e-02 9.848546859813765708e-02 1.151568849187682292e-01 2.911502886563539505e-01
2.801234317842399291e-01 1.508499042207719354e-01 2.087040138451813354e-01 5.337370722554624081e-02
3.211817672461804163e-01 2.076688655656489524e-01 3.686479608975790634e-01 3.785075293853878975e-01
5.373404955540093120e-01 5.816077957918135422e-01 4.320210145865823193e-01 4.870285261422395706e-01
3.276841600295100215e-02 3.189523595590711136e-02 8.966135583880941937e-03 4.225056711584329605e-02
5.129887955865690685e-01 4.249287434032413824e-01 4.970618488177918626e-01 4.049983434379100800e-01
6.379938798638241648e-01 6.098133827063362267e-01 6.573269493675293340e-01 6.440133657306432724e-01
6.519478697753917640e-01 5.182919048980211274e-01 6.752085722900951215e-01 4.656171873211860657e-01
2.298769089764782503e-01 3.722492937415479708e-01 2.791130528247448006e-01 4.698511722963303328e-01
4.534265283927466639e-01 6.815988165094521989e-01 4.241326227458569464e-01 6.657573562115430832e-01
4.164043169581576054e-01 2.465027573516014037e-01 3.847690460642643195e-01 5.224257591180503368e-02
3.588586669862118272e-01 3.449368312746132204e-01 2.684278018709203018e-01 3.825354545842856169e-01
7.052475117470749510e-02 1.273117004558051157e-02 8.636606095688637019e-02 4.337762249633669853e-02
5.179829208638146998e-01 5.877412611562365941e-01 3.667231602688917902e-01 3.684565539006143808e-01
9.270105149011602375e-02 4.196523866980938489e-01 7.748372767285496843e-02 4.962675394490361214e-01
3.812329413374294651e-01 3.847738132874248262e-01 4.729934712094340798e-01 5.217125555500388145e-01
1.685621913564681884e-01 2.789987597295734423e-01 1.377476524515614531e-01 2.700851859990507364e-01
5.589693121198940906e-01 4.282647638918239408e-01 6.776718032992552487e-01 5.366646549664437771e-01
4.743527315914388143e-01 7.075418914134068427e-01 7.022234270234566367e-01 7.664172134827822447e-01
4.974546788143529574e-01 6.403121690874181704e-01 4.549855018495624348e-01 7.174842411186546087e-01
2.272763595342985610e-01 1.032885276952831416e-01 4.982005139489997791e-01 3.937855777330696583e-01
5.556311711265869979e-01 5.344076163656145129e-01 5.112277385059359469e-01 5.101961907930672169e-01
9.278888380230425614e-01 8.466541508112120917e-01 9.261695279218092880e-01 5.751649441663175821e-01
1.328492385757708005e-01 3.371800763708232562e-02 1.392869758701102967e-01 1.627578213810920715e-02
2.707184957277309345e-01 2.642624493459480028e-01 3.268393473806691651e-01 2.068395204842090607e-01
9.184500703111059261e-01 8.900534633108501126e-01 9.390549873296001326e-01 9.371721427887678146e-01
1.323626188888127053e-01 2.298057317737807193e-01 1.929016895000819007e-02 1.916913848835974932e-01
2.166727905206254634e-01 2.541092293189285423e-01 4.384260501327713611e-01 1.610285115893930197e-01
9.556612616164286145e-01 9.111230434922524823e-01 9.426588618880981096e-01 8.281772823538631201e-01
9.326093506148904755e-01 9.421836975028013983e-01 8.618683336084101976e-01 8.859346695244312286e-01
8.731904689458774849e-01 9.080526117412681675e-01 8.634215082222503890e-01 9.185035733971744776e-01
3.326746090875125628e-01 4.410219515600663498e-01 4.021730014756632610e-01 4.083977965638041496e-01
1.254524677244755471e-01 1.863320702795209505e-01 3.244944903671982683e-02 7.689455035142600536e-02
9.584985299339273679e-01 9.619435209775182294e-01 9.488075982301593658e-01 9.413334683049470186e-01
2.939330841333129829e-01 1.891747246953618955e-01 2.558374648954008790e-01 1.323380940593779087e-01
8.526160957795740902e-01 9.172693805810714363e-01 6.571426932466362114e-01 8.968732734210789204e-01
9.262350868642539314e-01 8.804087139909410054e-01 9.238228878195549054e-01 8.033429628703743219e-01
5.520517602457525319e-01 7.309210542348667516e-01 5.922592301384009827e-01 7.859366489574313164e-01
6.063992104507911485e-01 3.121693817318670905e-01 6.027267070318922393e-01 6.646879878826439381e-02
8.499774742052038645e-01 8.362364886358532035e-01 8.124838209052758220e-01 7.579490838106721640e-01
5.755998558356956174e-01 6.828244757918282559e-01 5.954813654599931949e-01 6.132976615335792303e-01
8.902348932339482213e-01 9.183956351768958193e-01 6.187903492677175876e-01 8.458088082261383533e-01
5.738729242047755363e-01 4.260627290176981496e-01 4.993226476091990329e-01 1.892410675063729286e-01
7.556158061531289549e-01 7.840734788693399793e-01 6.219225243904143996e-01 7.105697835795581341e-01
3.043248842191071390e-01 1.994792134435257880e-01 2.726527188140712710e-01 1.471132980659604073e-01
4.459472765660100202e-01 5.888308845676125669e-01 3.790690849711945143e-01 5.734280718024820089e-01
9.838650593528119881e-01 9.853373683859673049e-01 9.879235036690879879e-01 9.870852541644126177e-01
1.044938697508746572e-01 5.032919409761323903e-01 4.956695216417673633e-01 8.552535406779497862e-01
1.133649888453832494e-01 3.151649586580284046e-01 1.953848265826238217e-01 4.264160816092044115e-01
6.736456592471048443e-01 7.224995822690625236e-01 7.150352580459714558e-01 8.316914576571434736e-01
2.748844841996322952e-01 3.508714935644101085e-01 1.733257161739872043e-01 2.459721229970455170e-01
8.984035618964516523e-01 8.390717174175884585e-01 9.292798219911030388e-01 8.558274016249924898e-01
7.915074997985959149e-01 6.450834703490114785e-01 7.571795666917789935e-01 6.124103004112839699e-01
7.019877003737438059e-01 6.805106274632763963e-01 4.966468295762827556e-01 5.105585139244794846e-01
6.439969453362009988e-02 1.009890726069672950e-01 7.747703598274646719e-02 1.247417477425187826e-01
4.218339148386094917e-01 5.786279563111526025e-01 3.288226248867897605e-01 4.068335958290845156e-01
9.784195251709464358e-01 9.576390610082308186e-01 9.721319285412852729e-01 8.786002725828438997e-01
4.506268179841641519e-01 5.745427320637052082e-01 4.329975061068380149e-01 6.472141498234122992e-01
6.741517841613825501e-01 6.352202127854504887e-01 6.119090973512912868e-01 4.799724654294550419e-01
8.236760719995742663e-01 8.144888397887236620e-01 8.641580806211859311e-01 8.692233797628432512e-01
3.311569647647897852e-01 3.615557064205531246e-01 3.016851594162505701e-01 4.095422977115958929e-01
5.447311027721031262e-01 4.673626020133062609e-01 5.883627819670993464e-01 4.869140770751982927e-01
1.736697893855816965e-01 1.602564573424973549e-01 5.035854990204960413e-02 1.116672926582396030e-02
6.446617387580596548e-01 4.686395267789719710e-01 5.302957028968278141e-01 2.743648851756006479e-01
2.608055288711399328e-02 5.708548616632701939e-02 1.400148475553651163e-02 3.751608775928616524e-02
1.678802746540862534e-01 1.834839214503576621e-01 2.613362974610007883e-01 3.019080269150435925e-01
1.415433317202351438e-01 2.399808062384683749e-01 8.462040399696599269e-02 2.274020558688789606e-01
2.310110936652004510e-01 2.231188531674427600e-01 3.932997639663451950e-01 3.957257815636694431e-01
7.338991134280753448e-01 7.588525486164555689e-01 6.835262000159794127e-01 7.872339624445885420e-01
1.896896621889527512e-01 3.877284399676215743e-01 1.218427994109839985e-01 4.160068316850811243e-01
1.081526564046531580e-01 8.210028388462264903e-02 2.958351744813813092e-02 1.847694907337427139e-02
9.888615672462111039e-01 9.835575687539263035e-01 9.905900294329275102e-01 9.737468988168984652e-01
3.464183312972288764e-01 1.010034124020073587e-01 5.554716360511319229e-01 1.536113449838012457e-01
6.017462353847139456e-01 6.337351262656839568e-01 5.721389185614481621e-01 4.956977136898785830e-01
9.965355176459486652e-02 5.601084198735720165e-02 9.826557413156598864e-02 3.227002476342022419e-02
1.792902555075443494e-01 1.979733391002641008e-01 1.464824121328411333e-01 1.091242691036313772e-01
4.383014971954894423e-01 8.035605994150532005e-01 2.088272214631566870e-01 8.034817990846931934e-01
7.754034796185756973e-01 5.251410242934377859e-01 7.669244721404208098e-01 4.841297704260796309e-01
4.647276862481535507e-03 7.949499323937134557e-03 8.224516952578876314e-03 2.240627747960388660e-02
8.617568435940587968e-01 8.875804699989046087e-01 8.414470142400933828e-01 8.259300822392106056e-01
4.643163160641778364e-01 3.495573655899877896e-01 4.906096301662474235e-01 3.115932699292898178e-01
4.964089077285432361e-01 4.296468221708222290e-01 5.593355666610478893e-01 3.412896818481385708e-01
8.914600628112122616e-01 8.901691340669333208e-01 9.079736624911591836e-01 8.010122962296009064e-01
8.072056336391680853e-01 5.783673775449975629e-01 8.457281805058743940e-01 6.096128695644438267e-01
9.586704940162915634e-01 9.193747538624236215e-01 9.517923117028326274e-01 9.374934667721390724e-01
1.735798748538900649e-01 1.774489838787214613e-01 6.845219703105165365e-02 7.377840182743966579e-02
9.120908940229641715e-01 9.123541389489784326e-01 8.736707759248145688e-01 8.348063207231462002e-01
6.354078189416988431e-01 3.261651397174492040e-01 5.750347725526177012e-01 2.402791543863713741e-02
1.612802994236110510e-01 7.422063983712783308e-01 3.199242214927631722e-01 7.983311724383383989e-01
7.959317069127228583e-01 8.400019167239944906e-01 7.915432131102143609e-01 8.274292733985930681e-01
4.909608091322137380e-01 4.796834893338783323e-01 4.778795276040991857e-01 4.932087932247668505e-01
9.907460493998350159e-01 9.930129661748796632e-01 9.879348881951847128e-01 9.914598166942596436e-01
2.614644646971863717e-01 3.306626429640930898e-01 3.832263805762070596e-01 5.621875340584665537e-01
5.726922429457136365e-01 6.220497057234107841e-01 5.916946656270227756e-01 5.794147604610770941e-01
7.499762749971579101e-01 6.035341446011629474e-01 7.666214792324277383e-01 5.544436895288527012e-01
2.452638092926338886e-01 8.102504831385040629e-02 2.356199968823041724e-01 6.342227989807724953e-02
8.696148840842907735e-01 8.569374098069588719e-01 8.443081957679647864e-01 8.535922574810683727e-01
7.535370096289819575e-01 7.714739344596949211e-01 7.536997171414949737e-01 6.516237934119999409e-01
7.824202291008570676e-01 7.000343460819531405e-01 7.879387670115538533e-01 7.161313761025667191e-01
3.594496984822617147e-01 1.494227039355764119e-01 5.788915335037566612e-01 4.419989921152591705e-01
7.648784164667987717e-01 5.460490383943893411e-01 7.856963076199867668e-01 6.928451640997081995e-01
1.293617222680847334e-01 1.120357339419581488e-01 1.428731379193458606e-01 5.844955309294164181e-02
8.957020794106357320e-01 7.799110305290242184e-01 8.945469426347338882e-01 7.501930100843310356e-01
2.813297421272045740e-01 4.136847184361556184e-01 2.693238262811892270e-01 3.685479655396193266e-01
3.156999961137041955e-01 3.371079703694940810e-01 3.354763632479779711e-01 2.828134340234100819e-01
7.492361159576216290e-01 7.483230824479838450e-01 7.414909962388813724e-01 6.860286809969693422e-01
9.728244117210614883e-01 9.764526038507369554e-01 9.718304107055156793e-01 9.738617206458002329e-01
6.015107278347909814e-01 2.936691405151158896e-01 6.061552154534101122e-01 2.714379311073571444e-01
5.864810815202344818e-01 4.470967643993851159e-01 6.083902096099459422e-01 5.178330885246396065e-01
8.819454592919007130e-01 8.003000203365496779e-01 8.973246086000634669e-01 8.053430092986673117e-01
9.597521284551823184e-01 9.378117518511935868e-01 9.616471357022384758e-01 9.321572608314454556e-01
3.493921473884116780e-01 2.954933169124241976e-01 4.266849147324292546e-01 3.488220945000648499e-01
3.146240743433065812e-01 4.147630827072517068e-01 3.393696492964907718e-01 4.077784479595720768e-01
5.608283090221949374e-01 5.291067116638940027e-01 4.997810436110096122e-01 4.906317447312176228e-01
2.824337091474303785e-01 1.754283718378959467e-01 4.001644628992362951e-01 3.809479393530637026e-01
2.348013071571927179e-01 8.465102291745243979e-02 2.195478685484520132e-01 2.612543455325067043e-02
2.485911384468915061e-02 6.684014644402971883e-02 2.499797624393715334e-03 3.310935129411518574e-02
5.605278931748157722e-01 4.230101612642286901e-01 4.342134797914150579e-01 1.221562325954437256e-01
8.143625696172082096e-01 8.079249475124944402e-01 7.471407472529137950e-01 6.532547217793762684e-01
1.849374800627219262e-01 8.982353056959582749e-02 1.695003657618027459e-01 4.346876661293208599e-02
8.159570920411864450e-03 1.116884880145051218e-02 1.504941213880321878e-02 2.256259764544665813e-02
9.740825396426809613e-02 1.297422285735538028e-01 1.015946579032261099e-01 1.579411835409700871e-01
4.573322015096030757e-01 5.693199774730713925e-01 3.451727470369463369e-01 5.051428251899778843e-01
7.110142981207520640e-02 9.349242834210295949e-02 7.824061507165430696e-02 8.075520023703575134e-02
6.827797644946311806e-01 6.865501964812448232e-01 6.314525895318191528e-01 7.158649226184934378e-01
2.490688379359244364e-01 3.483921799209436232e-01 1.238132813217724393e-01 2.797704550903290510e-01
1.752980954965916993e-01 4.472937759097208588e-01 1.057391819239078962e-01 3.628121532965451479e-01
6.262102052516792527e-01 6.093318935514786538e-01 5.953217016010146079e-01 5.205189615953713655e-01
6.967855422367440210e-02 2.323610160062204721e-01 1.143194810576043420e-02 1.967066773213446140e-01
9.311964049691492384e-01 8.468036416116468956e-01 9.367922803272613619e-01 8.520016004331409931e-01
3.758485524922244858e-01 3.627017254665692025e-01 3.185088229808124005e-01 3.764372323639690876e-01
8.310127917546280552e-01 9.290461495680960580e-01 8.964904431153877251e-01 9.586397188249975443e-01
8.902635274705197332e-01 9.227972267833332021e-01 8.506794821873890911e-01 9.058978215325623751e-01
3.652485540857091650e-01 5.811105970452744574e-01 4.017782659631852216e-01 6.373664964921772480e-01
1.631340001770452408e-01 3.356221731869215574e-01 2.468166688653458396e-01 3.291478459723293781e-01
3.225604121729294116e-01 4.035930882412617215e-01 2.596171703809825870e-01 3.476764711085706949e-01
7.906234928718325339e-01 5.885405976771980185e-01 8.106776992907627211e-01 6.726320502348244190e-01
5.008533885407395747e-01 7.157827283608356739e-01 7.187385350643535897e-01 7.623701239936053753e-01
7.181973429519641350e-01 7.508069075577353813e-01 6.426917125394233654e-01 7.047452675178647041e-01
3.838883772049875298e-01 3.020427280915241597e-01 3.697118922871880931e-01 2.013427177444100380e-01
6.143870537715018232e-01 5.769676402503547824e-02 7.689429282253131825e-01 9.755874378606677055e-02
9.435882362683665203e-01 9.571316821458035751e-01 8.757303247018134451e-01 9.276648883242160082e-01
6.458822822970252675e-01 4.556670261205646444e-01 6.731766897525875981e-01 6.741387553047388792e-01
1.108299385261766329e-01 1.137376068018413483e-01 9.522532444228551385e-02 1.625932650640606880e-01
3.217484660023661736e-01 3.523123066415940752e-01 5.558849392253021326e-01 4.084637702908366919e-01
9.021342923637243327e-01 9.070886662875384809e-01 9.207116591014252727e-01 9.146029392722994089e-01
1.804115815871823181e-01 1.116838052806699427e-01 1.936776048388146598e-01 1.738359923474490643e-01
2.434562887055841118e-01 1.823383230387691789e-01 1.696796096963749945e-01 8.351139933802187443e-02
3.670127148745966957e-03 2.357590114738730008e-02 1.032811491053917639e-02 2.366228029131889343e-02
4.485675774303708452e-01 6.741492293189679241e-01 6.509024287685771792e-01 7.557558398693799973e-01
8.056455515585045912e-01 8.695666528398111605e-01 6.509399718904230747e-01 8.615803916472941637e-01
9.806749897969967433e-01 9.789470504124957451e-01 9.833092497334608995e-01 9.802748048678040504e-01
2.690716589366282663e-01 3.282965062912338028e-01 1.755136090725665510e-01 2.540637666825205088e-01
3.812868970401186441e-01 4.667456446957486960e-01 2.505224739686928159e-01 3.685449431650340557e-01
3.496561898039666771e-01 4.664616578048356166e-01 1.910229316080225004e-01 4.432705312501639128e-01
4.999285879731233950e-01 2.777285127290879396e-01 6.099962459399804748e-01 4.038226900156587362e-01
5.288167561330939792e-01 7.477646229774403963e-02 6.133168033802954833e-01 4.887416935525834560e-02
9.465387813061293398e-01 9.545171352946399956e-01 8.176681040205913131e-01 8.643213731702417135e-01
3.187310850401228746e-01 1.420932176370394984e-01 3.737804513726841193e-01 7.706872327253222466e-02
1.715909605695485618e-01 9.573383151105022137e-02 1.881143749257744580e-01 1.594549235887825489e-01
4.150977925689377512e-01 4.927047139823082511e-01 3.725986097000923425e-01 5.247009252198040485e-01
6.003860517991639334e-01 4.305580982373933274e-01 7.597740014006607590e-01 4.217810637783259153e-01
5.536803297374554012e-01 3.991082665688916453e-01 4.107536586740188622e-01 1.210717896465212107e-01
9.323851858895380040e-01 9.672354824365875237e-01 9.711639275312898834e-01 9.716564782429486513e-01
7.705512710530399989e-01 4.875156479442969704e-01 8.369860887049720422e-01 4.529936374165117741e-01
3.322257712010974751e-01 1.611979645281065854e-01 4.268075550894316894e-01 3.278616124298423529e-01
1.775965129030148693e-01 1.433682645414296186e-01 1.757315498380527807e-01 1.544674350880086422e-01
3.710264366214386378e-01 8.300520608043716608e-01 4.591078685155142169e-01 9.009809237904846668e-01
1.662783633696220120e-01 1.686634531114016566e-01 1.375921864234852798e-01 1.690715795848518610e-01
4.273636470795765252e-01 3.609056121415168406e-01 2.583178916713541051e-01 3.017187810037285089e-01
6.974467701218616256e-01 6.272324492324844458e-01 7.278082572692176067e-01 5.851525175385177135e-01
4.087572991026026253e-02 1.106715133745866525e-01 3.473405612404436432e-02 2.597381288651376963e-01
1.126827580241524657e-01 1.518031521191585131e-01 2.840873946902525496e-02 1.278400630690157413e-02
6.713277241696243847e-01 6.881022506763561086e-01 6.481405675008020673e-01 7.373278411105275154e-01
8.192627712788339567e-01 8.499763848986428005e-01 8.110519554363955219e-01 8.029584747273474932e-01
7.118519771171841759e-01 5.904927663983324804e-01 7.805695455404810801e-01 5.780624565668404102e-01
9.270225118750026194e-01 9.380638173399941104e-01 9.157626662656613847e-01 9.338916323613375425e-01
9.576518802130916663e-01 9.723553584522615090e-01 9.393479261567700966e-01 9.698509995359927416e-01
3.747636267144475175e-01 5.372510568197811365e-01 2.106154912777567501e-01 5.233989299740642309e-01
7.036657679421690625e-01 7.428032658269370092e-01 7.534200307036169608e-01 7.943152121733874083e-01
2.600637901265503982e-01 2.692886389841308570e-01 2.701759692326980988e-01 2.035951523575931787e-01
4.795280958218890444e-01 6.764873255665241336e-01 3.480628716208141182e-01 7.082623890601098537e-01
3.212157889896984364e-01 5.353556040715922171e-01 2.235382436083261926e-01 5.520413331687450409e-01
2.530068389253180561e-01 4.571293910034216479e-01 2.310301059681289237e-01 4.096638832706958055e-01
1.028661243623823010e-02 2.734307208428380515e-02 4.079848681611591282e-02 3.550163540057837963e-02
9.067900231642166409e-01 9.395707035426869025e-01 8.153618510575638689e-01 9.195093081798404455e-01
5.874126786779682724e-02 9.882223502259848691e-02 5.768070216333799627e-02 1.150759479496628046e-01
4.810465834139648900e-01 6.219095500326590198e-01 5.117741436068529159e-01 6.249547614715993404e-01
3.502622065766277104e-01 4.725275980361996059e-02 5.279606099790716822e-01 1.271860550623387098e-01
8.803337453708861560e-01 9.130746549265694734e-01 9.027367146464613246e-01 9.505825927481055260e-01
1.087300726958887326e-01 9.179452013910664732e-02 9.762285120490306334e-02 6.451648124493658543e-02
4.762344446514336083e-01 5.103870180279909130e-01 6.963520633298379003e-01 6.239489640574902296e-01
9.507806881397503629e-01 9.371559087699656843e-01 8.722351489803368274e-01 7.848968990147113800e-01
8.367308540271187756e-01 8.605311052454165388e-01 8.439159534773086335e-01 8.299456625245511532e-01
7.239137379096935998e-01 6.754123102819358238e-01 6.885027725478006788e-01 7.920884776394814253e-01
8.429959700171474335e-01 7.905433831936596878e-01 7.206334437676378268e-01 6.628863466903567314e-01
8.792137154853153502e-01 9.097288114368877743e-01 9.420062829038715613e-01 9.526477498002350330e-01
4.366616914501914026e-01 2.882872302184678603e-01 3.041010182788853600e-01 3.598623722791671753e-02
9.510720360879723057e-01 9.779163918983830861e-01 9.821553103978448718e-01 9.857124905101954937e-01
4.465172156669294234e-01 3.983526018763784426e-01 3.243898421836646784e-01 2.649898526724427938e-01
7.172452259792125862e-01 8.232538721507955959e-01 5.822033991255002316e-01 8.321167076937854290e-01
1.137210840595771072e-01 2.290112148315161245e-01 6.868258807240060215e-02 2.170890062116086483e-01
5.277966052658971535e-02 1.383867393992369577e-01 2.355149243001447290e-01 3.801196259446442127e-01
7.342321292248626952e-01 7.653333239421610257e-01 7.565981773755390272e-01 7.856811247766017914e-01
6.077093929629109881e-02 1.335111590293417694e-01 4.818796156294943150e-02 7.872116449289023876e-02
9.823594275436193790e-01 9.810956969287616403e-01 9.822654128568548693e-01 9.798786111641675234e-01
1.209058451252728421e-02 6.254618666744413136e-02 3.207174452532788461e-02 1.190009850542992353e-01
9.246537344803343883e-01 7.724214816325940536e-01 8.971158735642802418e-01 1.525034087244421244e-01
5.880331254108807082e-01 2.311918299748406402e-01 6.860709571795475803e-01 2.666042868513613939e-01
3.123891693785826318e-01 4.006066953746125758e-01 1.872908737662712098e-01 3.896388188004493713e-01
2.667666971241622331e-01 1.055441318620908703e-01 2.809910644185221740e-01 1.921403687447309494e-02
5.390029257686053121e-01 4.695996154060850802e-01 5.413480190742023801e-01 3.125271089375019073e-01
5.022678876231839729e-01 5.765342252975502735e-01 4.470571181026724572e-01 4.694504782091826200e-01
7.341377026143580675e-01 8.450729053119280243e-01 3.585637319788707589e-01 7.319640931673347950e-01
9.710978972618891092e-01 9.941958534685116922e-01 9.928618802649068487e-01 9.964194206986576319e-01
7.571327079654995851e-01 7.728158569291903035e-01 7.539380643527587855e-01 7.336959501262754202e-01
1.344025844272828396e-01 1.110139655614591769e-01 7.039315075508385811e-02 1.368823249358683825e-01
9.360556254383231023e-01 9.620415565890073628e-01 9.396518187270106459e-01 9.666767648886889219e-01
3.813069669391125904e-01 6.743901276447741289e-01 5.113532004043599283e-02 6.087565324269235134e-01
6.374161247097073213e-01 7.915964950003020473e-01 5.584803548044326993e-01 8.541432449128478765e-01
4.686862975969835476e-01 4.876192938610529048e-01 4.813872204471534300e-01 3.088595666922628880e-01
7.692086630909300560e-01 5.991261290755484081e-01 7.877063625278712955e-01 7.277766449842602015e-01
9.332399282545265073e-01 9.335708967382823076e-01 9.340453730670299493e-01 9.024895110633224249e-01
6.936756399539024676e-01 5.122248261298273375e-01 6.003742842948618375e-01 5.801910306327044964e-01
5.964569244609571053e-01 3.449253515667596859e-01 5.341295257175334710e-01 2.898019761778414249e-01
2.886995467164223395e-01 5.659905243930491575e-02 3.346336942039081497e-01 6.138962670229375362e-02
1.266664677804717476e-01 2.092586429807103965e-01 3.715435856196581260e-02 1.251248384360224009e-01
8.232685948182305591e-01 7.971071260343668419e-01 8.617794173395612045e-01 7.657006587833166122e-01
1.052716699854639448e-01 9.699176759195807240e-02 7.444290022887971314e-02 1.183242998085916042e-01
4.113403995495932275e-01 3.387791626068077933e-01 2.993445233674893458e-01 1.780165431555360556e-01
3.852471162783635550e-02 1.778175434907341979e-01 1.922497934344028769e-01 4.265236186329275370e-01
7.909104215096313117e-01 8.288867329855145183e-01 7.486512831624574371e-01 6.803307358641177416e-01
9.737975120255856765e-02 8.342687887682333214e-02 3.732100639215400750e-02 2.681198692880570889e-02
4.533412568667449238e-01 3.386510628708390702e-01 5.029660407361178365e-01 3.275601284112781286e-01
2.111662309926422287e-01 7.599173113640443900e-01 5.795162805654887617e-01 8.812651312910020351e-01
6.500093297953304372e-01 8.059952797731523289e-01 6.091279441566601616e-01 7.615599608980119228e-01
3.862939851017988535e-01 2.577408307152623257e-01 4.882120529022079825e-01 2.592814164236187935e-01
7.138713459134025108e-01 6.509805038963317747e-01 6.231315393402996339e-01 5.836024638265371323e-01
5.907397723548086788e-01 6.074433554068688901e-01 7.567906975917693124e-01 6.185242747887969017e-01
9.794309902338680374e-01 9.795866613049948324e-01 9.833679028009822964e-01 9.843839036766439676e-01
3.973786259373831009e-01 4.268881448406561807e-01 4.986839434489807044e-01 3.595580782275646925e-01
9.275359493336208239e-01 9.532416980017576202e-01 8.828885777430004467e-01 9.364483677782118320e-01
3.882805829795744901e-02 4.720461944396176640e-02 3.504000865583412061e-02 4.705099528655409813e-02
5.902647239980780558e-01 5.964625316129483767e-01 5.486510284118776282e-01 6.045609596185386181e-01
6.054462870774257599e-01 1.801452674313261393e-01 7.471016038779919599e-01 5.116714814212173223e-01
5.223759417612904299e-01 7.969261667551437167e-01 7.806453674732691805e-01 9.096438200213015079e-01
3.071456075945915853e-01 1.770448824173928848e-01 4.643018653580758826e-01 1.608011096250265837e-01
8.705740246957603956e-01 9.952916985112384429e-01 9.891681602049035016e-01 9.969527709763497114e-01
4.825030189372153111e-01 4.172027817508253689e-01 5.591818976088247517e-01 6.079000593163073063e-01
5.023397728458499634e-01 6.493704344581591181e-01 5.181409711615863056e-01 6.629275574814528227e-01
2.249087179678812276e-01 3.132258201035684753e-01 1.374826749376589496e-01 2.389073008671402931e-01
8.106018195303625884e-01 7.552450397612817667e-01 8.367995885363949116e-01 6.764792683534324169e-01
2.272540584074903003e-01 2.257838031354755526e-01 1.303182954037321040e-01 1.530910306610167027e-01
8.181941874433347195e-01 8.538101436545145750e-01 7.116306736792216148e-01 8.519415748305618763e-01
5.603790456768414918e-01 5.005261359121325748e-01 6.479831374138849132e-01 6.639544297941029072e-01
9.553060931000073586e-01 9.628145889238778343e-01 9.606147511569506081e-01 9.652456347830593586e-01
6.702727991407233521e-01 2.311379667389711345e-01 7.777740894216653711e-01 3.770091186743229628e-01
5.640914078494539963e-01 3.027306560345726649e-01 6.243928086175344339e-01 2.577741486020386219e-01
9.260020513586635083e-02 1.318345139414002221e-01 1.514804570435035469e-01 1.523140929639339447e-01
4.597949977785281139e-01 4.664827124525520174e-01 7.572297202394413507e-01 5.166491747368127108e-01
8.622006612293136030e-01 8.233390130501181403e-01 8.745116782384745324e-01 8.514983614441007376e-01
2.449112874899276315e-01 2.427067279739030803e-01 3.463243027532276752e-01 2.635915668215602636e-01
6.446774886003198146e-01 6.086023947098497811e-01 4.907260959443444648e-01 2.693189803976565599e-01
6.801528748790155454e-01 8.645553487338218934e-01 6.071478496111930578e-01 8.519780212081968784e-01
5.162570562446795464e-01 4.544512273676364345e-01 3.952219420863991028e-01 3.267208666075021029e-01
6.391281809175032302e-01 4.492956378373729187e-01 6.870865563975783186e-01 4.787729268427938223e-01
6.594770697470537790e-01 5.948368878700561746e-01 6.521076362885188660e-01 5.599043285474181175e-01
1.067939491686314690e-01 2.830127451969695063e-01 1.369833645314087189e-01 3.120783232152462006e-01
3.158043939232551417e-02 1.702560654470036336e-02 6.293139916657342070e-02 3.984756278805434704e-02
2.705062089940568626e-01 2.904157697315633002e-01 2.034643097546993407e-01 3.381522330455482006e-01
6.636239511789543410e-01 6.987958074549698306e-01 7.863017937434074733e-01 7.360391977708786726e-01
6.744203671692542423e-01 5.025502192057458295e-01 5.975252922325441363e-01 2.984954419080168009e-01
2.935339123335285461e-01 2.105584479627992944e-01 4.693956310685526989e-01 4.298341767862439156e-01
5.509266801257280965e-01 6.905766612675328098e-01 4.893767222379704074e-01 7.298178751952946186e-01
7.316591346624867764e-01 7.116316995607678830e-01 6.411405173933300006e-01 6.544412514194846153e-01
5.399305480944597280e-01 4.955442515729007735e-01 4.825836233102854811e-01 3.092257699463516474e-01
4.511867924739931257e-01 3.938876058365805011e-01 3.470619453388979481e-01 1.605217752512544394e-01
3.730158557901730454e-01 6.616109118758511931e-01 3.586855044634064127e-01 6.925704758614301682e-01
2.613079766140437021e-01 6.867603433682341330e-02 3.073410393984530864e-01 1.310486351139843464e-01
4.437366897600373283e-01 5.568293740927799940e-01 5.972582127237622274e-01 7.078702207654714584e-01
9.580867568696471714e-01 9.481373768706439220e-01 9.487249611768021618e-01 9.325156733393669128e-01
5.968605589517679277e-01 6.002735970406982702e-01 3.383215448569567574e-01 3.606761996634304523e-01
9.231205511825290033e-01 8.417532528469684472e-01 9.312923069185558012e-01 8.370207999832928181e-01
5.018150478695271310e-01 4.317589529820903826e-01 4.923601136094155617e-01 3.722756598144769669e-01
1.656033573792749514e-01 3.189134477882686336e-01 4.686934270614834253e-02 2.458453110884875059e-01
7.182617762268744821e-01 6.788178806800524434e-01 8.055706870112714357e-01 7.539312618318945169e-01
4.576712267723983749e-03 2.191738619635525982e-03 4.627157332750580360e-03 2.332284580916166306e-03
2.078396322965490595e-01 2.278657428128544882e-01 3.340377812272733449e-01 3.613390033133327961e-01
6.037439481528872331e-01 7.796908940497357943e-01 5.907347622012737443e-01 7.898100060410797596e-01
9.012087332435586573e-01 9.389156888335463691e-01 8.315863565527402690e-01 9.076902188826352358e-01
5.119644103490543774e-01 3.630880262593705332e-01 5.457643577723177986e-01 2.917572413571178913e-01
8.896243444622753405e-01 6.928602962771208684e-01 8.890991390975254705e-01 6.273675679694861174e-01
1.038891563496997447e-02 1.402935331407449693e-02 1.572690417067423851e-02 4.369904752820730209e-03
7.035636231583035638e-01 6.316611956636813963e-01 6.362448172490365872e-01 5.970078874379396439e-01
7.608568453183851554e-01 6.877325245985710378e-01 7.512591831571027168e-01 6.337508314754813910e-01
5.040221777932318847e-01 6.189516934860794795e-01 3.620519946871827432e-01 4.346513804048299789e-01
9.050414191410683928e-01 6.717031696180647549e-01 9.290740735554270380e-01 6.423517656512558460e-01
6.807396586099192515e-01 6.776333444340298939e-01 6.079098804682609991e-01 5.822800202295184135e-01
1.448051299036552664e-01 7.824840612376875171e-02 8.643934073062686796e-02 1.985491323284804821e-02
7.277414565409798808e-01 5.650627126725696892e-01 7.002350888650937799e-01 7.382908344734460115e-01
1.921783205635484992e-01 1.842785413121034999e-01 1.956317930212915224e-01 3.383453029673546553e-01
9.904140060429739156e-01 9.827586495638436226e-01 9.892546537432571618e-01 9.604863293934613466e-01
6.160766596285275343e-01 7.006425785901212455e-01 6.245896066246997558e-01 7.090732466895133257e-01
7.737759271639089720e-01 9.355110621780685642e-01 5.042103337461752988e-01 9.203135361894965172e-01
9.161611980957455603e-02 1.409769781974008207e-01 2.426449716803684986e-01 2.390552260912954807e-01
8.146933293240873342e-01 9.226864856303355067e-01 8.608869966477566971e-01 9.419344633352011442e-01
7.092789119726616853e-01 5.450488900182411944e-01 7.563428207028073391e-01 7.000009391922503710e-01
3.582340190969232618e-02 1.906872314661652371e-02 2.154236707055842345e-02 1.528667425736784935e-02
3.902658237583231382e-01 4.514911606199000227e-01 3.033204873817363367e-01 3.870294478256255388e-01
1.106911868318775916e-01 1.386123247807012071e-01 1.445777925956866911e-02 6.731709325686097145e-02
8.053519907776338638e-01 7.856369064874880737e-01 8.183997038020806025e-01 7.823352969717234373e-01
9.418463645224476322e-01 8.769286425660663964e-01 9.398918760159664654e-01 7.391523800324648619e-01
1.366370726762614618e-01 7.908863230566837155e-02 2.155760070759596414e-01 7.100260676816105843e-02
2.442008594704915547e-01 9.476049365741698316e-02 2.634257358423146012e-01 4.360276879742741585e-02
8.484979099983204209e-01 8.076970463813497592e-01 8.116177097282254449e-01 7.822461130563169718e-01
1.197467560347388604e-01 8.550449413104128926e-02 1.373801405362577166e-01 1.188231494743376970e-01
4.301416781185502525e-01 7.461132949811299930e-01 5.645284708929044770e-01 8.377898863982409239e-01
5.953240226238780686e-01 5.775769874673959414e-01 7.117697995446061743e-01 7.094777612946927547e-01
5.258027772580010639e-01 2.135131383340576616e-01 6.205454236964116355e-01 3.360926758032292128e-01
2.586415420979216173e-01 3.128394843564979433e-01 6.349936501844326286e-02 2.845796989277005196e-01
1.312982555609565061e-01 3.196922293552713623e-01 3.344451738775177096e-01 4.665173680987209082e-01
8.460206684981833591e-01 8.119688824201980459e-01 8.374497499374891074e-01 7.476541043724864721e-01
3.079099701719218429e-01 4.141243958546367843e-01 5.005265490935795203e-01 4.273097661789506674e-01
4.437975766571166103e-01 3.872723158207213578e-01 5.024021180085541660e-01 7.931409659795463085e-02
1.319830710534455609e-01 3.211255784207676101e-01 1.415565386080022137e-01 3.481348152272403240e-01
4.086209312736179267e-01 4.910375363903792256e-01 4.654291588671821689e-01 5.242991752456873655e-01
4.467995766985790596e-01 5.911514557101745782e-01 5.543142467567265808e-01 6.646206940058618784e-01
4.047953523521590213e-01 5.261168411664618461e-01 5.791835815092001294e-01 5.811084064189344645e-01
8.647037146837175392e-01 8.905093874778295948e-01 8.087257576564343964e-01 9.007979282177984715e-01
9.085152414598576254e-01 8.213566889131029836e-01 9.210631593814573304e-01 8.280239729210734367e-01
7.347207166053932870e-01 7.591741235069942029e-01 5.125016657700406375e-01 5.994078211952000856e-01
5.198774427987481461e-01 6.070894983680403811e-01 6.663959779569880171e-01 6.416584288235753775e-01
3.290869244673956251e-01 1.695219868325673618e-01 4.027159775850612244e-01 3.277262973133474588e-01
8.852842781845802200e-01 8.804325563930909260e-01 8.199828462321060440e-01 8.110887946095317602e-01
6.499658759330617652e-01 3.844260222139831984e-01 7.359046155158799341e-01 3.725174253340810537e-01
6.635187029856632890e-01 7.796171768268961300e-01 6.449727708585589747e-01 7.543021303135901690e-01
4.027279888723312995e-01 3.711742422145998255e-01 3.443103751201869178e-01 3.970913945231586695e-01
4.309324546698738989e-01 3.972092822374100329e-01 3.323820940830593540e-01 3.949743541888892651e-01
5.668383895219310242e-02 1.224203878246443861e-01 1.328305401499175753e-01 1.946037642192095518e-01
6.772011468420494618e-01 9.392148966304033619e-01 7.524531863287339251e-01 9.515623867046087980e-01
4.505310674759620548e-01 6.334719089066537245e-01 4.628062905743188238e-01 6.249007692094892263e-01
8.443917208215597769e-01 4.819081213323038182e-01 8.503062644921652868e-01 6.184446029365062714e-01
8.744598764269088248e-03 3.313216764722350799e-02 4.685209377825352156e-02 7.720165513455867767e-02
3.023389113225658509e-01 5.679330813625119850e-02 3.889176766307682609e-01 2.536197802983224392e-01
7.330409523193637256e-01 7.921615536189102746e-01 5.288407916251152141e-01 7.000908646732568741e-01
8.844740718436756577e-01 8.610439166568553127e-01 8.420253994608558612e-01 7.673156836535781622e-01
7.318282177707408076e-01 6.916847857600102456e-01 7.694393189073739370e-01 6.235552874859422445e-01
8.099866316699660951e-01 8.875543928148112993e-01 6.369552558296589506e-01 8.088377632666379213e-01
1.976435502499459262e-01 1.875048178767924900e-01 1.074897530932003298e-01 1.626160973682999611e-01
9.257081281915943705e-02 2.190244260117155950e-01 1.053338824729468104e-01 2.658575014211237431e-01
7.471549791025545728e-01 8.367765805083540176e-01 5.974169332961363210e-01 7.832016523461788893e-01
4.707045311534346910e-01 5.045694347798034274e-01 3.287711379178001603e-01 5.544031348545104265e-01
8.586144248311777805e-01 9.124582467021754573e-01 8.227455175035034429e-01 8.902776350732892752e-01
7.845910144371820438e-01 6.011070299513654458e-01 8.280129580240577214e-01 4.514378092717379332e-01
2.721745072516948069e-02 1.326367451997394475e-01 4.933049315133136714e-02 1.520462098997086287e-01
2.892206188148036539e-01 1.517280341553062517e-01 2.544136394939391366e-01 5.208238656632602215e-02
3.312179839283201366e-01 1.583140030522028063e-01 4.924261030514208715e-01 2.687641750089824200e-01
7.844532231049236026e-01 6.878476945061947623e-01 8.007832948514066462e-01 7.279050573706626892e-01
2.142644001514439900e-01 3.203933727248918228e-01 2.051465723627590443e-01 3.429829049855470657e-01
3.905303918585781853e-01 1.068258391267362661e-01 4.048783770044942498e-01 1.819687290117144585e-01
2.821684484628278478e-01 4.218821016258452739e-01 2.548173924521492939e-01 3.556009724270552397e-01
4.634124278309466050e-01 4.105341063024847692e-01 5.653901091518237498e-01 4.671110296621918678e-01
9.599589963862744657e-01 8.923871170145993847e-01 9.519356949929285161e-01 8.270695284008979797e-01
7.779799823800885861e-01 5.806027175608597934e-01 6.323946962177586784e-01 1.381063521839678288e-01
1.186879683021750120e-01 1.034440072213726886e-01 3.691667346522704840e-02 5.658437986858189106e-02
7.991189357307241226e-01 8.320942702731598528e-01 7.653126213052680038e-01 7.849157899618148804e-01
4.984832371265653372e-01 4.322628134859528570e-01 5.290266780236442257e-01 5.773880351334810257e-01
8.519165705715244785e-01 7.266977689827932574e-01 8.486015766278057759e-01 6.951730046421289444e-01
2.392989914390614703e-01 2.284556049935776989e-01 1.550690101224785344e-01 8.058518287725746632e-02
1.840580681284995079e-01 1.384857403657658581e-01 2.819674217742842437e-01 2.688832271378487349e-01
3.534190455975260714e-01 3.549537957688959078e-01 2.809579829169708276e-01 2.407864972483366728e-01
6.786264312575167601e-01 6.665185848988393058e-01 7.340077270773158746e-01 6.706994471605867147e-01
8.734040968442221553e-01 7.598017244435512074e-01 8.994056754447532498e-01 7.620054546277970076e-01
6.124834504175726835e-01 4.645152305356454181e-01 6.366776163551041146e-01 5.886185734998434782e-01
2.742710502586132582e-01 2.780426430657768067e-01 3.486963840311642637e-01 2.855088142678141594e-01
4.973297868476063699e-01 2.071086887136258103e-01 5.867059021714614575e-01 1.696133627556264400e-01
1.677995610681414645e-02 1.802537049677689629e-02 1.202349475760652181e-02 1.876020268537104130e-02
7.206731032813388227e-01 7.963746421770541151e-01 2.457693909086937634e-01 5.232724689412862062e-01
5.682816066583791237e-01 5.913728248040600599e-01 6.145350748188089796e-01 6.201951624825596809e-01
9.153890889195538394e-01 9.527584073081460936e-01 8.051580019402094779e-01 9.445783263072371483e-01
5.463055410489103814e-01 3.875436216475079965e-01 5.605727981641370761e-01 2.241222690790891647e-01
4.466514033919611326e-01 1.739331876803668631e-01 6.745015309035305995e-01 3.810537841636687517e-01
1.028038183750546730e-01 9.467217605669774050e-02 5.946306613199058011e-02 2.687700954265892506e-02
1.685841994520040910e-01 3.441798790367865402e-01 4.997734854291289719e-01 5.205407114699482918e-01
8.852938063488914322e-01 8.356910149167062762e-01 8.723185035398780540e-01 7.141393241472542286e-01
4.333288075539710182e-01 2.964255609474516495e-01 4.917725132154395773e-01 4.551885132677853107e-01
5.383309597688009651e-01 7.155892350758888965e-01 6.617105683748824019e-01 6.974325065966695547e-01
5.982028623233337505e-01 5.414996161794033425e-01 6.265453733188042218e-01 4.482137304730713367e-01
1.295928938748422965e-01 7.438658111965036623e-02 1.659550098058270029e-01 9.412923036143183708e-02
4.088853957061485134e-01 2.270246286195988505e-01 5.626411821595088680e-01 2.078793442342430353e-01
7.280877483237654380e-01 7.052953971623120433e-01 6.077386180491625156e-01 4.030734319239854813e-01
4.035737569972847050e-01 4.550473503993618385e-01 5.365838370611507591e-01 4.447325570508837700e-01
9.492440800184392957e-01 9.495976696853022370e-01 9.418510843748084671e-01 9.621436416637152433e-01
1.784416153996193355e-01 1.427898943567718348e-01 4.304207182830838696e-01 3.529459782876074314e-01
6.599099540511335071e-01 5.101365064321935483e-01 6.149722741741433518e-01 4.097057273611426353e-01
5.441865915623200767e-01 6.404519631538037050e-01 4.242034543674711444e-01 6.310916931834071875e-01
2.859388941673787765e-01 1.533104593224032253e-01 4.157881188728453914e-01 1.730387085117399693e-01
7.218831382804615782e-01 7.813638076135115407e-01 7.817863391376398408e-01 7.547654346562922001e-01
4.231765702990554490e-02 8.397420241364482452e-02 2.300914399136498312e-01 2.159751129802316427e-01
5.291808941173822278e-01 7.115380802033629548e-01 3.177652909532659997e-01 5.903143810573965311e-01
7.801989891954752565e-01 8.713700410274100028e-01 4.394003576603258687e-01 7.869262155145406723e-01
8.758541540843333140e-01 4.841354045674966522e-01 8.804176874982375667e-01 4.085330204106867313e-01
9.491888788953986023e-01 8.884095124037725277e-01 9.047473146714245518e-01 5.027830547187477350e-01
9.591902528914127979e-01 9.286058396357165234e-01 9.595262705877641851e-01 9.072447384241968393e-01
9.170512416058573812e-01 9.239911649375077696e-01 9.460053087001174532e-01 9.199985128361731768e-01
3.447484295229568119e-01 8.347689684232200147e-01 1.239932428168761397e-01 8.146782275289297104e-01
5.073905265909627316e-01 5.894306190527000000e-01 3.979898033234541832e-01 4.563163765706121922e-01
6.460088526690092037e-01 2.965418773644453720e-01 7.073013535909127292e-01 2.450160810258239508e-01
5.485036782523853294e-01 6.558990627274347007e-01 5.635474318524572590e-01 6.299668001011013985e-01
4.399304692417877471e-01 4.851540584986926974e-01 5.513685660146572243e-01 5.863957165274769068e-01
4.940337104494504361e-01 7.515087846578365482e-01 5.969301330052141363e-01 7.823347984813153744e-01
4.386163521597967740e-01 5.570648179020012969e-02 5.110990350586169795e-01 5.098134954459965229e-02
5.378984347108011210e-01 6.036280923921210073e-01 4.620983216730208398e-01 5.528726829215884209e-01
8.675772871973219669e-01 8.587161530226850026e-01 6.948920392224752218e-01 6.135300744790583849e-01
2.865465009087532211e-01 2.777037551634232715e-01 2.782866520553256562e-01 1.814962569624185562e-01
2.218056771492237234e-01 2.324681221061166425e-01 1.844708441170599678e-01 2.756756690796464682e-01
5.110431736641878331e-01 6.449226157604690535e-01 5.594478309251113002e-01 7.030810397118330002e-01
1.105493291039908420e-02 9.297069586597207780e-02 4.042542233162353671e-02 2.465890876483172178e-01
4.057307055436789045e-01 3.523350978272826173e-01 4.621080944296889759e-01 3.235527530778199434e-01
7.986075751628080033e-01 6.975132387620897045e-01 7.524994059251318701e-01 6.285581188276410103e-01
7.722635589854233151e-01 7.886648851763728985e-01 8.840850439417388129e-01 9.105379092507064342e-01
2.271406693848261604e-01 4.209761912254684768e-01 2.886049269566924314e-01 4.321557872463017702e-01
5.395891901642061589e-02 1.486437610328322258e-02 3.887016470545340274e-02 9.831429459154605865e-03
3.460088171772639498e-01 2.638487120318519508e-01 4.484129932334647295e-01 3.401425874326378107e-01
6.505929897639984860e-01 5.334931069030962592e-01 6.070751741461971607e-01 6.219689550343900919e-01
9.442426053329787683e-01 9.313281165893385616e-01 9.534619370879288125e-01 9.379554970655590296e-01
1.795381380293283591e-01 3.983445572377262711e-01 2.597877361551373943e-01 3.062141977716237307e-01
4.089279683461510273e-01 3.374747092622944478e-01 4.862406001851993786e-01 4.848812671843916178e-01
1.531895031600404578e-01 1.130667198541083635e-01 1.776586947618191692e-01 8.066199859604239464e-02
6.454177008904251611e-01 5.414445111514415432e-01 6.567976077719333006e-01 3.778237979859113693e-01
4.680763636703372810e-01 5.229943381201100916e-01 6.350543208143217822e-01 5.861728936433792114e-01
9.290600378507546386e-01 7.061133673669737210e-01 9.283146283592405013e-01 6.357593813445419073e-01
8.688165736217722257e-01 8.270178964632745044e-01 8.796231974028742018e-01 8.278086436912417412e-01
3.154108019596379986e-01 3.028424895364981162e-01 2.235947476192690353e-01 1.589156384579837322e-01
2.372075237617703447e-01 6.151062002956290131e-01 6.158346777421310758e-01 7.706461679190397263e-01
7.844796924763721702e-01 7.803756241984457498e-01 6.506462895573754679e-01 6.346113947220146656e-01
9.627380912171924487e-01 9.374909728625341332e-01 9.606524538387039014e-01 9.094148806761950254e-01
9.292592323183336278e-01 8.924402891448207642e-01 9.270957414252335438e-01 8.234323766082525253e-01
4.439254795803542208e-01 3.702556055126448586e-01 4.513708095648721885e-01 4.499089538585394621e-01
6.858652680172985239e-01 4.891460926401360321e-01 6.458895839710482312e-01 3.561663592699915171e-01
2.687583960016259876e-01 3.967920158177385970e-01 8.509215086393137617e-02 2.071391618810594082e-01
8.558577534123142927e-01 8.913978706292923215e-01 8.696141848155578558e-01 9.135162567254155874e-01
5.784593896552055192e-02 7.368553520973097903e-02 1.131970468555527076e-01 7.040070882067084312e-02
7.136378929280724481e-01 4.149094928964689455e-01 8.820620361943978249e-01 5.975199043750762939e-01
1.730380836130487876e-01 3.056648708016760363e-01 1.115291331880753217e-01 2.670369318220764399e-01
1.577315869659450254e-01 1.513686737148685069e-01 9.926907794061801127e-02 7.969870162196457386e-02
3.648142991111625322e-01 2.407063362566266018e-01 3.499608264253599721e-01 1.906729503534734249e-01
2.891266809231907708e-01 2.885487877560118375e-01 3.236938203091416777e-01 4.322638807352632284e-01
5.556164223420324566e-01 4.095286358436200369e-01 4.458306696475722863e-01 2.194605537224560976e-01
6.858929624167409145e-01 7.739101260153572470e-01 7.053128381588242846e-01 8.030818779952824116e-01
9.413026698065553033e-01 9.371567254045526374e-01 9.283964519773660884e-01 9.145071206148713827e-01
1.525173288068187027e-01 2.275116466928317760e-01 1.991284215302167038e-01 1.407681473065167665e-01
5.408223923220465412e-01 4.005708848055790638e-01 5.850742437294563780e-01 4.709536777809262276e-01
1.535018157090130564e-01 1.922625171701390356e-01 2.243222301943388619e-01 3.536245995201170444e-01
6.527058287420376415e-01 5.309492637075554633e-01 5.125532893138743384e-01 1.936464086174964905e-01
