9.256393267201012964e-01 8.600386062604177262e-01 5.632525494527119703e-01 9.372382081462917736e-01 1.047487382311373949e-01 2.214813391571012480e-01 8.027760290808347854e-01
9.964551900415571373e-01 9.434697562499337886e-01 9.965067736262563924e-01 9.228259343859344099e-01 9.923221373464912176e-01 9.933614505150819562e-01 9.711019478890778878e-01
7.331431416925481281e-01 6.721590640945975803e-01 6.094181264575787571e-01 6.771688498586356797e-01 2.435476547107100487e-01 5.368223394895290657e-01 5.577098481479372261e-01
6.557367533777881397e-01 2.267007627875221587e-01 1.421882673495065974e-01 9.337875228808929506e-01 1.825073412619531155e-01 1.743458792045093075e-01 3.949034199033377712e-01
2.237100247756039495e-01 4.013325696067066573e-01 1.711284336268792117e-01 2.190935969251776583e-01 2.290315923746675253e-01 6.236973551445004760e-02 1.729390522442198763e-01
6.732061021120195887e-01 4.980679363355082212e-01 5.420831223314459546e-01 6.404682773428984621e-01 6.446231196168810129e-01 4.596577264118985595e-01 2.815484255815406400e-01
4.704678677651591978e-01 3.422603393398869764e-01 2.768851719670668010e-01 1.294472077955574792e-02 2.347149695269763470e-01 4.139552463673468186e-01 5.670711621855916151e-01
4.116909083491717136e-01 5.050606144479804493e-01 2.789135648658527256e-01 5.411227304177053110e-01 6.842766897752881050e-01 2.222096389497642821e-01 1.526262228759323047e-01
5.716627822351133537e-01 8.720923462121891179e-01 6.535690347236524644e-01 5.705734622020630642e-01 7.645190041512250900e-01 8.804606587144587770e-01 9.379539211285079503e-01
1.069533975666219772e-01 9.122192960871026157e-01 8.207187602485096489e-01 5.552359924534441271e-01 8.726482405327260494e-01 2.360748355888605265e-01 8.681381783092068094e-01
6.546110256389073845e-01 1.422669415632814571e-01 8.825204103417148005e-01 8.180100448004412605e-01 4.694965016096830368e-01 9.439629879396099765e-01 1.172923648547607445e-01
1.863441327748190657e-01 1.462623532378272417e-02 6.400635008218070743e-01 4.482938851865059249e-01 8.421936235390603542e-02 3.725259542925899447e-01 2.800311984225460904e-01
2.803061732953464613e-01 3.828895153119675765e-01 3.797504649502031482e-01 2.179784238020274767e-01 4.718897603452205658e-01 4.150090458471907828e-01 1.793622347618797908e-02
6.112723039673313014e-02 2.455963370897721321e-01 7.819736399862992071e-01 5.723410683801338772e-01 9.612080794759094715e-01 1.381778303945576346e-02 1.639206282764538447e-01
1.080521530204143904e-01 4.710560502160007768e-01 8.396014650059676621e-01 2.890878610435689278e-01 7.433303608559072018e-02 1.087430184440106723e-01 4.765535611005228267e-01
4.355842582346643177e-02 4.722027016198970251e-01 4.782701867957253605e-02 5.110541902019042348e-01 3.791832486167550087e-01 3.674524883663057295e-01 3.708099635655889292e-01
1.989228224222022723e-01 5.278200395582942628e-01 1.397780438551679549e-02 6.614661405432863128e-02 2.425257444847375154e-01 7.757740879354995123e-01 1.482844250818453613e-01
8.657472299717509090e-01 4.638589773192228760e-01 8.665416274648817252e-01 3.562571373745809095e-02 9.307144288904964924e-01 3.900512142471996291e-01 8.910256328154717576e-01
3.431490802391540806e-01 4.249390776985516593e-01 2.532787852352303415e-01 2.405756666252918119e-01 9.782436871901154518e-01 8.195372421397159046e-01 9.478213464321796344e-01
6.151813823254465019e-01 5.405726665920131957e-01 5.110430502585662227e-01 2.958162279833423947e-01 7.800754734780639410e-01 6.813744301834480099e-01 6.001292295590509029e-01
7.548381220565472116e-01 5.312096790308677985e-01 5.578931840708271084e-01 7.768081283779055823e-01 5.335019493941217661e-01 4.639197406904362886e-01 5.151082161553514061e-01
4.804909709569623599e-01 7.128024449680544494e-01 7.049819573748186130e-01 3.801169329316124168e-01 7.481325659900903702e-01 3.741158530401483273e-01 8.174253170538017255e-01
8.283092375941931707e-01 2.646638827200892274e-02 6.573495653239687375e-02 2.235584757972852166e-01 7.182419947348535061e-01 5.769096758117621127e-01 7.407959878594224667e-01
9.836403039017745931e-01 8.731251560309173376e-01 9.418046688379552167e-01 7.371184233101782945e-01 8.935352696571499109e-01 4.654384011598478588e-01 2.365436739073167038e-01
3.134213431193654253e-01 4.448589344162547365e-01 6.618027393335469410e-01 3.164467241920437129e-02 3.623687075451016426e-01 3.782913625846902050e-01 5.637623015151677075e-01
1.595399485631688596e-01 8.720469940366177841e-01 2.574444877612372951e-01 1.743180130635783309e-01 3.476589748170226812e-01 1.647892764215905803e-01 7.988521439909624933e-01
8.625065869076021796e-01 5.956883767884481040e-01 4.989286263527244469e-01 7.604802470777735079e-01 3.030687095597386360e-01 6.922330009207253720e-01 6.392182311586340759e-01
3.103357150737519055e-01 1.487704028202713469e-01 5.651904673948552338e-01 1.573195418566274428e-01 2.350985845550894737e-01 2.601973531247546087e-02 3.063695568283608117e-01
7.453389431185514225e-01 7.590479339542208770e-01 8.260515694704585465e-01 4.696752127074293459e-01 1.103388301562517881e-01 2.182347257624714931e-01 2.640346190537145102e-02
7.184607325373326692e-01 2.891927142830729713e-01 2.121481785583435586e-01 9.926530187929933913e-01 2.943553954828530550e-01 2.668216037215176972e-01 2.731202223003031393e-01
3.337803005008437018e-02 5.103115214219398066e-01 1.196345837985072214e-01 7.706932618471107332e-01 7.254394446499645710e-02 5.479578766242363397e-01 7.000945544869655590e-01
7.674803561620162640e-01 1.972191948364798997e-01 7.665595422555430138e-01 2.718522028246960764e-01 7.094348850660026073e-01 6.303339753476212559e-01 2.154786971888177777e-02
7.436222808085986014e-01 5.309512673925326220e-01 7.366963580910819154e-01 4.711702377828085875e-01 2.380703114904463291e-01 1.208739523518467286e-02 5.468544923701317284e-01
5.546074806649298194e-01 7.488020740852345813e-01 4.151162397064900311e-01 2.885597252826684889e-01 5.820159311406314373e-02 2.859772566662417415e-01 8.363437797012965857e-01
9.127702362047583617e-02 1.594889133652886704e-01 3.712370579782525160e-01 4.582256816007523326e-01 2.703071311116218567e-01 2.245126014768438483e-01 7.658439144313556879e-01
6.842272154531576778e-01 4.103638212980652566e-01 7.601784584722395266e-01 6.981555472233407222e-01 7.887087699491530657e-01 8.254683700237137600e-01 9.343293772158335342e-01
8.056968261727642799e-01 3.992375487058787420e-01 9.707270868063567759e-01 4.666793515755974231e-01 6.298525538295507431e-02 7.407368993562090352e-03 1.161054595835057796e-01
5.001588546454658335e-01 8.492488356487777335e-01 6.658850415754933305e-01 8.679704935854914982e-01 5.178106362000107765e-01 4.809007166878916939e-01 3.160321054065693414e-01
9.112066896483755896e-01 7.228653861280562865e-01 7.212499343486417080e-01 6.977957143832813625e-01 8.481671982444822788e-01 2.063940398099215479e-01 6.121411616055892901e-01
8.493418557299422522e-01 9.137901986772423157e-01 5.841885471930231555e-01 5.028808968267491908e-01 8.080710610374808311e-01 3.135241295549336393e-01 8.441498141908481134e-01
6.357383987146586479e-01 5.509016185325326109e-01 6.160835562518348629e-01 4.935828475750192457e-01 1.664190059527754784e-01 6.777393267995449611e-01 5.203559272226517818e-01
2.539506185037053720e-01 8.723755735972936742e-01 5.323581293977704965e-01 6.635554292805645460e-01 7.748534230049699545e-01 9.022266178990278052e-01 7.938391546458687387e-01
6.907935523763352181e-01 2.406381905809816535e-01 2.665613515068013598e-02 3.208520265423285278e-01 1.783229848369956017e-01 2.868062444295779723e-01 4.523302630861212315e-01
5.204068710891062155e-01 9.826190894773799700e-01 3.877513208711510506e-01 8.241593611170323630e-01 4.148734812624752522e-01 3.921783902122324972e-01 9.811598511617976026e-01
5.080895859703355999e-01 5.609809028957001287e-01 8.706622141071863608e-01 1.315387610681282293e-01 2.298019949812442064e-01 3.533652161123536639e-01 1.282512869880237105e-01
1.288789667566352624e-02 1.699009611410788045e-01 3.266987080321642201e-01 5.599890674960376069e-01 4.695502850227057934e-01 8.178127560323824327e-04 1.731384142587912012e-01
7.040907591972798141e-01 9.899773099101857321e-01 6.116817982484952856e-03 4.726598887691036421e-01 7.188038076274096966e-01 4.392613700843025493e-01 9.808252611675254418e-01
4.259803337991182604e-01 4.392401008536517826e-01 7.658535034463974656e-01 1.984324642989657161e-01 6.108113962691277266e-01 5.415337979044061445e-01 3.012677091767154147e-01
5.173710069251012955e-01 5.503338830289856709e-01 4.162703171457350290e-03 6.079615725821186922e-01 6.613790756091475487e-01 3.473211933276001973e-02 6.853449152006707568e-01
2.076894992058105072e-02 9.064388405586287778e-01 6.677427706916301275e-01 4.444318440700640305e-01 9.675069851800799370e-02 9.560690799213324986e-01 6.318976857563527449e-01
2.459211901519359755e-01 2.148965594790521738e-01 5.323354185183635234e-01 8.711198893540558763e-02 3.862373598385602236e-01 5.881028952223755768e-01 5.437876649126069939e-01
1.026115736753723945e-01 6.709758794799529635e-01 1.384374816550785203e-01 2.823156961117173069e-01 2.174178517889231443e-01 6.718794942770296430e-01 3.332406887734263700e-03
1.363114713058502236e-01 1.283543090810446707e-01 5.296146846694168575e-01 4.074570925624880491e-02 8.167877006344497204e-01 7.477589682199619059e-01 5.143805417884752540e-01
8.893951363576265701e-01 6.065054452824428788e-01 9.392579251785365679e-01 1.686370534617047667e-01 9.505929178558290005e-01 8.118472678032427892e-01 1.660597197677400882e-01
2.734432198877769782e-01 4.337415579079348937e-01 7.631301563854898662e-01 4.816142508193821392e-01 2.142053949646651745e-01 1.950615381755942956e-01 3.411851977460991225e-01
2.196365927685503816e-01 7.232424487166978500e-01 3.629489632191846421e-02 6.593243530710468647e-02 8.983347332105040550e-01 1.485040226710381342e-02 8.184620473292674170e-01
3.895249575414497789e-01 3.939966514111860052e-01 8.059731320828675827e-01 2.969463546312282598e-01 8.585163617972284555e-01 8.054611051241606923e-01 1.391595734932868922e-01
8.106222755889994636e-01 7.064821020113842831e-01 6.862163262711178102e-02 5.504876238031742863e-01 3.424728550016880035e-01 3.193802452159149041e-01 3.142415762877587282e-01
7.253720881655179031e-01 5.341825685802790158e-01 1.374478111193011831e-01 8.507078570031106901e-01 3.834886939730495214e-01 1.732640193298294329e-01 8.797507416646449530e-01
9.545325925890563168e-01 8.867736709428576392e-01 9.224885847490075230e-01 6.790309920110627617e-01 9.934060398954898119e-01 9.858046111534155553e-01 8.154984610319158111e-01
2.677581945577292566e-01 2.299189549106350205e-01 4.528602237872356162e-01 3.725641248596696098e-01 4.059773797634989023e-01 4.449188638052360423e-01 2.068546755130410697e-01
8.338666674530668121e-01 4.825339128286486590e-01 5.056068672249053320e-01 3.651982699329555659e-01 6.850288142450153828e-01 7.681800064781139081e-01 6.080469787360216483e-01
1.102151200706835282e-01 6.820508488041382433e-02 2.538382023506620677e-01 4.832160048584016043e-01 2.425902460236102343e-01 3.971878072720510383e-02 4.012509008199380833e-01
8.319874876810553488e-01 2.870368022187732571e-01 3.916962641443904047e-01 3.059709850947980869e-01 9.015195225365459919e-01 7.889512847191517686e-01 8.946353100120419954e-01
2.951036440855756005e-01 4.246877024918874755e-01 3.865055822872143221e-01 7.335315906400216024e-01 6.624413076788187027e-01 7.122233746924743203e-01 6.214403674768524954e-01
1.829428355371464643e-01 5.966196451424814473e-01 1.272033561040346872e-01 6.371163544364554232e-01 2.329954179003834724e-03 1.325538603290973561e-01 8.238722553098620782e-01
1.180805752425860000e-01 2.400437261496864705e-01 1.113901966561112178e-01 3.046270798972101068e-01 8.313765074126422405e-02 3.205324733704272844e-01 2.744199394414225182e-02
7.113107499473044770e-01 7.842714671811314986e-01 6.434553424598042914e-01 8.308268967174485820e-01 8.025926514528691769e-01 8.662430935781268992e-01 7.367568400349052693e-01
3.787780558407984888e-01 8.576056064010750823e-01 6.734610453562528409e-01 8.042499596043447552e-01 8.463724516332149506e-04 2.322008175189504142e-01 5.124854804225493776e-01
8.992334864042065279e-01 7.863376145211535828e-01 4.288479147204862785e-01 7.297369227466824482e-01 7.155543139670044184e-01 9.312881454531858338e-01 5.571722368176539320e-01
8.995661721602362659e-01 6.811892084192751051e-01 5.816678246343185421e-01 5.505336344790134895e-01 7.940838029608130455e-01 6.514382562973618229e-02 4.159150664133213354e-02
3.416721904757743511e-01 7.075986815993358381e-02 4.572634414634265121e-01 6.490398368826063580e-01 3.559408914297819138e-01 9.582087686363183199e-01 4.956825551317557976e-01
5.803982711092015023e-02 2.918827559432606300e-01 5.670380251175722447e-02 4.461320757603349230e-01 1.813479685224592686e-01 7.663682434991085646e-02 5.740988058818338180e-01
2.435706759733878013e-01 7.518898011572568152e-02 3.877010997891019994e-01 1.176794706532343082e-01 7.366996011696755886e-01 4.663913505288670436e-01 1.443790219545084963e-01
1.075735937668301501e-01 6.161853115309696288e-02 4.889605886440068772e-01 2.673230961296442221e-01 1.509741696063429117e-01 6.911204200754166305e-01 3.187588510417894705e-01
6.096393607905463696e-01 3.259292801503901882e-01 3.580501768279928387e-01 4.880403966852612241e-01 2.924666954204440117e-01 1.709272058688203200e-01 5.590003282867701540e-01
1.266268790250036913e-01 3.130106691489273896e-01 9.364252532333388057e-01 7.557039033411925288e-01 9.672421668656170368e-01 9.445710519377683578e-01 7.386210095220790972e-01
8.714042975049223205e-01 9.531436549499227029e-01 7.703545891942142898e-01 4.803022365832366192e-01 4.966018358245491982e-01 9.836525782521541306e-01 6.324334189990449273e-01
7.113007156691506516e-01 8.286272704519366261e-01 8.311696970204712764e-01 8.954556527260819632e-01 7.440678216516971588e-01 5.133001913705340646e-01 9.586764888494184178e-02
1.004210411437826966e-01 4.952075622230202034e-01 2.615933278158171227e-01 4.593209486715733036e-01 4.471741253510117531e-01 9.131124701262740562e-01 8.025908557319784142e-01
5.926293019342007140e-01 9.788821986108402484e-01 9.862884198627996923e-01 9.751478544654347269e-01 9.584597158245742321e-01 9.887725484548570698e-01 9.126017151701903973e-01
1.686679805991765924e-01 6.637349249519337580e-01 2.626421327260979321e-01 7.338619671782347087e-01 1.094635792542248964e-01 6.399686283178064594e-02 4.301100230377742639e-02
1.074239301775482963e-01 1.511853189346698892e-02 3.175499887888678652e-01 1.926380062579675367e-01 3.714458975009620190e-01 1.013941967699810986e-01 4.365861346251722619e-01
4.689498165866516355e-01 1.515535033446049895e-01 2.494951766718331299e-01 1.517695709499476131e-01 4.614229369908571243e-01 5.194233518577581199e-01 2.301759786111161332e-01
7.854888530424649629e-01 2.819887126669118893e-01 5.704543916839410755e-01 7.542774622677220764e-01 6.523316111415624619e-01 3.824167921123183822e-01 8.749264797935399698e-03
1.742289597991593109e-01 6.811373738766786090e-01 4.477153256600667763e-01 5.201611847296158109e-01 3.750124883372336626e-01 7.868344873705434006e-01 4.818030362081486273e-01
4.377412412256927454e-01 2.215418730493838306e-01 2.373139052746913724e-01 7.460089248312471444e-01 3.371016178280115128e-01 2.451618231628863442e-01 6.305483265294632433e-01
3.814481624532742865e-01 5.500460470652920181e-02 7.254344357437182422e-01 8.825483681694927807e-01 8.396582033019512892e-01 3.518865345004021372e-01 7.588005727021339686e-01
8.644571937314911025e-01 8.122602767291083881e-01 4.592774776033804462e-01 9.356805115187555311e-01 6.592820021323859692e-01 3.274693716618596318e-01 5.825692925214854823e-01
1.440853465441243805e-02 1.780460198368463975e-01 5.860352345226753634e-01 7.379398405675226605e-04 1.530633890070021152e-02 5.903848985870787658e-01 3.310386000002457085e-01
5.687481803526029944e-01 3.585523886751519340e-01 6.080524493426527066e-02 2.913847601698469347e-01 3.967335263732820749e-01 1.564095631691434229e-01 3.683841478705021655e-01
3.505854810778404329e-01 5.947282913734985854e-01 9.517110835657618395e-01 8.324735592135934503e-01 6.558999507687985897e-01 6.912186941879304714e-01 4.907245746990933633e-01
2.410764062275068953e-01 3.285295993181165941e-01 4.445118513610886168e-01 5.025933104246296246e-01 4.984140601009130478e-01 7.044517313528643188e-01 9.357008576821514156e-02
4.984108266972634982e-01 3.925205860360257981e-01 2.877003392339086973e-01 3.604701519627896977e-01 4.577341023832559586e-03 3.639551917538396686e-01 1.506440840096338711e-02
8.354460833376212703e-01 8.028020725614136710e-01 1.662332363120445355e-01 8.679764451232320210e-01 5.083513727877289057e-01 3.347567472392340426e-01 5.538563807292439245e-01
2.277851633998072833e-01 3.345108080056856115e-01 3.320153697264538462e-01 6.684541227714534406e-01 3.495437637902796268e-01 7.503229401289368550e-01 3.108701718121826274e-01
7.891441208667083762e-01 2.518546222767634180e-01 2.746233372726206157e-01 7.603864401033896270e-01 8.550492965150624514e-01 8.337287160585817869e-01 8.316161844468541453e-01
7.123441279201677689e-01 4.511192366565191514e-01 4.935671324372265523e-01 7.230034428629172893e-01 3.053989375475794077e-01 3.438482522867379876e-01 4.133667717299876476e-01
5.503149173897504687e-01 1.765996349477681471e-01 5.623283353293739156e-02 5.440075176144159030e-01 7.162700323387980461e-01 3.124314013027209014e-01 4.779133631731328213e-01
4.340989796418127655e-01 7.577806253596399699e-01 4.744796204934140227e-01 3.106079526827079662e-01 6.170631432905793190e-02 2.404712843819049872e-01 4.012706286610657203e-01
6.814151562838280940e-01 5.710851808570819310e-01 9.744018881871789883e-01 5.864520657629084255e-01 5.928622109349817038e-01 9.220145162884982870e-01 4.687819754608358314e-01
4.081180381425430492e-01 6.474271622614254929e-01 2.969222974668241921e-01 1.225398557473866140e-01 5.217340278904885054e-01 4.948370710985299792e-01 7.438776694687166957e-01
9.597433866926655677e-01 4.526504423674893585e-01 8.523287021488012982e-01 3.365715387199591513e-01 7.551689278334379196e-01 7.555717867330759008e-01 4.909015027233663009e-01
8.979603941915533794e-01 6.592050470288912667e-01 3.486013480309275159e-01 8.468002218262848935e-01 6.738529612775892019e-01 1.864189523825987571e-01 2.864718795368680904e-01
1.938658631533693444e-01 6.598030910222161260e-01 8.558592125454153043e-01 2.499801040840735067e-01 6.435659201815724373e-02 1.306948079266673779e-01 3.604540404582505242e-01
2.729037697742632829e-01 2.251525748878867028e-01 6.785508710796206433e-01 2.209507354878911256e-01 6.498572998680174351e-01 7.605894464618372375e-01 8.915705405014707763e-01
2.050170575550485860e-02 6.057580702026911339e-03 4.953214210108558557e-01 5.840833082220835415e-01 1.073647260200232267e-01 4.506033921983626511e-01 8.324255159647603319e-02
1.307699458096088230e-01 8.541483066579393935e-01 3.887999926453463151e-01 7.157583022198568123e-01 7.708840200211852789e-01 8.255396072084700831e-01 7.948398199236857975e-01
2.767845782318987258e-01 9.091932632641086531e-01 3.405311307589347636e-01 5.129357269121468388e-01 7.344590143766254187e-01 3.653184129001163516e-01 5.709819871288761561e-01
2.684119029897849007e-01 7.912391849444943004e-01 8.838329536721932778e-01 7.436981021543369597e-01 3.600882508326321840e-01 9.360339745015492374e-01 5.269142740814460879e-01
5.816732080710772523e-01 4.187249511225342724e-01 4.542044804080377918e-01 4.100611417278456350e-01 8.436723838094621897e-01 9.248313767171347788e-01 1.791903137804112534e-01
2.364576864333248762e-01 4.382670978885020441e-01 9.068925432780798601e-02 2.681207313972832074e-01 5.044330784585326910e-01 3.047813964330728723e-02 2.814276798161088888e-01
2.842607546865297263e-01 6.476269409648724995e-01 5.030698217123464877e-01 3.867187206681789169e-01 4.946486852131783962e-01 8.042809488420982200e-01 3.923544130487370274e-01
8.015897823929971633e-01 7.820192832343764167e-01 6.908414218722412903e-01 7.098878342585959178e-01 6.894971583969891071e-01 8.233897849385778400e-01 4.978453676301998754e-01
7.468987550917343121e-01 2.720448384588690649e-01 7.675489427387777175e-01 7.466491267791393049e-01 9.716704990714788437e-01 3.060160354100125435e-01 3.439770282745887031e-01
6.641520434931376116e-01 2.334554267438895547e-01 8.940251327439164841e-01 8.516220393226517915e-01 6.561177056282758713e-01 8.789318136027661765e-01 2.777336091488593825e-02
5.437780392043727318e-01 8.471743818442956098e-01 4.598889899232425083e-01 8.887569192733719703e-01 9.210265495348721743e-01 7.978167865682613824e-01 8.530102833849092514e-01
1.684715607366064072e-01 1.540851419886199170e-01 2.986837129724949635e-01 5.979418627082381255e-01 4.365623476915061474e-01 1.307892217194799034e-01 2.676357162116539401e-01
3.291863096147696482e-02 1.082532463892692809e-01 2.603181118228428126e-01 1.838445030784930127e-03 8.373710745945572853e-02 6.976573074929885987e-01 4.154838185785389992e-01
5.921598918869729333e-01 4.183134909790174327e-01 6.052123541051553923e-01 1.445799742225510609e-01 5.448945332318544388e-03 7.053844336201676828e-03 2.943994712507244094e-01
9.759094565089365680e-02 6.668455166426706660e-01 7.284650997933456162e-01 1.635784492787681343e-01 3.978015109896659851e-02 8.905237584904013293e-02 7.077405515867876140e-01
9.735554993007444757e-01 9.377202293507556075e-01 6.881169598895220396e-01 4.833695932031798481e-01 6.795369060710072517e-01 5.621349492314351437e-01 9.267023418858548744e-01
9.365339315999461345e-01 6.323952109182314762e-01 8.177400100427762997e-01 7.909195925845488029e-01 1.399111887440085411e-01 8.219016795652230867e-01 4.803391305042443160e-01
2.736218378839934406e-02 2.598998465087686283e-01 3.269974621763942491e-01 8.512424292348903521e-01 2.771562628913670778e-01 7.751959437461986013e-01 7.538659546174827364e-01
8.115578129162922538e-01 2.644060852784206883e-01 5.483033460729715980e-01 5.270984000130387592e-01 7.155514201149344444e-01 9.068603357423004052e-01 5.840039384644490905e-02
6.156327612765876145e-01 4.260564542154780532e-01 7.189001985617986534e-01 3.347529153064296437e-01 1.255125445313751698e-01 6.104469200472592005e-01 3.736681576599539811e-01
4.044885585702570063e-01 9.103259740874896089e-01 6.935683885821080086e-01 6.429381645438296822e-01 7.328355710487812757e-01 9.557768210935448927e-01 8.338240850983077435e-01
5.764540735805134819e-01 8.022613471021169396e-01 8.882289938763395787e-01 4.254832173320204358e-01 4.481658751610666513e-01 7.120335443524048458e-01 6.873179847061237080e-01
3.256524290606886973e-01 5.796215466084527757e-01 2.911557372779675634e-01 6.350082848364959620e-01 6.475426233373582363e-02 3.405523743790531133e-01 4.357202313869033006e-01
5.436881782536637786e-01 2.496339443711831363e-01 3.781478459285635974e-01 8.564255799450726236e-02 3.650985262356698513e-01 4.806077680065755087e-01 5.786319402544318896e-02
2.038554557804297396e-01 7.512739986617507082e-01 2.117954080738751188e-01 9.868769334559549522e-01 9.934246996417641640e-01 4.994438145095445591e-01 9.877140033091329485e-01
1.135456708568536588e-01 4.252632697546316343e-01 7.076817773142044521e-01 2.031026111589699368e-01 7.616589863318949938e-01 5.227067270190741688e-01 1.651444234404595979e-01
4.435876007015030625e-02 5.943842933576013454e-01 3.487486286573502903e-01 5.650355861626575882e-01 7.196186890359967947e-01 2.932778012635859910e-01 9.253604949278729785e-01
3.247711581895590949e-01 4.644999162045665986e-01 2.036742698983532718e-01 4.006996072282680843e-01 2.945180786773562431e-01 3.386594541391104718e-01 2.832174797770716790e-01
3.769787134895579150e-01 9.432352625973421389e-01 6.546295507856638718e-01 8.074810317941556459e-01 7.777641993016004562e-02 2.543320190376112053e-02 5.482495241709475220e-01
4.523041309490868911e-01 4.355960629362787273e-02 3.375958540321361001e-01 1.041092837569724920e-02 7.611627073492854834e-01 4.849086812392258139e-01 1.385363120040415397e-01
3.766558467120181830e-01 6.342034083322224403e-01 7.529833643474601601e-01 5.942317128556193762e-01 4.770357464440166950e-02 8.199130964059067050e-01 8.641931951842648507e-01
1.831947863626936790e-01 6.004869708250601956e-01 5.588711033146359641e-01 6.990482471674465403e-02 2.112114552874118090e-01 3.490476058385540425e-01 5.251449777604881852e-01
6.355831117446717471e-01 8.167656640422705783e-01 7.436724543561011591e-02 5.179196665401369915e-01 8.615538128651678562e-02 7.598521801399950037e-01 1.687021670637877391e-01
1.007846919513585432e-01 2.093986553468534309e-02 7.882473142118852083e-01 2.073004999516363245e-01 1.721591390669345856e-01 5.037651788150464549e-01 8.548297547382308070e-02
3.675488147322479304e-01 3.353950973425653959e-01 3.864482797505014444e-01 6.255152168107835919e-02 4.787812617141753435e-01 2.686433212784613556e-01 7.892374961033271630e-01
5.591545596828388920e-01 9.193210803244717955e-01 9.814614413362705569e-01 9.180085269166162742e-01 6.314083486795425415e-01 9.476003753970025922e-01 9.419758599074773420e-01
7.441347486756512142e-01 9.246582288571543184e-01 6.327316804883490464e-01 3.072455045583496469e-01 8.414028866682201624e-01 8.811476175956280965e-01 8.199403705624992433e-01
7.566876103239230655e-01 3.516397363722375408e-02 9.573237232023189547e-01 4.185848684750862470e-01 8.290445499587804079e-01 8.161406969763260744e-01 7.205413752619287404e-01
1.750141236624102314e-01 3.694509926068421102e-01 7.722819638977108658e-01 7.529969785378592961e-01 5.046625086106359959e-02 1.617260887810443304e-01 2.485113606156626465e-01
3.973354660290876472e-01 5.322248621396797885e-01 1.387376647010707675e-01 3.825019063696232235e-01 5.671677915379405022e-01 3.630424225747767020e-01 2.984075982689531892e-01
7.221889405968262565e-01 7.329994203100895778e-01 4.191068833771373625e-01 7.036126649757368234e-01 6.474149913992732763e-01 2.778371704872853454e-01 6.436770705759399247e-01
7.783504337138803519e-01 3.625766242712725185e-01 7.513336743542461393e-01 6.668839031582978194e-01 5.479160591494292021e-01 5.647819464511405485e-01 3.225665349108905455e-01
6.343479234841404857e-01 5.233805938865109253e-01 2.466891623387273969e-02 8.229400515587432796e-01 9.492077354807406664e-01 7.008576601105215298e-02 2.788453948312936276e-02
9.765157143928084871e-01 5.131444815733227083e-01 5.865180682264639067e-01 7.618786500440175580e-01 1.334790762048214674e-01 5.310867923616362576e-03 9.600464380112054830e-01
3.999224750261643480e-01 7.653738955803190969e-01 5.988895749555768200e-01 4.733251391015306231e-01 4.779358617961406708e-01 4.212781486439000078e-01 7.777596981878696081e-01
5.661867686630939200e-01 6.309295933612095453e-02 5.256963993022075732e-01 1.565287999928605253e-03 1.885448535904288292e-02 4.870410898661450133e-02 8.882224843039949677e-03
2.777165839271100375e-02 5.632911292083101484e-01 2.169674689601832906e-01 3.329354852766288064e-01 3.632835089229047298e-01 7.401996919469102654e-01 1.763656841395367658e-01
8.389009161121583347e-01 9.387704429977761222e-01 9.424538628972616294e-01 5.996235754220148317e-01 7.771767335943877697e-01 3.236609810805820553e-01 4.845360972890413453e-01
5.366831211545712577e-02 4.106261204262366404e-01 4.013321569107897169e-02 7.979548546423306798e-02 1.161016826517879963e-01 2.943607043839556736e-01 2.880301911753309629e-01
9.186731064877852182e-01 2.825038167757128460e-01 7.646767956478670580e-01 5.069541924800157195e-01 4.962042546831071377e-01 6.813801963052289468e-01 5.867620038987759745e-01
6.044570321348731179e-01 1.157620150815858590e-01 7.062282409419212703e-01 7.853055679447343840e-01 5.274950831662863493e-01 5.113484389870392999e-01 4.562215326627143686e-01
3.159996991804094324e-01 2.715306022200194569e-01 3.719782625691272493e-01 3.017589295244696435e-01 2.401309257838875055e-01 2.385213535433583221e-01 6.121865542086062373e-01
9.698047488725896059e-01 5.842412500478443294e-01 2.256142543963387814e-01 8.125319537704929207e-01 8.616929298732429743e-01 6.024689974863284281e-01 9.185366461177898456e-01
2.285603691717901786e-01 4.578024740928892111e-01 3.025071113099219722e-01 4.866728321617667108e-01 3.521517191547900438e-01 7.833369192479544552e-01 2.347632627427969076e-01
3.660008942503389373e-01 3.021434751013859499e-01 6.876534776045910569e-01 3.158593605727757492e-01 2.498748663347214460e-01 3.647502093484180086e-01 1.253517188930977633e-01
9.690242669209279125e-01 4.332422939862032862e-01 9.643221799106704850e-01 8.556702430368199330e-01 9.856446895282715559e-01 6.095113739451175627e-01 8.405387968890732919e-01
1.192626523620264611e-02 2.028856298710937645e-01 2.143403004782353238e-01 1.012878945860094387e-01 1.334448992274701595e-01 5.367281753194014238e-02 3.799820661188675897e-01
1.857903552998260710e-01 1.012998400322371872e-01 2.833050509703246567e-01 3.322392160252836679e-01 1.072111676912754774e-01 5.506399167761328456e-02 1.478769689243828733e-01
1.590916260461384679e-01 2.710551646342878040e-01 5.443895881253789648e-01 8.432888884358848147e-02 8.277530488558113575e-01 5.015574115225439611e-01 7.075791401380217283e-02
7.972631066271791411e-01 6.155333998122102246e-01 1.733869598322884675e-01 9.101629726122054675e-01 5.009820729028433561e-01 4.019373883734930764e-02 2.682831664662497020e-03
6.617006057205018221e-01 2.734879167061340377e-01 8.414731989277333124e-01 1.831663184092738317e-01 3.341343437787145376e-01 7.465347631695006259e-01 5.678009027813093468e-01
3.434737941114316961e-01 3.250714164937733991e-02 3.320945017377069375e-01 3.578657050873572994e-03 3.286113836802542210e-01 7.964773526675943127e-02 3.594109320337951496e-01
4.425916493570300481e-01 8.779540858771788248e-01 6.806805991106418263e-01 1.205035691419577976e-03 3.614738350734114647e-01 2.541354981569753368e-01 7.957422223770630465e-01
6.168157254014319246e-01 9.359618371175345564e-01 5.555892361319821893e-01 6.163079234742830925e-01 7.787286697421222925e-01 6.823621087161354515e-01 8.520322547559648907e-01
6.186838751431081862e-01 6.998900908011852495e-01 2.549339422704722802e-01 3.664234557523750602e-01 1.288532651960849762e-01 7.277825114036723386e-01 6.136915211299670547e-01
5.423629096218484519e-02 4.398576096871615881e-01 1.092327666323191920e-01 3.437867427478830118e-01 1.438761274330317974e-01 7.270187126629851226e-01 6.395415899753736921e-02
2.220257228894765289e-01 2.002213921545522579e-01 1.507398046540391057e-01 9.503445992606086856e-02 2.842094213701784611e-01 7.465831728912588616e-01 5.500087003217277726e-01
2.673752563384448888e-01 8.846754483452944420e-03 1.302964126161963165e-01 6.392718134014812037e-01 1.599319803062826395e-01 1.969951625399652198e-02 5.920153990502433627e-01
8.848499606997550782e-01 4.210290820818677338e-01 6.142462520075456789e-01 6.524495114941999407e-01 9.657689244486391544e-01 7.488241146564119655e-01 9.404624595226397377e-01
8.053013207253625350e-01 2.930679897254181432e-01 2.531497534939509270e-02 7.153753338360042680e-01 4.471450401470065117e-01 4.361481405892073809e-02 7.961655203072336429e-01
9.985696111438852052e-01 9.881081510180977912e-01 9.990658464822209650e-01 9.988659738530641929e-01 9.975357099901884794e-01 9.577591421511897352e-01 9.975532125825417040e-01
6.980767500789980540e-01 3.841427525467355220e-01 6.845088604766916829e-01 5.293655752553266813e-01 6.682570418342947960e-01 4.538001444177068300e-01 5.485072548385582225e-01
1.826112898682649699e-01 4.352087628507826933e-01 1.373580260206102299e-01 7.232630182616439640e-01 9.190147644840180874e-01 1.977830372677483461e-01 2.030576427477897294e-01
7.037697762365402454e-01 5.462248430874082628e-01 6.268628063990753230e-01 6.408857649929110556e-01 1.900927019305527210e-01 6.258513593359906757e-01 3.164599517186297839e-01
7.126138899385539016e-01 8.992024469126316255e-01 5.960081753005875838e-01 4.277615061648636363e-01 1.661518018227070570e-01 1.480157860722143837e-01 8.880153472901705092e-01
6.077345907034584771e-01 4.122028425348069347e-01 6.249289725747823043e-01 2.169302985436429021e-01 3.245476833544671535e-01 1.123061701866817641e-01 5.756069511690599383e-02
6.011314931541448248e-01 6.233612413041755840e-01 8.941702606208920545e-02 8.822491826170001383e-01 4.703934048302471638e-01 2.006746545232624690e-01 7.392558120390694265e-01
3.522314177464496709e-01 1.662776589665282134e-01 1.455017668753434690e-01 2.586847511373780995e-01 7.144269188866019249e-01 6.271627836243601761e-01 7.657405997733776060e-01
8.923456589402316633e-03 5.461329560157292262e-02 5.888288851390005574e-01 4.911583000009953071e-01 5.838815730530768633e-01 8.136167107373297736e-01 3.106101148235381609e-02
7.338822823075742408e-01 1.498961013727965474e-01 7.807417086785448657e-01 3.483990418904662767e-01 5.372537379153072834e-01 7.788222152329133952e-01 2.510441623678083545e-01
2.891113422256598176e-01 9.971034246407072255e-01 9.917239721244038853e-01 9.439436874371134323e-01 6.786944216582924128e-01 9.504704637500743791e-01 9.803059053366007802e-01
8.511453148904354338e-01 9.064959497498182861e-01 8.500143994905428046e-01 8.553610268150444451e-01 9.009449265431612730e-01 6.204166257362158099e-01 6.864427693006073250e-01
9.190138496670958723e-01 4.106422660791448909e-01 2.142825752546054507e-01 6.467958346869893127e-01 6.765013085678219795e-01 8.160850367825548402e-01 7.242802900870929372e-01
7.865297745617723102e-01 7.809594327524379542e-01 1.522725333808249391e-02 7.705119538692338788e-01 6.244728181045502424e-01 7.441483360633471822e-01 6.908190422050350943e-01
1.387613155974804294e-02 1.235589871694178360e-01 7.097174615516295137e-01 4.789139752301562192e-01 1.080863610841333866e-01 5.992057595023950745e-01 5.606264933639202308e-01
7.274145087436235668e-01 7.268301194763343576e-01 7.290901999848161674e-01 9.018690997868169523e-01 8.710464357864111662e-01 9.305508288386032945e-01 4.994241556928892267e-01
2.177562855366294570e-01 8.368323607800370878e-01 9.441084211933871151e-01 3.633952613238121132e-01 3.886524436529725790e-01 1.613185634864593501e-02 2.598752697559897698e-02
3.842133775146998054e-01 4.251275197592193078e-01 7.304418663360059405e-01 8.448008086730224298e-02 4.644398461095988750e-02 8.715592831615570635e-01 1.117357832941644480e-01
2.776381552543705777e-01 6.566397099649944336e-01 6.003206851558109403e-01 4.175575532080298691e-02 2.368801764678210020e-01 1.706334949961570147e-01 5.913651092788845265e-01
5.364866435567300362e-01 5.264301267888373825e-01 4.789408213944003623e-01 4.094632906742555756e-01 6.240893478970974684e-01 1.171538140079307795e-02 9.265411472902691792e-02
1.311883826299084788e-01 3.881425966829893937e-01 4.540192678514624047e-01 2.482588130604531651e-01 6.404089028947055340e-01 9.153404330921047771e-01 8.326883213843313536e-01
3.414812539543524705e-01 5.606764313987034898e-01 5.608830080212784397e-01 7.516763071759777759e-01 2.855166294611990452e-01 6.158129194855426203e-01 2.956731818267511747e-01
4.785819054699181341e-01 3.831854910568960881e-01 5.000908900859832862e-01 7.026016543804188830e-01 2.792805766221135855e-01 5.420323693009904131e-01 2.187614567028982326e-01
9.668166537314109021e-01 8.843795456154188717e-01 9.656191523250595710e-01 6.677142696622420104e-01 9.071213651914149523e-01 4.640753902750863746e-01 9.748551186616932762e-01
5.815183581147227443e-01 6.601415995491939359e-01 5.696055654674468949e-01 3.400979171766867482e-01 2.353074364364147186e-01 5.354036233376069376e-01 7.531210962374396134e-01
2.323254955145688805e-01 9.315056746742168825e-02 8.266079038476723539e-01 2.942709019618826027e-01 1.990999854169785976e-01 2.283300699093580022e-01 2.558922293848366891e-01
7.343670651047166098e-01 2.975817265811340762e-01 1.051354039668865314e-01 5.804695565981469185e-01 9.594884596299380064e-01 8.714491700420493037e-02 7.043208576491832851e-01
7.704013319921346747e-01 5.684941441972454212e-01 8.319621076987377961e-01 8.534064845768160046e-01 4.546995148994028568e-01 8.295796393691419190e-01 6.610162422460635900e-01
5.706613368965889332e-01 8.731515812276076094e-01 9.493856818171113598e-01 9.320616724119297203e-01 9.684189730323851109e-01 6.355160900853901174e-01 7.179304041893795896e-01
5.994800775625184208e-01 6.489064125269786709e-01 2.424227723497581199e-01 3.489830816052562623e-01 1.664799265563488007e-02 2.315289330104005339e-01 2.318374558498377536e-01
9.560045472424973934e-01 3.804264062993726880e-01 9.907714216849171640e-01 9.703997516167311987e-01 7.503315925132483244e-01 8.477177715140421510e-01 9.252144073930910206e-01
6.608249009069219193e-01 5.231602141108104842e-01 6.714552279113681355e-01 3.482447325125199167e-01 6.301841279491782188e-01 3.367409127320437623e-01 5.364136668824671661e-01
5.165256824461241791e-01 4.742114990402773178e-01 5.125699049131485774e-01 7.033633217623231904e-01 6.206308943219482899e-01 1.259974740082935030e-01 6.833989841288414802e-01
7.432742005182471079e-01 9.633300320214473189e-02 2.328137952037380443e-01 5.688054540941926696e-02 4.382367625366896391e-01 3.421913834770113488e-02 3.748075759441806820e-01
6.363558844771828316e-01 9.379072225119723660e-02 3.052784139411174880e-01 9.423894346659693610e-01 4.932165439240634441e-01 7.652095130451408433e-01 1.148822291751141339e-01
8.119518898635061932e-01 8.874733564796815077e-01 9.217345020956024815e-01 5.492325675795848294e-01 8.689227455761283636e-01 6.740094575833484036e-01 6.726253738109306823e-01
1.395396387641028024e-01 3.145537359209867045e-02 6.792469547833834831e-01 3.351603161597136449e-01 3.787342600990086794e-01 9.268070177402837340e-01 5.697594600325630587e-01
3.526618854181831075e-01 3.632928264092832871e-01 3.271898854168502901e-01 3.195638667125734744e-01 5.883467807434499264e-01 1.045189971872547419e-01 6.085286711167159357e-01
5.479514960022595638e-01 8.835135702901635302e-01 5.490558456838028345e-01 5.721350515547254378e-01 1.248072478920221329e-01 6.762410261021428726e-01 5.308527529786776222e-01
6.177509377280648861e-01 6.909420752782023945e-01 7.695148341491906407e-01 2.694375796565595671e-01 3.304205916356295347e-01 1.305528658927218311e-01 1.326989374039973801e-01
5.950639672729989282e-01 4.090716625573258547e-01 6.472123162685734510e-01 8.606392803717256568e-01 6.707858208101242781e-01 7.505879257466083754e-01 7.217624472389572166e-01
2.979558431012803155e-01 9.912464019908794333e-01 9.049288202592761232e-01 8.963962327467840385e-01 6.737428542692214251e-01 5.931603920315190459e-01 9.604826556333911913e-01
6.777963320153539417e-01 1.929993915518325720e-01 8.429432238349404694e-01 2.931641415549747220e-01 5.001412096899002790e-01 1.535414079472500193e-01 7.387430496249787204e-01
5.175194692207283342e-01 3.597798163929569193e-01 6.633613010710817104e-01 4.986531648566001618e-01 4.921165443956851959e-01 6.040925450348599846e-01 7.693383026083991938e-01
8.581270546143085487e-02 1.010469939204514805e-01 1.162075343398023819e-01 3.850325124683726674e-01 1.467559498269110918e-01 2.639600984286120250e-02 3.212396426329330174e-02
5.239627195365424983e-01 1.807719401701908535e-01 2.679853226487459161e-01 4.336259279483792861e-01 3.827822403982281685e-01 2.558507918748023080e-01 5.279625552506325148e-01
1.855218789403389190e-01 4.928425398033603466e-01 7.282731095970430557e-01 3.776835665994373037e-01 5.747389625757932663e-01 6.921068326938886184e-01 1.745047651683963863e-01
9.065650718917088735e-01 9.467340071526831879e-01 9.136788316748473138e-01 2.895033558341635338e-01 6.302947294898331165e-01 6.060843572593692663e-01 9.768143414976402372e-01
1.970377358925668732e-01 2.342689304995277111e-01 3.490511659093989971e-01 4.553586834299849784e-01 9.766331424470990896e-01 6.115938433516056039e-01 9.786836400363377875e-01
2.143362432018848240e-01 4.713443689504621115e-01 8.469011036187618080e-02 3.148912268575679296e-01 4.656549061182886362e-01 3.657227786592099905e-01 7.291960068402008055e-01
5.880743906722760705e-01 1.544601639365126844e-01 2.451197202892921034e-01 7.174859529858520490e-01 1.926333061419427395e-01 2.104921963452760503e-02 3.271170880527864422e-01
1.832101879214912965e-01 1.189592703245614530e-01 5.172597858247505176e-01 2.219039846684554562e-01 1.904535011854022741e-01 5.093213333047355018e-01 4.157958092605314876e-02
9.945689741241560133e-01 9.362876997544704594e-01 9.961665245109244671e-01 9.979139705688342410e-01 7.066317447461187840e-01 8.908933124601209341e-01 5.333161186630357431e-01
1.172614958427799919e-01 7.053194573442587156e-01 4.312067732312715451e-01 8.964085932611122187e-01 6.252009775489568710e-01 4.360693476904597965e-01 8.032430814234173821e-01
1.407880133260702438e-01 6.540898077268380018e-01 6.128188772641727233e-01 4.879800311336512375e-01 4.512689330149441957e-01 1.407343554892797333e-01 5.730739081928439005e-02
2.481782187405010276e-01 6.020018218798389720e-01 5.369328463215503611e-01 7.617211111268886066e-03 6.706485839094966650e-01 7.877520121399148034e-02 6.589946762014612380e-01
6.263603780800375276e-01 4.248188421087697453e-01 3.248457205564394545e-01 4.982659133121930539e-01 6.291284060571342707e-01 5.163111379357272490e-01 5.282118644817457298e-01
5.197822368853138864e-01 3.683035151948828578e-01 3.905955821927860616e-01 4.696745214932930845e-01 5.847384401131421328e-01 6.587752659908162611e-01 3.163822574705121848e-01
8.978799222020956705e-01 8.658929065325612351e-01 6.234557039092046837e-01 8.694548899731009417e-01 9.068932225927710533e-01 7.561578169175041664e-01 8.584370896608837231e-01
1.737138368460164062e-01 4.570018382030974213e-01 8.912363188468270803e-01 3.661686992074432156e-01 9.142630198039114475e-01 6.123119940623380497e-01 3.801244266336293864e-01
1.497722872178540165e-01 3.711435044946943540e-01 1.392345041456925503e-01 2.404819217519256480e-01 4.257319145835936069e-02 1.521694555824042727e-01 6.514525509409516135e-02
3.689358161488725529e-01 8.423107448004775177e-01 4.817768538725605287e-01 9.487798865257649483e-01 4.838564142119139433e-01 1.085197475464279165e-01 3.760051263457340198e-01
6.611921500243208571e-01 6.925615619098715037e-01 7.407130547422221545e-01 5.661279082107086857e-01 5.349399123806506395e-01 3.672619021756207691e-01 4.388064864613085980e-01
5.580810925764979613e-01 3.361814914002597132e-01 2.153815315219214654e-01 5.790306161039269206e-01 2.072339889127761126e-01 5.915139821520283281e-01 4.948358935278617809e-01
9.943994272217194785e-01 6.406745726595499679e-01 9.578507301433536458e-01 9.967407676474980827e-01 3.471023892052471638e-01 9.929607333211316611e-01 6.259515270549730337e-01
9.048244067218489395e-01 8.113304953872426672e-01 1.143454275104550388e-01 2.801642555440913007e-01 2.961877339985221624e-01 4.098036740718111193e-01 9.390177639288639355e-01
3.825480466940068269e-01 7.068569501268999744e-01 5.939613743326085382e-01 7.909876954478433086e-01 6.380049183499068022e-01 7.521917474792735314e-01 7.473951622382625226e-01
2.199291990949381048e-01 6.728761312049291732e-02 4.521782360072815199e-01 2.370080431712373419e-03 3.726328806951642036e-01 2.060729749034269642e-01 6.839521701327526682e-01
5.577776099115929441e-03 5.228528706151976818e-03 3.788577411385324334e-01 3.137896811326196800e-01 1.088070371188223362e-01 3.878227715037020351e-01 2.539493240193185092e-02
1.476475201871808307e-01 3.033533956643116314e-01 3.739652210051737091e-01 4.222729727215318585e-01 6.769399510230869055e-01 3.025344883575804000e-01 3.313721090280737913e-01
8.082342024658396573e-01 2.859592170948364043e-01 8.564101369294354615e-01 2.697890122082052256e-01 5.234941395465284586e-01 5.794725565620919561e-01 5.335855255676748010e-01
5.917714639516185038e-01 3.622626349703136350e-01 1.186742325753785687e-01 1.416919057427871720e-01 3.694023871794342995e-01 9.078711638619124669e-02 7.294935563464195749e-02
7.868210639389398020e-01 4.823994853633962326e-02 4.426880770676323573e-01 4.990619850556031190e-01 2.261482717003673315e-01 3.105389224323495956e-01 8.333437377942909396e-01
2.321532951897860297e-01 1.866034130829112569e-01 7.950444090956274024e-02 1.931900263213647828e-01 6.203416960779577494e-01 6.596952977163071941e-01 2.398985176817167997e-01
9.862814932748834584e-01 8.034337330981752290e-01 5.114573132636804909e-01 8.565805248005704531e-01 4.530839528888463974e-02 8.494391970027265204e-02 9.194415473082737655e-01
9.874260301088113589e-01 7.008063222267231218e-01 9.994455956429313392e-01 9.993537032735744230e-01 9.993260554037988186e-01 9.994680918253783242e-01 9.994316834354713963e-01
6.351831728885197759e-01 5.543637763186592959e-01 6.644690158877721020e-02 6.012508707907551209e-01 2.869414931628853083e-01 3.371669629402849200e-01 4.499282441516537223e-01
6.961366738125941422e-01 3.631832619450610644e-01 3.404363700442625262e-02 6.942530067667601612e-01 9.575167507864534855e-02 3.765901718088098260e-01 1.966554304175144596e-01
2.046345751715139827e-01 1.948855750165199852e-01 4.728855240125020565e-01 2.994416607880240333e-01 3.038500791881233454e-01 2.666728154764814729e-01 1.474865194092565002e-01
3.761664407193700543e-01 5.265222357392617125e-01 8.015545250353728335e-01 9.372303640688539605e-01 4.688151106238365173e-01 9.892948709250767303e-01 4.300535534643548097e-01
6.072278835189530710e-01 5.452146175605478984e-01 7.508949451561219846e-02 9.300794869205061266e-01 6.641140561550855637e-01 3.150884216211017330e-01 8.086446468988923719e-01
2.737237505831061068e-01 2.648506118350762439e-01 8.852891496588489728e-01 5.727782806863142007e-01 1.807557400315999985e-01 1.485449073739324444e-01 1.230492585075576226e-02
6.804376323479727207e-01 8.564714524015811792e-01 7.199722806597723401e-02 4.312955290006271203e-01 5.535859218798577785e-02 2.406176072757717499e-01 2.183201725578269026e-01
5.857406779641672889e-01 9.662823523020218630e-01 7.104375097679961337e-01 9.317800343513849004e-01 3.470948324538767338e-01 8.985745662494895036e-01 9.178225533546492398e-01
5.744515555796168849e-02 1.103617393520925222e-01 6.517938937335086003e-01 4.758253127283273431e-01 3.200642876327037811e-01 3.868506488576864411e-01 1.732657187237462426e-01
9.503811226515246346e-01 5.883399934914692597e-01 6.941735704001624763e-01 8.276142427318604611e-01 4.172964813187718391e-02 9.659637354711644308e-01 8.218301183925766917e-01
1.108332414920353004e-01 7.698740421837876879e-02 1.422009608426733906e-01 1.450421082859922051e-01 1.255031290929764509e-01 2.934236822722581239e-01 2.188226861233882603e-01
5.599466856765335926e-02 7.039076361455627318e-01 4.243725490277698853e-01 2.294503694995361220e-01 3.279253805521875620e-01 5.538050732606371040e-01 7.806520007886770252e-01
9.483502537697136026e-01 5.536935400984953626e-01 8.365445292535818034e-01 9.428433823925166379e-01 9.418791322968900204e-01 8.668952345901946854e-01 7.152938376951434307e-01
1.047147289728325020e-01 2.841237135035887262e-01 3.960275234682903989e-01 2.561479886087845159e-01 3.064912862610071898e-01 3.071406990587296493e-01 7.691038630375872376e-02
9.085665646019253083e-02 1.897525821149139702e-01 2.261272225011344561e-01 8.062160716227035895e-01 2.206559556070715189e-01 6.595382983673675481e-01 6.848729816126199188e-02
1.285426015961485926e-03 5.873084350144369692e-01 6.640319467003401588e-01 8.619745198623582350e-02 3.760478184558451176e-01 9.557122624035608860e-01 2.094021265751961625e-01
4.824781501854454313e-01 2.844330170453205908e-01 7.767513454823536945e-01 5.086676054421843673e-01 3.426579781807959080e-01 1.356026321576108418e-01 1.210556489011278963e-01
9.624439101056850854e-01 9.542261403507177331e-01 8.834558060416575209e-01 7.661090128524652432e-01 8.884929274208843708e-01 6.980801867791074367e-01 9.809025392580316138e-01
4.784521800017434434e-01 3.210229169620024137e-01 7.607096975612552547e-02 5.055812997752020532e-01 3.291970875579863787e-01 3.184008775978319217e-01 7.894974837267907386e-01
6.585530249515855195e-01 7.352898223025886582e-01 3.314509414666532705e-01 3.557376407332524249e-01 4.049599438440054655e-01 5.384420699504245400e-01 5.829383419111826559e-01
9.283933595567119001e-02 8.149796252248354689e-01 6.562739732620477551e-02 3.408858920796137282e-01 6.133027723990380764e-01 8.929141452919263644e-01 8.857558024133346253e-01
9.977490013983877359e-01 9.972394908357244958e-01 9.750188610223698982e-01 9.503985284059578431e-01 9.742622356861829758e-01 9.242016143852056498e-01 9.875680206040968745e-01
5.980157824533136601e-01 7.349096860790426122e-01 4.325405251909303361e-01 3.734024711624432946e-01 6.250798534601926804e-01 5.497282827556591034e-01 8.405598221346498589e-01
6.504853067616522821e-01 9.804656955808214169e-01 7.570289392873513767e-01 4.277308537784907938e-01 6.139427486341446638e-01 3.240295972432359339e-01 7.682420631110392639e-01
3.480796216300307555e-01 4.917652874604528379e-01 2.507059573156321108e-01 6.121773805984945804e-01 5.958700340706855059e-01 2.147845075662853098e-01 6.240781719545256401e-01
6.094970891160140791e-01 1.295131593030119689e-02 5.298534783324662101e-01 3.347274243160423546e-01 4.038986123632639647e-01 1.786794789670076433e-01 3.644342509934559438e-01
6.534554853456311929e-02 8.821264379355138463e-02 5.615390024257762430e-02 2.864880693554806013e-01 1.385041677858680487e-01 6.262358473880829113e-01 6.837581270653418919e-01
2.414669797152622643e-01 2.596213369145629613e-01 3.440593911644036773e-02 4.907981620611087670e-01 2.806804908905178308e-01 2.639259099645249219e-03 2.076969564365310217e-01
4.287253061333322623e-01 7.637649294707448133e-01 9.773451041346411516e-01 4.945098531245817330e-01 9.885497835930436850e-01 9.633558971430027373e-01 7.845357910430345028e-01
7.834676570696628151e-01 5.132656038629311857e-01 2.483254761734697003e-01 8.322417341136526536e-01 9.097515926696360111e-01 1.185224476826251122e-01 6.444026635091048005e-01
5.876365731657442470e-01 1.677686329383525632e-01 6.125983819841844813e-01 1.602469911453210383e-01 4.711522522848099470e-01 7.936451558437324083e-01 5.901823236047909482e-02
9.719845537621889520e-01 3.353743035470267975e-01 2.070382381403593763e-01 9.311231747825711169e-01 4.790393277071416378e-01 9.289232243090075336e-01 9.777656578381372920e-01
7.164561615666283079e-02 5.121141563731045343e-01 4.141367450600055844e-01 1.706545585240578644e-01 6.212601205334067345e-03 2.952827704796821551e-01 6.874116541642186218e-02
1.615245300200713885e-01 9.136097487609495804e-01 8.009811626076109858e-01 4.487517019627620396e-01 1.577739019412547350e-01 9.114655072522332979e-01 7.956013103760368743e-01
2.895948177825745651e-01 2.614481453829631818e-01 3.584608853577209708e-01 8.582850927547169828e-01 1.981329126283526421e-01 7.073755122815795771e-01 3.974740506085259195e-01
3.463290900155672758e-01 7.204245085852744035e-01 3.571291887645290930e-01 8.405443865902428868e-01 9.118935165461152792e-01 9.195855775622359118e-01 4.839161049149843796e-01
8.755269733000504706e-01 6.280838937287135382e-01 8.651890875565205752e-01 2.171924514499558589e-01 8.587669571861624718e-01 9.803520892090852312e-01 8.187878187333164082e-01
6.226104590507451908e-01 8.022752160863310111e-01 6.674116411308703700e-01 6.074005754008167113e-01 8.705416016746312380e-01 4.956536113015582723e-01 7.764093258925364172e-02
7.019682644088285350e-01 5.035791401626166230e-01 1.777347598786645777e-01 2.310544531369742027e-01 3.945570916403084993e-01 7.255003238451980252e-01 6.250993880079069864e-01
5.992734590731827460e-01 1.266151740749782983e-01 1.632976079562704075e-01 6.121658653262538330e-01 5.488136282656341791e-01 1.855673386487652343e-01 6.966081056273600858e-01
2.607850801328506218e-01 1.810581396367797469e-01 1.614802910117447143e-01 1.544162852426541610e-01 8.202133658342063427e-01 2.715715946950473247e-01 4.390707927748926931e-02
4.501694846190656962e-01 7.649828184406177733e-01 9.246260623505188070e-01 3.277374969856493014e-01 4.004762296099215746e-01 9.511532759246662527e-01 6.816178308569000033e-02
1.704719102952184095e-01 8.551634521972582004e-01 8.492533874638353852e-01 9.289776932308897450e-01 3.467439347878098488e-01 6.288320388467378841e-01 4.952815259769381417e-01
5.504106331696855259e-01 5.456391572274277985e-03 5.133333802728836659e-01 8.735062470897752007e-01 7.022822394501417875e-01 4.616798520060984568e-01 2.703774262068457945e-01
1.447489258372802734e-02 9.940348049171602307e-01 7.971487161153494316e-01 9.826675510282537607e-01 3.642439916729927063e-01 7.709473771668569064e-01 3.918717079555835703e-01
8.507418396098171964e-01 8.012897104914346036e-01 1.012649378436439179e-01 9.233967791551614956e-01 3.880128678865730762e-01 9.397949784149255414e-01 4.432198479368384403e-01
5.303095498687919740e-01 3.772680261640615762e-01 9.027871608217571398e-01 8.829886873298950500e-02 3.282295102253556252e-01 3.542410748957688371e-01 4.258700619531832765e-03
5.869791319574518829e-01 9.812995630036865924e-01 9.911332488055220047e-01 6.625535761943874835e-01 1.896208408288657665e-01 9.785599959781906554e-01 8.206047098795250794e-02
3.244140251358676452e-01 2.665717486393041624e-01 6.586313228020556076e-01 9.683183140086055740e-01 9.735492561012506485e-01 5.547368154303848886e-01 9.676832505618504499e-01
4.707627116110078558e-01 2.835717482965318670e-01 8.705535708349636526e-01 7.635881237098122165e-01 7.245075548999011517e-01 6.964974093107521025e-01 6.029124855161335228e-01
6.308948031441835580e-01 3.804225807353632249e-01 4.428458800281794838e-01 7.574799420574389597e-01 1.154814884066581726e-01 9.769405846930617754e-01 5.418588598912489340e-01
5.048551036623659671e-01 6.234990541206756332e-01 7.613357747780183926e-01 6.623264121207260713e-01 7.334776215720921755e-01 1.846045354020416918e-01 3.819062132455824377e-01
7.943183258227533017e-01 5.480060043460058816e-01 8.876094819144009218e-01 7.250498717613917954e-01 7.058854056522250175e-01 3.973931124185770547e-01 6.544802294012987132e-02
7.273961133356691977e-02 3.250094883353150110e-01 2.440266991015552500e-01 2.635371927462207831e-01 6.240675586741417646e-01 5.764502004835611038e-01 6.233832897432980413e-01
7.794274430582409652e-01 1.074718270561126759e-01 5.438685918701442468e-01 6.967055136329549647e-01 6.500726332888007164e-01 7.593939354189570556e-01 4.154184672998366690e-01
9.042371959425767880e-01 3.213039039383453477e-01 8.287783948745376383e-01 5.497857153615324233e-01 9.738430262077599764e-01 6.687314094490849348e-01 8.977854343069153753e-01
2.996877928326380225e-01 3.111231075857342487e-01 1.925383804415562172e-01 9.851823881761826440e-01 8.737788726575672626e-01 8.500676524731330952e-01 4.538498502255636780e-01
8.081536698704291921e-02 9.770049391328881061e-01 9.424874711305286645e-01 5.067262497298177237e-01 4.170604036189615726e-01 5.427376815263829091e-01 9.650199791370656088e-01
1.951320480081226161e-01 3.505157739371706493e-01 9.126108372925367807e-01 6.308802346741125035e-03 5.473514157347381115e-01 8.543414524060296555e-01 4.664302838224858583e-01
8.740960660537085980e-01 7.799369511103713126e-01 3.852556039357318135e-02 2.023361555923925692e-01 1.711077149957418442e-01 7.439487376078722791e-01 9.174104376973847286e-01
1.121136626866786473e-01 8.760705833095890904e-01 1.867520117318501316e-01 3.999771511291322357e-01 9.788197723682969809e-01 1.098911564621605913e-01 1.373915588300021473e-01
6.635202466449339198e-01 2.260152455411315320e-01 6.038940827927576915e-01 9.318299731067013481e-01 9.834712985903024673e-01 1.457702561484341963e-01 1.480022073652118020e-01
5.400611851984975509e-01 3.801274023990238171e-01 2.970620443135326139e-01 4.447316404082617414e-01 2.224209692794829607e-01 2.925985237826351781e-01 1.146686367857184669e-01
7.978701242838581731e-01 5.421727587822488398e-02 4.301254877845661073e-01 1.422069959436231545e-01 1.590788261964917183e-01 6.691939948814171757e-01 4.189623953672400591e-01
9.905508920238755843e-01 9.972291941476878474e-01 9.668215761090972471e-01 9.902273957016843875e-01 8.877179676201194525e-01 9.742019770660274025e-01 9.060818525751946906e-01
7.545760350229651081e-01 9.053444597714207509e-01 9.558354863465524653e-01 4.265219835823410577e-01 2.431051305029541254e-01 8.180488208139916617e-01 6.565945248028599579e-01
3.690071101767567474e-01 4.063988263436688064e-01 4.207713358718029872e-01 3.461782780071808729e-01 1.310421354137361050e-01 5.034695162032001847e-02 3.826576554377287276e-01
5.609834011343567406e-01 5.884077956893994932e-01 2.784044735588663277e-01 6.661772255331735448e-02 6.244661563541740179e-01 3.086742380195541813e-01 6.372982568107191659e-01
3.559324743115181433e-01 8.036168266521068748e-01 5.833610760831257069e-01 8.884318684228587060e-02 5.198225858621299267e-01 4.133838398515478629e-01 3.427998656940435263e-01
6.698575915002262793e-01 1.783690438464231587e-01 4.243860500904075850e-01 2.984727667546704932e-01 7.997891767881810665e-01 8.572670493771430422e-01 3.563006335828987070e-01
9.689248901720429741e-01 9.701219827265799012e-01 9.590104241249934880e-01 6.847353503362696436e-01 7.331543737091124058e-01 2.044465025372388112e-01 4.568069900237761161e-01
6.427070146346781643e-01 9.575593221380315212e-01 9.078638237732753469e-01 6.836520027667790655e-01 9.516500642057508230e-01 7.415013762483786408e-01 9.542836774530943922e-01
3.907303509604757030e-01 4.688023352560791168e-02 6.112978853601883644e-01 3.330979520413551165e-01 3.068957908544689417e-01 1.137008084499196436e-01 4.082054478945127962e-01
5.914530486131937964e-03 9.926007414219182312e-01 8.861989321970294986e-01 1.221034326815101378e-01 8.659564538393169641e-01 1.064695146459553390e-02 7.341429870075135700e-01
9.954608736235416588e-03 5.680474680707582325e-01 5.384545602782316864e-01 1.163551550888547725e-01 3.097340597305446863e-01 6.793097276030803100e-02 5.279091313079401493e-01
4.625258585059960348e-01 8.083880953988911156e-01 3.146881620266850921e-01 3.645119980319956876e-01 4.652636875398457050e-01 6.437007742739506710e-01 5.345801061060941883e-01
7.263582520940864429e-01 7.721499629397599040e-01 9.351617627359872786e-01 6.044624929417738990e-01 9.131007436662912369e-01 7.217044334150582996e-01 8.746273499198358170e-01
3.622813510432943418e-01 8.064843552491692824e-01 1.313459879212761361e-01 5.972903616462704735e-01 3.949028586503118277e-01 7.394851939554307751e-01 4.933638617702187368e-01
9.518946848068781108e-01 2.752080163801716162e-01 7.725789776883138504e-01 9.679767208523063493e-01 9.494430972263216972e-01 8.781018646388967230e-01 5.516886304983495970e-01
7.214480446849689255e-01 6.242812093771002990e-01 1.514493270268721381e-01 3.706538235670461812e-01 1.590246926061809063e-01 5.444872550109349646e-02 8.807664765227338766e-01
4.265379718335717829e-01 1.082111455315168114e-01 1.176991172577127910e-02 3.234346634063088866e-01 5.701666458044201136e-01 9.538434374918176584e-01 2.821076355457206586e-01
1.547709489133058669e-01 3.750415872080382629e-01 5.437386412583016249e-01 3.674740911390169534e-02 5.404483415186405182e-01 4.698980512920674091e-01 4.733011585102045449e-01
8.938501887400842616e-01 9.473427579459776648e-01 9.783963159453054059e-01 7.376461423038254139e-01 1.480961218476295471e-02 2.948230132119592506e-01 1.189533651833464406e-01
3.157973073407372988e-01 8.286301300590679375e-01 4.084359780280361063e-01 9.382764169005642918e-01 2.937939013354480267e-01 7.488348923089834797e-01 5.942578947526280242e-01
2.661984257810871557e-01 7.385727744020040841e-01 6.142679625186443504e-01 5.247166034264016954e-01 6.542361888568848372e-01 5.162527066415485422e-01 5.085487267945949519e-01
2.952719184625947069e-01 1.331445244991709131e-01 2.281485514398214065e-01 7.603876715071592463e-01 8.784458832815289497e-02 8.836435411885468216e-01 6.814012694848285978e-01
8.666025913950575754e-01 7.286581187880404320e-01 8.582463192998787127e-01 4.254803761035819143e-01 7.519844996277242899e-01 4.017277657922861955e-01 8.899432730378525891e-01
7.368999565397630347e-01 7.616710821702565859e-01 7.156277422820862544e-01 7.710929900773835222e-01 6.573738423176109791e-01 7.533654139527884430e-01 4.647072550758961085e-01
6.879131030962771787e-01 6.534723829429243125e-01 9.580153040560938082e-01 4.855394591547235184e-01 5.738436246756464243e-01 3.616833017083424806e-02 3.800531968899523716e-01
4.178353873600192392e-01 2.419987660192026435e-01 4.508161132547666150e-01 6.585834441106887607e-03 3.601622120477259159e-01 9.096748324103870464e-01 6.579303937826634918e-01
1.521479508066416186e-01 2.045465600451197227e-02 4.060875179746934816e-04 5.267698162583646371e-02 8.924811636097729206e-02 1.435382106895686551e-02 7.181441473229791539e-01
4.975233778018517961e-01 2.604276197540292825e-01 1.005861159009208139e-02 6.573184718568033658e-01 5.270173868630081415e-01 9.307227274351108637e-01 7.051457693835341267e-01
2.454170388489779753e-01 5.830887556069886957e-01 1.297700648402993484e-01 8.659114984859954678e-01 6.784563662949949503e-01 9.773565736772602541e-01 9.568653828688588048e-01
7.382386975581243238e-01 7.558862989233633423e-01 8.655411252110304376e-01 8.859464899232452062e-01 2.501379176974296570e-01 8.626986960307742036e-01 3.159303646069752669e-01
3.330727278269229319e-01 6.095109239647622523e-01 3.217228809872674233e-01 5.146473379122503689e-01 5.874459710903465748e-01 5.044768353207720324e-01 5.912758653985236146e-01
7.777828200894905120e-01 8.840451319457127699e-01 6.618900310789331831e-01 7.761461925430005460e-01 7.254269712138921022e-01 9.168729361366388941e-01 9.551549934852269219e-01
4.111589229816235980e-01 5.115442236087043293e-01 6.238987737570609315e-01 7.098563353919055130e-01 7.327988224569708109e-01 1.330022858131589825e-01 6.703989132091354719e-01
2.518427882976059240e-01 9.252943111646420027e-01 1.464268784940936895e-02 8.162610101370996185e-01 5.103534199297428131e-01 1.794708550525697111e-01 4.582275652790324671e-01
6.378492548428685849e-01 6.448286998371628442e-01 4.903872103862354503e-01 8.724220875040105128e-01 7.979776889551430941e-01 8.609819619151944936e-01 8.828932204711881226e-01
3.681013139072297075e-02 2.739241969282438238e-01 1.706486825806072527e-01 5.884816509617701863e-01 6.913980101235210896e-01 5.618931653760809164e-01 3.399737993292379357e-01
2.933979472461705207e-01 4.942559983730674955e-01 2.359324133998078610e-01 2.283723943619265229e-01 5.505340991076081991e-01 8.484073931211522090e-01 7.115203798142100133e-01
5.029352918054843524e-01 8.229443049724474712e-02 4.230422540680569554e-01 8.543446420274557196e-02 6.750796944834291935e-02 9.307943015071248327e-01 5.017968100632004269e-01
1.987290273973802424e-01 1.216016347539087133e-01 5.780088527536301202e-01 1.119572854838266074e-01 2.066124198026955128e-01 1.690119305912400061e-01 1.571838843406905828e-01
1.577488661882388010e-01 4.627127621922775824e-01 7.378922303912861802e-02 3.138823116676044411e-01 7.049833780620247126e-01 3.939474756509383502e-01 3.366901313583433031e-01
7.656553836978158278e-01 8.385311874678995636e-01 8.517065063658109114e-01 5.336332727758896083e-02 7.876784603577107191e-01 3.817615311339132012e-01 7.640683150969840298e-01
7.766742705455239593e-01 5.113997872889002316e-01 9.198521094921499053e-01 6.845514302049034161e-02 8.083207271993160248e-01 4.330944198558195901e-01 5.422689608928346061e-01
1.172821589064526326e-01 9.621900918309653772e-01 5.150256382098342689e-01 7.465009883177017302e-01 3.829392530024051666e-01 6.019370803535807335e-01 7.291303844397725165e-01
2.028744074237647521e-01 7.439177906819396391e-01 7.667207298051773590e-01 7.203171247883585204e-01 5.738349989987909794e-01 7.774115630831786028e-01 9.363689727580850608e-01
9.434513007252944838e-01 2.272616607053727089e-01 9.591589857923731310e-01 9.939687218410465652e-01 8.024759648833423853e-01 1.744808272359851531e-01 4.623290949752955070e-01
1.471414967902717474e-01 5.153238885732452923e-01 2.927553433536301264e-01 2.951135698290964782e-01 7.764901567716151476e-01 5.562370943773353033e-02 3.892554040585623487e-01
7.233484653292781008e-01 9.416713969065627632e-01 4.412114646904338744e-02 3.273606092531761158e-01 8.922029605600982904e-01 2.101852680744743795e-01 8.861040044173220664e-01
1.234636458895865818e-02 9.784530701941648312e-01 9.651283212805606970e-01 2.954460040236816056e-04 6.808256944641470909e-01 4.411700329273020582e-01 8.166556976384814481e-01
3.746484094734631731e-01 9.835493940769340915e-02 1.986772057304404815e-01 5.676417456516023030e-01 7.739518971648067236e-01 7.154480890911619761e-01 2.008192651263040474e-01
8.010192721818267803e-01 7.114568745571948627e-01 5.367915938166685219e-01 5.964641077000240044e-01 6.256871437653899193e-02 4.998734105693633523e-01 1.310948090348632022e-01
1.379926733328925258e-02 3.602753697081931827e-01 1.921452619367360060e-01 2.141094526096017428e-02 8.299064536113291979e-01 6.242969279276596728e-01 9.525205804745093818e-01
4.487407131904495028e-01 1.035604950211928450e-02 5.724400437050348733e-01 4.572718049850147959e-01 7.697787811048328876e-01 9.642386796591457809e-01 7.668376682899609165e-01
3.473361177030441227e-01 5.515395703069015942e-01 3.874199306659643627e-01 2.312964247716118860e-01 4.058027195278555155e-01 5.135076817821480066e-01 3.086830365347539296e-01
2.574449198544580542e-01 7.391363041842468062e-01 9.307109429496708275e-01 2.268237742715854266e-01 2.588681641500443220e-01 3.620324169605573239e-01 4.261751776172046369e-01
3.567591367589757478e-01 3.031742817520628394e-02 1.583875816732759900e-01 6.716389543610835899e-02 4.042296670377254486e-03 7.387967191008616707e-02 1.116175655012177220e-01
2.660311097008620229e-01 3.375039267003563381e-01 1.680333778560296198e-01 1.679475974367082014e-01 1.298668002709746361e-02 4.816420927408234798e-01 1.555290241146562759e-02
1.698878893816342661e-01 8.714417656548794078e-01 7.653593410880101811e-01 7.772565673185071189e-01 9.533327557146549225e-01 7.790257674484897255e-01 5.722846704102776405e-01
8.528508799898056880e-01 4.214086783907026734e-01 4.782495350459846639e-01 2.799203386921897962e-01 3.721237888094037771e-01 9.808300992775782767e-02 3.457401668209297840e-01
2.513965858426274180e-01 9.383525245798668424e-01 3.597619528722061921e-01 6.860971921999132750e-01 8.841903347056359053e-01 3.592112210865993638e-01 9.027984792619863086e-01
5.251718785046552984e-01 1.556700163458048791e-01 3.696852274984621656e-01 1.170564823445362362e-01 6.207991945557296276e-01 2.879275383807179955e-01 2.374258832070557518e-02
2.339231278083403476e-02 1.975565749011592154e-01 5.737390066073051742e-02 6.960517629980100818e-01 6.355028413236141205e-02 1.251871806408124121e-01 3.761720079843936526e-01
9.426029704630399797e-01 9.067288334189415044e-01 6.277591388955225948e-01 6.640990120192072910e-01 1.387063462752848864e-01 2.227111645261536377e-01 3.082729385956216595e-01
5.608304304524404094e-01 2.376949601224513930e-01 5.263713440528311471e-01 2.431610414032714940e-01 3.767062444239854813e-01 1.778944578947942445e-01 1.810503504546056575e-01
6.608298764794616753e-01 7.294867801772473292e-01 2.932526716943580428e-02 4.272539334697570412e-01 5.657042586244642735e-02 1.614459314399051826e-01 3.493887279448772976e-01
4.584167886762156585e-01 4.805445981231044050e-01 7.065412803403803288e-01 5.190900299686067587e-01 3.256699228659272194e-01 4.207084941650342524e-01 3.546910242804780511e-01
2.660399645792699622e-02 1.414311442345282110e-01 4.745453545317716570e-01 4.965346619889311475e-01 3.195858926046639681e-01 1.617461171661698782e-01 4.818160357729310839e-01
3.707143649115884898e-01 8.598057540273936761e-01 5.258441300209077962e-01 7.600590904114150614e-01 3.621267708949744701e-01 5.760908849445476321e-01 7.039115707544369993e-01
6.430662129661893767e-01 6.145506839083010320e-01 5.939021987859983975e-02 5.638254183583183421e-01 3.520456473343074322e-01 7.621687420017894121e-01 2.961588433849263180e-01
1.694466365372200300e-01 5.385612875563289270e-01 3.020518340276505675e-01 8.762954360094583617e-01 8.567439042963087559e-01 6.819611155703078076e-01 9.190464650936104318e-01
1.469515949149291234e-01 1.077361928266662577e-01 8.634124780924611053e-02 4.335400017266831107e-01 2.708120259921997786e-01 6.544320830639663300e-02 7.935910575182122950e-02
1.043278334932862955e-01 3.740735259504832100e-02 2.201197229901291630e-01 7.909862836858156943e-01 4.358801161870360374e-01 5.356817570821546109e-02 8.171260428596219816e-01
3.877425283358874042e-01 7.971358501623300175e-01 2.831715915599023470e-01 5.254156930521712843e-01 5.353331053629517555e-01 9.675922230767307619e-01 9.438067277174886360e-01
7.908867829377470571e-01 5.294112967892672383e-01 9.575051015452743508e-01 8.797673855022295486e-01 4.927731330972164869e-01 9.817552764640703478e-01 5.865737065576287490e-01
9.523348675364511351e-01 1.363853576557967325e-03 7.480868704695758931e-01 8.897168649927136297e-01 9.461547667160630226e-01 1.140215250463765539e-01 9.423628704046080884e-01
2.932467245050074944e-01 7.071510371204448031e-02 6.690854034624524882e-01 6.351311954470304499e-01 3.926479902584105730e-01 7.315732473457457752e-02 1.701785604291098375e-01
1.076658638457912709e-01 8.574511833525078064e-01 5.103067329157610077e-01 9.331166355893679709e-01 3.556754163000732660e-01 7.039539118985598254e-01 6.941094754487621143e-01
5.070636359216889044e-01 2.845375433839307244e-01 7.035577255830755342e-03 1.944794577321180273e-01 8.849647175520658493e-01 2.591804359931480506e-01 4.603241506275470435e-02
6.015569027145936110e-01 4.495018987024840956e-02 2.751826490942896331e-01 1.584354724792585434e-01 8.501945389434695244e-02 5.966457643915194786e-02 4.890521905748680953e-01
3.957212203512143756e-01 2.799351370743740075e-01 2.484798844250077632e-01 3.658090385184772919e-01 8.639103011228144169e-02 3.589357179403320774e-01 5.686765026582417670e-01
2.034460989524863039e-01 2.425714819297372302e-02 2.108152100377654881e-01 8.196505104701669042e-01 7.322549866512417793e-02 5.733521902680192017e-01 4.888641888035074601e-01
3.064955207747209753e-01 7.889668012332901048e-01 8.137580504586691688e-02 5.170460247467120185e-01 4.457499317359179258e-01 6.896316165268935316e-01 3.781571278516803192e-01
9.145141395184354371e-02 5.333823358307796525e-01 5.601297521045013328e-01 5.834128413025003734e-01 1.337409371044486761e-01 8.726312569464186319e-01 5.480751265761913960e-01
9.977553917998726041e-01 7.039154873700902149e-02 8.735664799822052684e-01 8.241046822252569015e-01 9.495194824412465096e-01 9.848646280251097673e-01 9.818481676038198769e-01
9.208624131981703043e-01 5.927877804911769744e-01 4.568252182948913109e-01 7.347629497388591391e-01 3.578355968929827213e-01 5.834182916020570486e-01 7.283309717733486011e-01
7.766453782735758260e-01 7.065662390039165741e-01 7.965118484538893373e-01 1.611115302445660924e-01 8.292090713512152433e-01 7.738746261489137801e-01 6.180437350729346413e-01
3.759039152787236882e-01 6.123280859260425979e-01 4.384379869167572830e-01 9.134791925050745887e-01 7.866067590657621622e-01 9.056560382080521832e-01 8.650982430620234309e-01
5.441374661180404804e-01 7.070187650738715135e-01 4.977037585680382237e-01 9.602245845812380498e-01 6.254371721297502518e-01 4.238487187818812951e-01 9.445873925263043036e-01
2.427881327234184816e-01 8.473806963777587298e-02 5.638564420236431146e-02 3.185776130587218424e-01 4.569589444436132908e-01 8.340249425205870093e-01 7.371291273496098917e-01
8.975963038958819640e-01 9.452617627936932276e-01 4.720540567732926518e-01 9.881190219899996796e-01 1.593745662830770016e-02 9.803983705374690327e-01 8.458756488153518216e-01
2.439659837373046869e-01 9.511353720565747238e-01 5.758427014053095760e-01 3.558282960140280449e-01 1.587444022297859192e-01 8.233225543341352592e-01 4.797936441104642680e-01
1.483110131127010622e-01 8.918766650513665351e-01 3.732329592802339224e-01 7.721844672772020246e-01 5.311319609172642231e-01 4.953660454036166172e-01 6.461491883717127571e-01
8.404901792693563189e-01 1.294779934375060899e-02 4.399725973423274095e-01 5.734831960314504817e-01 4.910634718835353851e-01 4.199924934009054978e-01 6.810961257831227300e-01
7.056852935112858383e-01 2.908354237261485675e-01 5.612896428668104898e-01 5.931053138619020171e-01 6.253430335782468319e-01 9.397923947989476889e-02 3.745344421235545784e-01
2.358156820310676124e-02 7.418843230904513808e-01 2.171196156735632488e-01 4.317120092732663617e-01 1.052309747319668531e-01 5.540032577760855940e-03 3.296117175519567288e-01
3.478712659058982304e-01 4.824664750397241741e-01 8.118188860506314608e-01 5.427891556040647103e-01 5.532873386982828379e-01 6.234551585243581773e-01 5.133143273080220670e-01
6.396851969405658034e-01 1.423864031230566152e-01 3.672481042170654408e-01 5.314825075818404576e-01 2.174965117592364550e-01 8.128422631834845147e-01 6.751706044624488090e-01
8.688941638238744103e-01 6.891344271541719468e-01 3.603384677668647895e-01 6.875315241170750769e-01 4.163097143173217773e-01 9.070559816252410368e-01 9.295037410146309020e-02
9.583626224172475672e-01 8.252370585707901052e-01 9.655854336511943137e-01 8.916720915520488511e-01 9.269488353747874498e-01 9.632613311300762815e-01 9.412892055518286005e-01
2.870189018052437535e-01 4.534672052949697413e-02 5.320559593506358764e-01 8.384318539027657557e-01 4.886750788427889347e-01 1.499376773103102967e-01 7.003367609584204567e-01
9.765098720586022907e-01 7.187853242638612139e-01 9.982304070624906656e-01 4.285012737595326748e-01 9.336321039590984583e-01 6.118448010091313005e-01 7.918847283651059277e-01
8.270508759350995165e-01 3.033173810248913638e-01 7.954459380137700597e-01 7.726138706923983968e-01 6.001214268617331982e-01 7.640850807898603714e-01 1.403671198367442974e-01
1.554241874086962072e-01 8.363645629806963910e-01 7.498141517954063362e-01 6.353739505910812602e-01 3.663451755419373512e-01 7.100922391061141870e-01 4.289821120984494557e-02
2.161373088874788684e-01 2.521251746813951145e-01 5.755080918827640835e-01 2.027872159877098235e-01 2.920539842452853918e-01 4.929597770419552605e-01 3.880534222112279052e-01
7.756794761800800408e-01 6.576227692118420398e-01 8.534482872665253295e-01 8.068644799158495307e-01 8.634284883737564087e-02 6.725565222485193617e-01 4.986040935726740453e-01
5.058210424139835126e-01 1.492095845916198704e-01 2.738460958350600882e-01 3.531145342400651699e-01 5.301830444950610399e-01 1.977822929928426121e-01 9.022000563860248235e-02
1.178646293378269629e-02 2.598112516616837148e-02 5.165236112895290610e-01 1.633101278161126768e-01 1.738465062808245420e-01 6.898863058573529994e-01 4.679783868545340786e-01
6.559778520617359776e-01 1.924064610759597949e-01 3.444210920599625747e-01 2.812564585557028943e-02 2.151536641176789999e-01 6.983356316861799584e-01 2.824951826623265869e-02
6.931691441119062214e-01 2.860454796065218380e-02 8.595118530291255832e-01 2.475375918429497391e-01 9.927936738822609186e-01 3.499199710409387487e-01 9.627406332759053109e-01
9.684552314762375769e-01 8.597238885797997554e-01 4.890538649518768599e-01 6.863729801199022207e-01 2.517070206813514233e-01 6.785992877797342171e-01 9.038048862335796851e-01
4.359929480154372539e-01 4.847709305598712493e-01 3.126792045146279536e-02 1.942892718843357847e-01 2.573482168372720480e-01 1.717103459350098338e-01 2.152330668228270572e-01
4.834431065624472112e-01 8.015026408203181907e-01 6.514539578038492929e-01 4.689429571665620355e-01 7.536203458439558744e-01 2.596212069414047807e-01 9.341052830524797512e-01
1.990967035778939964e-01 4.705839224766090734e-01 4.578380783257353648e-01 7.339362463514651491e-01 4.276313607115298510e-01 1.893308024964896752e-01 7.967050271782647464e-01
2.133374697224639238e-01 8.577081906406600620e-01 4.567686676365699250e-01 7.341790659800390140e-01 3.004520745016634464e-01 5.017720377711432089e-01 6.320823803978432576e-01
9.451380098714183831e-01 5.360687407920402547e-01 5.893772388904779946e-01 6.736420733069958811e-02 4.029600797221064568e-01 1.084426704096833061e-01 7.469442292221020185e-01
2.168185110073861943e-01 5.781215034484303850e-01 2.125068138443367283e-01 6.543129816327625248e-01 5.057161038275808096e-01 7.461992195789116655e-01 7.995003149293482547e-01
6.911168207406422903e-01 5.050146091683102023e-01 4.062824670593149778e-01 6.184486297149565104e-01 2.846302341204136610e-01 6.443152161635709030e-01 4.231864592419982141e-01
1.391651497354774447e-01 9.225386580890708454e-02 5.610219947879780955e-01 6.320476816195488290e-01 1.724834186024963856e-01 2.497490548985657477e-01 4.581734758282622888e-01
1.963706074663456591e-01 2.802337015387859620e-01 1.595558487420650762e-01 3.810085270363657711e-02 4.353164015337824821e-01 5.616387097440720400e-01 7.773165692237234969e-01
4.262126918898688221e-01 6.980682931056733098e-01 7.724983827045572848e-02 2.620422260842477091e-01 8.477864905726164579e-01 1.894974701134787276e-01 1.779174735162115106e-01
2.349702938659501694e-01 2.490539769537826464e-01 1.246452126793504145e-01 8.861642499638552883e-02 7.190023397561162710e-01 5.790031527517361942e-01 4.146252337153870093e-01
7.832488113244132633e-01 6.387700332456471841e-01 9.303093572090698204e-01 2.753219271115469463e-02 7.388316632714122534e-01 9.099516557787455939e-01 8.662533887042338510e-01
1.766187300395568038e-01 7.184833071411719230e-01 6.018786774282168794e-01 1.107386623949574572e-01 4.166177788283675909e-01 7.864467633505828337e-01 5.219530609130197396e-01
5.353144106808517266e-01 3.793379462157735194e-03 3.126727658625413474e-03 1.646002358712693805e-02 7.621934125199913979e-02 5.294807254814016817e-01 5.496178650404006522e-02
1.624098418135619670e-01 3.758638877522217370e-01 6.326568316630803990e-01 3.448052514197347262e-01 6.227550590410828590e-01 6.301575688242678774e-01 3.582763907105050022e-02
2.769676034348800275e-01 6.487509914492280982e-01 8.413264095194264991e-01 2.847062305282412886e-01 3.132544292602688074e-01 5.175907182017644992e-01 1.360005708133407432e-01
3.430465122775441019e-03 4.736443251760035222e-01 2.053525153424976546e-01 2.113747513563048186e-01 2.881210157647728920e-01 6.944379678618406437e-01 6.293626869042331928e-02
9.959098651240740896e-01 6.462985278515674947e-01 9.144196385818963435e-01 9.892158206329553227e-01 8.798567072954028845e-01 8.320021971503018809e-01 9.821953463241969162e-01
6.683540492386372267e-02 8.874653929315284850e-01 2.634319806379398221e-01 7.374678264204591605e-01 3.873240649700164795e-01 3.250766670453473783e-01 5.177953633210300929e-03
1.995924437609686297e-01 1.565081583247838193e-01 1.290655246118892763e-01 5.834730514026028464e-02 2.928492587525397539e-01 4.595354191819520651e-01 2.386001548704509145e-01
6.401914833956057205e-01 2.346659409475824742e-01 8.083385268822653735e-01 4.375711011368194625e-01 4.496479909867048264e-01 4.963914448807965063e-01 3.362111073868817024e-01
7.651619014856121392e-01 1.775968567581556745e-01 1.791250945480482581e-01 4.259968293459811539e-01 6.334134687203913927e-01 2.068598520790979611e-01 3.495086523717504945e-01
3.353803115570507809e-01 6.426585297415849940e-01 2.213647373312995770e-01 5.795611350252343613e-03 3.177890989463776350e-01 2.517826626524938827e-01 5.456753473443871627e-01
3.037965947897224295e-01 4.078738879785881455e-01 1.321204838504945467e-01 9.461237589319981822e-01 4.610067117027938366e-02 4.401383749906390142e-02 1.381480027027942765e-02
4.841124207680217451e-01 1.897065251823657206e-01 4.863713655665025115e-01 8.015452035344159398e-01 3.890494676306843758e-02 4.515870926966828458e-01 9.095697417727026668e-01
1.318377138899282375e-01 6.411619115171275640e-02 7.550367070008470183e-01 5.298536833684026198e-02 1.347986361943185329e-01 3.770233046282757128e-01 1.820604593495172424e-02
3.648732198018700967e-01 4.681824053705899158e-01 5.814840244205656816e-01 9.523605699673404201e-02 6.954689458943903446e-01 7.042546062630390402e-01 1.597466493602800464e-01
6.023798769642056961e-01 6.982160080680386294e-01 1.700885844643295897e-01 3.409223817089180875e-01 6.275968269910663366e-01 2.554920370669138685e-01 3.912641417954429435e-01
4.563269834622711851e-01 5.960308369853036803e-01 4.375107641815991766e-01 6.941588270626070090e-01 4.529607915319502354e-01 1.165701911693697163e-01 2.738685016836249209e-01
9.926894389218592352e-01 5.700417942033346730e-01 2.179664500931318416e-01 9.761751335001167540e-01 7.298860885202884674e-01 8.573284751713678986e-01 9.042111270180787086e-01
9.391064171494669655e-01 2.663106010235881671e-01 9.566519857362032475e-01 3.747731675906282311e-01 9.876995801459997892e-01 4.509079706274515265e-01 9.875593756024328984e-01
1.840735019961135810e-01 3.726256286399130535e-01 5.609614910691735901e-01 1.536212053464192928e-01 4.378201479557901621e-01 1.090799789122296054e-01 5.367265891933704625e-01
2.135592469225007506e-02 5.169208491451364740e-01 4.717957771937693612e-01 3.935000456775032962e-01 3.337430097162723541e-01 3.896916276127303513e-01 5.614684047941147227e-02
9.931663741892298169e-01 9.970604086133761923e-01 4.630381899235782028e-01 9.587938464930704230e-01 6.262270398437976837e-01 8.954282457813559359e-01 9.485656068516264972e-01
4.311945878834078649e-01 9.403971040506048373e-01 8.154762217901709853e-01 9.261305986368446597e-01 9.501225512940436602e-01 9.335888086525352680e-02 7.579641060292022781e-01
4.383741414744134479e-01 5.758314213549813321e-01 4.745984186215781997e-01 4.342978954544503001e-01 1.157160862348973751e-01 4.977809508881565481e-01 5.864483896231994370e-02
2.458779563834995741e-01 8.310828813816310834e-02 1.834552545851346125e-02 3.664050012927502070e-02 4.018911849707365036e-01 4.849712790039895083e-01 2.374447988266765175e-01
1.543835557620244596e-02 5.966708212879540119e-01 1.218727665090776346e-01 9.488019789619001054e-02 2.644162387587130070e-01 8.776227042194294226e-02 2.733760461880879733e-01
4.800034221482316066e-01 8.319991388326297699e-01 6.067872986894216059e-01 9.238521036141664755e-01 6.286232226993888617e-01 9.660090569255312676e-02 8.120850584884872214e-01
2.017574957090466914e-01 7.089714949847647496e-01 8.172089864923067770e-01 2.868719617147644230e-01 7.693249143194407225e-01 5.137109436823334985e-01 6.992543157107097285e-01
1.926915072911780935e-01 8.927921858299782132e-01 2.831649665086854312e-02 9.505130897791485012e-01 7.777502737008035183e-01 7.531958996106496995e-01 1.736912032968815703e-02
8.952097052441340130e-01 1.264378479344464012e-01 7.732558806649399985e-01 5.970155028151451493e-01 8.819309712853282690e-01 7.733137070735066620e-01 8.990051406113066523e-01
1.614825996971249733e-01 1.433161731319139987e-01 3.753973478867623781e-01 8.114314420677098960e-01 2.212704464327543974e-01 7.028763530400138348e-01 4.325262118794482302e-01
7.029746015268880655e-01 8.148335261368737648e-01 3.449893737457093712e-01 6.786784391648419401e-01 6.548609316814690828e-01 4.369712839164482943e-01 9.181407619632490913e-02
2.720295735497635023e-02 1.740166459538185217e-01 1.990954841915257983e-02 1.185833806699935489e-01 2.770400121808052063e-01 5.117855323731774347e-02 1.542118098566929441e-01
1.152594626545100642e-01 4.254030306930932648e-01 7.924326523293951929e-01 2.565972581102298200e-01 9.598548004869371653e-01 3.652264292510630228e-01 3.096489295219492788e-01
6.042605802197678622e-02 9.230356896053104609e-01 7.471060856175881781e-01 1.679119222839440539e-01 1.242247684858739376e-01 4.276341928502976897e-01 7.251044721797237358e-01
4.163207893932141523e-01 4.997074023910724194e-01 3.371967688086129067e-02 1.420871555186642710e-01 7.267539154272526503e-01 1.012218122902112799e-01 1.180053391185930112e-01
4.936747753658852350e-02 8.703159161214207851e-01 2.242205918318974922e-01 2.972051931299074523e-01 4.846870065666735172e-01 5.472492819691718857e-01 3.093414057283684904e-01
6.728773905222581453e-01 6.115711518878587105e-01 7.637902031254890645e-01 8.775120139104426453e-01 8.396570098120719194e-01 2.873971982425461702e-01 5.522921800420770300e-01
6.471244101613508048e-01 9.345308088802176671e-01 9.131334358880196511e-01 5.440521528909583182e-01 6.792487027123570442e-01 6.366466626486754210e-01 3.819835664612980519e-01
4.205113764797612230e-01 2.057700449102692897e-01 2.212343550764462319e-01 1.321116934647249275e-01 1.175085953436791897e-01 6.030195874834761716e-01 5.371082769453144543e-04
2.686627903111249438e-01 3.474490687768247987e-01 7.862796651518225710e-01 4.498634727065142225e-01 1.713725812733173370e-01 1.329393199839798700e-01 1.114678576596702386e-01
6.450450965225410505e-01 1.485867333605449536e-01 1.092958583352980489e-01 7.680433493355810770e-02 1.106167701072990894e-02 4.347813852644831778e-01 2.107597242174102936e-01
6.131481084267678128e-01 6.022496110465626051e-01 3.211730884022538923e-01 4.655196841151826859e-01 4.946952345781028271e-01 1.387243416582437106e-01 7.081410566811590090e-01
4.294706553438434188e-02 5.300471767694114877e-01 5.700408591134787928e-01 6.384774312266985330e-01 4.098049178719520569e-01 8.885780545643584549e-02 4.132762843780157791e-02
5.629197815612102529e-01 6.398808143975694973e-01 2.603341584672872466e-01 1.298230433001224537e-01 4.637872274033725262e-01 3.990040799510690683e-01 3.475284011347450908e-01
6.407522910727848631e-01 8.665958028113324163e-01 3.511258994077883777e-01 9.464656924797122395e-01 7.190347604919224977e-01 9.051553574969035676e-01 6.761691058711548630e-01
2.684812838960991543e-01 1.823132230988589175e-01 2.572375461685427744e-01 2.467674473245911881e-01 5.154559039510786533e-01 5.307869779336764626e-01 6.320041525511461977e-02
6.809372824556364501e-01 6.585145785745428748e-01 5.593911599877425811e-01 8.538009860105900684e-01 2.693718010559678078e-01 7.043418763836747365e-01 8.599452059342348464e-01
9.408958047421517312e-01 5.553558964598571679e-01 9.951398670858419004e-01 2.981824209769476930e-01 9.880983938928693533e-01 9.968030001199994494e-01 6.799529009876961183e-01
6.323334807969037685e-01 1.733600515350799398e-01 2.078864278478954053e-01 3.854732615083788505e-01 3.260349412448704243e-01 5.889704060557322540e-01 3.899087709145129810e-01
6.523292145338365211e-01 9.142345048811968411e-01 1.854360280771018832e-01 9.251466919327366867e-01 8.162453118711709976e-02 9.846458572004577192e-01 4.467765476779003153e-01
6.441325675099321968e-01 7.408390467690656456e-01 6.342380205205658816e-01 2.598516696120875547e-01 9.253655807115137577e-01 9.595976925943574543e-01 9.653163852518483745e-01
6.534188774984556192e-01 1.774499565915420296e-01 9.816192641041492362e-01 2.092542424547906010e-01 9.590139230713248253e-01 9.049468151032870056e-01 9.614744573650196857e-01
9.571746215631640187e-01 8.934427536368815259e-01 9.741360268145037304e-01 8.635303995736478555e-01 2.321742484346032143e-01 3.581989292818974630e-02 1.506466543890138191e-02
5.774166053283902311e-01 3.895265370100414182e-01 2.313972374217203032e-01 1.110717031504047519e-01 2.723600822500884533e-01 2.964501773795097939e-01 1.613527182883341127e-01
6.041225710356838974e-01 6.729553105838077531e-01 7.636932913429340664e-01 8.548778266450992591e-01 9.084926221985369921e-01 7.761175805985057741e-01 6.639856521119936739e-01
5.340994873965877465e-01 1.318152814518538385e-01 9.659111192394828072e-01 3.406706853407062696e-01 3.565287617966532707e-01 8.283117035246707616e-01 6.457493279733644842e-01
3.137267428524122964e-02 4.432131115205940608e-01 1.436710315757113443e-01 9.816374337402574701e-01 7.248974202666431665e-01 2.093348466916625933e-02 4.990682405077247474e-01
2.602983062896536623e-02 5.049734027979787543e-01 2.607107462911730233e-01 6.406711943173516444e-01 9.855574893299490213e-01 1.174213727293719860e-02 6.731540613265809547e-01
4.803608694837812054e-01 6.125781233039023776e-01 3.232023325855898355e-01 2.672372825855308665e-01 3.100056189578026533e-01 4.349474729140619805e-02 5.670377296942223921e-01
1.697586780600690570e-01 8.592511644902008916e-01 9.011759940900113675e-01 4.343456647215660493e-01 3.622553830500692129e-01 7.464291786719084998e-01 3.602370027617479153e-01
9.882236654155152067e-01 9.869640818510079239e-01 9.908666929793796818e-01 9.887170329249176381e-01 9.954313868656754494e-01 8.800555937517271499e-01 7.910795576241977933e-01
4.043903631688139377e-02 6.537346878657838978e-02 7.691000922153564678e-01 5.485802167809741281e-01 1.190538995433598757e-01 3.059793762411172277e-02 5.795383356632026473e-02
