3.583131208976921833e-01 5.923088246119101452e-01 2.724915861372297354e-01 3.355949348770081997e-02 1.782668809621868466e-01 1.105858306687942799e-01
5.767081071985689089e-01 9.639514963967358296e-01 8.450921071894307302e-01 6.751531544141471386e-01 9.874568809790893464e-01 7.036712472291170029e-01
7.534496727289577978e-01 8.701854347306671178e-01 8.919961528210493817e-01 9.973418896552175283e-01 7.939255941529869132e-01 8.838286640291840301e-01
1.314650492067321319e-01 6.416087752556788315e-01 2.193467676827259016e-01 5.827886655461043119e-01 7.489113215135184687e-01 4.383088448784951408e-01
6.948456980369183134e-01 2.922443336081493870e-01 2.822137929973711143e-02 5.983179109171032906e-01 1.167724175649500901e-01 3.372677116350215054e-01
7.933641559689114109e-01 5.322098384792877113e-01 5.582750307139042745e-01 6.250600623898208141e-01 4.768409385538269762e-01 4.606270443881783638e-01
8.750196746605348741e-01 8.189975958824431412e-01 3.141721444179892408e-01 5.653918122407048941e-01 5.780012955573958777e-01 6.503075340261269544e-01
7.020836485492564227e-01 3.409462522046576294e-01 8.275897073466836895e-01 2.345878679770976305e-01 2.715468216342763474e-01 4.515267863649966018e-01
6.286541564988314956e-01 8.304970115339045389e-01 8.203831701873975923e-01 6.571891624480485916e-01 9.932622214450024245e-01 8.709242927552205416e-01
9.478678413225691823e-01 2.141340025960934146e-01 3.933759986328425051e-01 9.402042964939028025e-01 3.247234230761434914e-01 2.784355155094927689e-02
9.738895168668489921e-01 8.597767808965617320e-01 1.716801446272624432e-01 1.458325586281716824e-01 4.465631064296745611e-01 2.032715764156673988e-01
4.700824535712767038e-01 8.108864061911420507e-01 1.516108356103631483e-01 4.357603359967470169e-01 3.240308648960279481e-01 4.960383700280696778e-02
9.155230603506525622e-01 9.107119899339745084e-01 9.004461292042211795e-01 2.389164769556373358e-01 7.709925363368115570e-02 4.173057032687687018e-01
7.228860211891714460e-01 1.146980697965947898e-01 2.291825132745743121e-01 2.103175120428204536e-01 4.209979119714993834e-01 9.250538640096798160e-01
7.423269982031261982e-01 9.771157712453429900e-01 8.474170964042365695e-01 5.462714261375367641e-01 4.317691604156856933e-01 6.536951563939442655e-01
7.941406382702724809e-01 2.168929336420923060e-01 2.176963726734350568e-01 3.152793254703283310e-01 5.523095441339858080e-01 6.046202533265200296e-01
7.269345471859335328e-01 1.853975007587229384e-01 9.371384738658985469e-01 7.042887799907475710e-01 3.309561589953396443e-01 7.499948900161281795e-01
4.088520674139472511e-01 4.107581052169227420e-01 1.325682714254332317e-01 4.412650703452527523e-01 9.866031888489822377e-01 2.115235231314697706e-01
7.127786325975010717e-01 7.985213998565299232e-01 6.979476353937075217e-01 7.575439049396663904e-01 9.664380852467826521e-01 7.317044432616112148e-01
8.281557793985603322e-01 9.033769206068495983e-01 4.738996356708285451e-01 7.846425774041563272e-01 8.827591508031978895e-01 5.295852532206959395e-01
6.232525992840039393e-03 1.157040452035455053e-01 1.062576034399034391e-01 2.447060956619679928e-01 9.556523088272960917e-03 6.233399756116707324e-02
2.465693729009968138e-01 1.058402060467870665e-01 4.885658182857454679e-01 2.333989010658115149e-01 3.584427383882909240e-02 9.371285832111119207e-01
6.411833013261983849e-01 5.354740485116998849e-01 1.550568538540268437e-01 6.224660109728574753e-01 5.661753733187999821e-02 7.321801170217356880e-01
7.944477423203711863e-01 4.868513312380846059e-01 7.457114561851250212e-01 4.577183511573821306e-01 6.160542723610561433e-01 4.463572126115389893e-01
9.537133738332582988e-02 5.717323022721189085e-01 1.355980385996397586e-01 4.336749678477644920e-01 2.829917670717118083e-01 4.940580170204638688e-01
8.532126949494146517e-01 4.253343559424617726e-01 3.399443426629812359e-01 2.697892787400633097e-01 8.746286874380470033e-01 5.777361230482016552e-01
4.492573816580358592e-01 8.846100298910654081e-01 8.881117400471048029e-01 3.827190217562019825e-01 5.891750511307478622e-01 8.464087157941689865e-01
3.687233756538997875e-01 6.319118834457404521e-01 4.481497812791298552e-01 8.913102326914668083e-02 8.328567037002355677e-01 4.957956413904819337e-01
9.197502824188567017e-01 9.150091177012225074e-01 4.344689901851738756e-01 7.234227533917874098e-01 8.498341234091626450e-01 6.450421426938306446e-01
5.119008633167999589e-01 9.140124200491761552e-01 4.081176666971935707e-01 9.228479827288538218e-01 3.093737557521388237e-01 5.285087930533183265e-01
2.950809052942996447e-01 6.966354399698624356e-01 7.953629764454821505e-01 5.083830375224351883e-01 5.067831230911836737e-01 9.768205001715963842e-01
7.884447702625537735e-01 9.173693982962658477e-01 7.517318533405922265e-01 5.977485540788620710e-01 7.375555720695250450e-01 2.037545005765956374e-01
9.985877441646971719e-02 7.962262573202654181e-01 3.080224356344747338e-01 7.569878657814115286e-01 6.882216718384850940e-02 9.403035373503644268e-01
9.397408533846685064e-01 9.666505317110318796e-01 8.553292163937978865e-01 8.123143429402261972e-01 5.665286216543191644e-01 9.988013414857163097e-01
6.495127334579737788e-01 3.773414772601540457e-01 9.717982221481461513e-01 5.185119234956800938e-01 7.864893237886687594e-01 7.952163943928868273e-01
4.027226351826677653e-01 3.785417831422457913e-01 8.878578201736074815e-01 9.687415808439254761e-01 4.880395667044948316e-01 6.530975390537261394e-01
5.049173192990915604e-01 3.352190091422968532e-02 9.797754055440340837e-01 1.317248889245092869e-02 3.066141395395883817e-01 3.282222976346625409e-01
1.811428113288656161e-01 5.153041407294896015e-01 5.317596806654887320e-01 9.624032487627118826e-01 1.774652710281019174e-01 7.977929568117575476e-01
6.498093655673246039e-01 3.177638832062818497e-01 4.780501617127758673e-01 8.468918048311024904e-01 2.980801651444324740e-01 4.719315992927274883e-01
3.540366099208893669e-01 4.277383049546540916e-01 2.563523580435312366e-01 8.122354361694306135e-01 9.746164324924883049e-01 1.452913873129514366e-01
8.290608220006968621e-01 9.883120127174239711e-01 3.587266156130666239e-01 8.170766090042889118e-01 4.893000907603193284e-01 2.091854887614615632e-01
5.139450606159571278e-01 3.967505798354384328e-01 2.198144092367140257e-01 9.008297533728182316e-02 7.709773544212228380e-01 2.897797120614694633e-01
9.062603895844895119e-01 4.886312555960088400e-01 6.451353299519609896e-01 1.202987544238567352e-01 4.709655645256055068e-01 4.344640093628295285e-01
6.265737750917221849e-01 6.939077001329979622e-01 4.679131614546491735e-01 7.669967419933527708e-01 6.676175975387280692e-01 8.750922487084739076e-01
7.534335352444068157e-01 1.251973243218132137e-01 2.152183692847231822e-01 4.879137827083468437e-02 5.924860363595244594e-01 5.446785097738499060e-01
7.431435129342162105e-01 4.221691220486373797e-01 9.780238597023450664e-01 1.133493976667523384e-01 4.666707849737893876e-01 5.506269504713626750e-01
9.493822600712834570e-01 8.358990111712798488e-01 8.946483651128153136e-01 8.865228958893567324e-01 7.124889370986190462e-01 6.531067920679323180e-01
8.912864846974611899e-01 6.794814443575354357e-01 4.773115249535591076e-01 4.851134882774204016e-01 9.342645137306947456e-01 3.599046335512333661e-01
9.656309601250614438e-01 8.000015776156561564e-01 1.562039299293519479e-01 1.724772243760526180e-01 1.950544329028263135e-01 4.865241986729260115e-01
8.705641598066565789e-01 2.731807959561952659e-01 5.373178140264963654e-01 6.660788338631391525e-01 4.632893345871181290e-01 8.818857930664762979e-01
6.138219489775125215e-01 7.269188358310887388e-01 8.395276482667785034e-01 8.526717214845120907e-01 3.608436823170667607e-01 9.878224296515408787e-01
8.996106203436841087e-01 2.144646377852401364e-01 2.294887816097883892e-01 1.073471347335726023e-01 1.559892095437070136e-01 4.169260826933921527e-01
8.031502812705242356e-01 4.348752494368325339e-01 8.671406855746767173e-01 8.250452259089797735e-01 4.095261980744297481e-01 2.998672609927551247e-01
7.000475377109334207e-01 2.679996991756372626e-01 9.064247306719054598e-02 4.463947198819369078e-01 4.319579233169106719e-02 6.240112895809053484e-01
2.109370055705062919e-01 5.366030641600879614e-01 6.217778662706099357e-01 3.991321057546883821e-01 4.503672226244390675e-01 9.297793140528813893e-01
7.439886955264222168e-01 5.680137643201295106e-01 5.234116828228843055e-01 7.323235822841525078e-01 9.208716322514540753e-01 8.668353491127764876e-01
5.435634720647458673e-02 3.494782033296051083e-01 1.736929033528374355e-01 8.403966401237994432e-01 1.001997283082749907e-01 4.027630255426745687e-01
9.331712884655536389e-01 6.733055680075995530e-01 7.193841335957434913e-01 8.425820029806345701e-01 9.556820366698413061e-01 9.003253927538440449e-01
6.469995270785908748e-01 2.624580420758386712e-01 9.524902506587683559e-01 2.849174034781754017e-01 3.356782575999997520e-01 3.361646616446468672e-01
1.919440154004438959e-01 2.861790523148859400e-01 7.557822275095891218e-01 2.968313768506050110e-01 5.440973707848751478e-02 1.677744111993213078e-02
8.081578199227308357e-01 9.012418397090289357e-01 9.534643328649520244e-01 4.961891635321080685e-01 8.776971605016598010e-01 6.294965162394117186e-01
4.388340284228839372e-01 2.490987194195431464e-01 7.046289583334950368e-01 9.418149108532816172e-01 9.608225262011187429e-01 7.103020563361747142e-01
5.520282063277972551e-01 1.796878213830896062e-02 2.652783584300148767e-02 7.767834076657891273e-01 6.652363314727615107e-01 2.526154236862088523e-02
5.636269048133010218e-01 8.930808801778423733e-01 7.952892346232107723e-01 4.326570918783545494e-01 7.023112222333115495e-01 7.865212209789965714e-01
6.935504740836557769e-01 2.086333544972596502e-02 9.784417885483207566e-01 4.479413097724318504e-01 3.631270247264248296e-02 6.006321741308493500e-01
7.805048993151099124e-01 7.246293343282422805e-01 5.532248795238740025e-01 1.631122592370957136e-01 3.527730484229322228e-01 5.830966081659739730e-01
9.909720051019205167e-01 3.318353522405183553e-01 6.914310416784603675e-01 4.922493190970271826e-01 2.329291156483889458e-01 5.525974834539764124e-01
9.620274601838929573e-01 8.663262265073142787e-01 3.008465659608534071e-01 6.647042646072804928e-01 8.969510357225156660e-01 9.938254135373419951e-01
4.617360722283210817e-01 5.091208499505257556e-01 7.399753830420481293e-01 5.200284805614501238e-01 4.722473848256384943e-01 9.105456123463794293e-01
5.184358414485676914e-01 5.394143143307610355e-01 3.492764147650783690e-01 8.044128867331892252e-01 3.968562748386936789e-01 2.509910362229063052e-01
6.165934007519285887e-02 8.513863291600831662e-02 4.116800882289268770e-01 5.821449267677962780e-01 5.126699626436417301e-01 5.500144702940842345e-01
3.897694576484431184e-01 6.171865731147588852e-01 7.010539437503174875e-01 7.561401808634400368e-01 5.726322467254236770e-01 6.708099065567849073e-02
6.533462746040201719e-01 4.103454390289056342e-01 8.390505754840960062e-01 3.420182834379374981e-01 4.754254108413441537e-01 4.865516458448227999e-01
1.749002176679539666e-01 5.816153058682079768e-01 1.433760812873924595e-01 8.954287099186331034e-01 5.057241434901993404e-01 3.758295813939415558e-02
8.426131537591196041e-01 6.350191721654783183e-01 8.972384638952676239e-01 6.115058714058250189e-01 5.862615532548650643e-01 7.524355433591580766e-01
6.136485517167662440e-01 2.179183017091504970e-01 2.927790405000765261e-01 3.018891408573836088e-01 4.368564236149422575e-01 5.028466174038376257e-01
2.056062773041288649e-01 7.910540739386441589e-02 3.980167228514762401e-02 3.489783676341176033e-01 6.745069692557378316e-01 1.488295170750467966e-01
3.048790226593885849e-02 6.414754445007533334e-01 8.646875844057119176e-01 6.742249259259551764e-01 1.014349928140730467e-01 2.842943140378824118e-01
8.746410138360201092e-01 2.566167707524476538e-01 3.314222339880783519e-01 2.512042247690260410e-01 4.470762686518968687e-01 1.460208536996097650e-01
5.661535639311012641e-02 7.437413627005635686e-01 9.414747771910454699e-02 3.883579052053391933e-01 3.508269211080700667e-01 9.614115370247146020e-01
7.260909359787747208e-01 7.961864649355154810e-01 9.978554873824091453e-01 4.470187376718968153e-01 7.014282207926707535e-01 6.425966796672322179e-01
7.946912926774123143e-02 6.594228138734561373e-01 5.788655323078514270e-01 5.566943828016519547e-01 1.595537979851637533e-01 9.428024827676422248e-01
7.138685863698457368e-01 5.516525969813145247e-01 9.619681341706771693e-01 2.080291388556361198e-01 9.954706806748698789e-01 5.486650050076118390e-01
1.236562123973248628e-03 5.426031434086058675e-02 1.250943971792657927e-01 3.017028002068400383e-02 1.609803718924665821e-03 2.644632969567627945e-01
2.570606082721087812e-03 9.014406181818476055e-03 5.428325158845080656e-03 4.042107611894607544e-03 7.114714366975293316e-03 6.708320338827398685e-03
3.456805622025286850e-01 5.365910407908640600e-01 5.998823783931208631e-01 6.081912373192608356e-01 8.813197248433106701e-01 5.981044118891857275e-01
4.382628960581906319e-01 8.840791014014557359e-01 2.440223289160246556e-01 7.257839671801775694e-01 4.772894573979706845e-01 1.487202441407092235e-01
3.590855597677890948e-02 2.374022896972408647e-01 5.361780008011164389e-01 2.193503528833389282e-01 1.661108377645779122e-01 3.562958102902086810e-01
6.842087258094057267e-01 6.271041320206492964e-01 7.304040258224737681e-01 3.065777556039392948e-01 5.063515809056795547e-01 4.152193770170453102e-01
3.971356769323979852e-01 1.797274863069655074e-02 3.098870842086551280e-01 9.612034885212779045e-01 2.140089052560144312e-01 1.150651633991361424e-02
5.735856107107311502e-02 6.283228575658923454e-01 3.040778437736124107e-01 1.946266337763518095e-01 1.522160250754554245e-01 1.474884002315825782e-01
7.385686835472130563e-01 2.464995582690441278e-01 9.245534106646318140e-01 7.540687755681574345e-02 1.989483176790721175e-02 4.721918592723432506e-01
5.169213179562406335e-01 5.771898827860426628e-01 9.401110440781682565e-01 9.509115244727581739e-01 2.272198118056758254e-01 4.553259557777724620e-01
5.171733150553851077e-01 1.174933959476866935e-01 2.585549621108119700e-01 4.243534372653812170e-01 1.159045609495382156e-01 9.300877987649727174e-01
2.205093376259303906e-01 7.581493382483149857e-01 8.006260528072839389e-01 3.531368612311780453e-01 5.288542785982848216e-01 7.099022660362048764e-01
9.765854755244054441e-01 1.218141299467532107e-01 4.517087753438001618e-01 1.323022227734327316e-02 2.729830691426581857e-01 2.203649595055895694e-01
8.436842376097003493e-01 9.306806246510305192e-01 5.365083816975778352e-02 5.385845426935702562e-01 4.768467648480216314e-01 2.253394115215520965e-01
4.651190555013512418e-01 7.420664654557820317e-01 3.792439288045899026e-01 3.069864064455032349e-01 8.450182187627938157e-01 5.475776119768216432e-01
3.878080809918277860e-01 9.550369924277284095e-02 7.550046369005823932e-01 3.912564311176538467e-01 1.862420946287788870e-01 9.676355676786192461e-01
7.450014322867271055e-01 8.132385763738217976e-01 4.056366305910522052e-01 8.653034805320203304e-01 8.736523407326750590e-01 9.163530796582785021e-01
7.307828561810350010e-01 7.315397815903792456e-01 3.058827880842671099e-01 8.972077032085508108e-01 1.559766846232348292e-01 4.618302941344133994e-01
4.038624427496471103e-01 9.583990411389886610e-02 5.230204738637110884e-01 7.234930214472115040e-01 8.009784721071606661e-01 8.784952148808863326e-01
4.847150915611540128e-02 2.065116715995836960e-01 1.510065057029121305e-01 6.121630731504410505e-01 3.534363800162268476e-01 6.990567908183175083e-01
3.405139691295902549e-01 8.617314602200191187e-01 9.086693578499571711e-01 8.943013101816177368e-01 1.599220396089283680e-01 2.211664794153829772e-01
2.690402974383282464e-01 8.681963204217351127e-01 4.259251162020786241e-01 7.968576096463948488e-01 8.216955080690115931e-01 8.277561026509068220e-01
9.424110530451208501e-01 7.182166180463800398e-01 7.167421219654390718e-01 9.517498807981610298e-01 7.120530526907310476e-01 7.495436928043811564e-01
4.884866250190204595e-01 7.286242599861189051e-01 4.864084232433101285e-01 8.134519937448203564e-02 1.848596735379438166e-02 8.456254956983486615e-01
7.137101606552734845e-01 5.789352080494714059e-01 9.510873686539582650e-01 3.919177812058478594e-01 7.089873125697034872e-01 9.942848413378178041e-01
4.911400478453282759e-01 2.893458632270342057e-01 5.436640830111562073e-01 4.731178656220436096e-01 8.883854799550827686e-01 6.460520725110713292e-01
5.175303610570676227e-01 6.220813375704927761e-01 5.611473686094431423e-01 7.599691899958997965e-01 3.854105199147437877e-01 7.601034469851146724e-01
9.648864306645448252e-01 8.376743992852092591e-01 5.732033481760805405e-01 6.357655811589211226e-01 4.405171696641752010e-01 2.343037726162103263e-01
5.575329354080114097e-01 8.780878134499318088e-01 6.042861775564983828e-01 9.758324730210006237e-01 9.986572949556716816e-01 8.142010728147422993e-01
9.830989568873498285e-01 2.279553175561247758e-01 4.556831507970145467e-01 6.032513515092432499e-01 2.689351239374936919e-01 6.832527120284010991e-01
9.309292325496504317e-01 6.561442903002971949e-01 6.148688654653773344e-01 6.264050793834030628e-01 9.883056603691308117e-01 5.748519768690824039e-01
4.748838063194547876e-02 3.013032567049677701e-01 5.652379447653079758e-01 2.546029514633119106e-01 1.158193615599330678e-01 1.140876587524700114e-01
7.786496604964714408e-01 4.705210319054526358e-01 7.155148692269378552e-01 9.338508592918515205e-02 5.581282440966554015e-01 5.327416250191702174e-01
2.285961650009502022e-01 6.755365856055044471e-01 5.778850134900199720e-01 3.050525744911283255e-01 1.336605818340171059e-01 6.355984062094568454e-01
2.241097621497629699e-01 6.328161619090272305e-01 2.813697376659051175e-01 1.423258129507303238e-01 2.011482985439072557e-01 6.041559917359077270e-01
5.466772009701615920e-01 3.879285609704258286e-01 4.473763201543769219e-02 1.315589260775595903e-01 1.915793042262336696e-02 1.932390657237921250e-01
1.140569012601831134e-01 5.072770592275891444e-01 8.691469438917812096e-02 9.332888619974255562e-02 1.799868893986462104e-01 8.348905644228908907e-01
2.021489733021553936e-01 3.708010830171614702e-01 7.468058754377303599e-01 5.566041073761880398e-01 2.342587352261624734e-01 7.115413903114968797e-01
2.299465578652521713e-01 8.120761774368210340e-01 3.148045193219930482e-01 1.575238902587443590e-01 2.588200636450926906e-01 2.364636762142104665e-01
3.653594432063403397e-01 2.365358764078262510e-01 5.011985609461205859e-01 2.355952942743897438e-01 4.423124974957056560e-02 7.435203097274318829e-01
9.257831979445743098e-01 9.682906875681174252e-01 6.986609262477918580e-01 9.189867095556110144e-01 1.496725578834924020e-01 7.459386672294991971e-01
7.456676190924366177e-01 3.225155164947228204e-01 9.141017431764093537e-01 1.982881259173154831e-01 2.261440699556588607e-01 9.335175745728108154e-01
1.181530849136067443e-02 4.003543996784570957e-01 2.010350298994816320e-01 1.660102487076073885e-01 4.685518473251141236e-01 1.806926948203826377e-01
4.005474659845147944e-01 8.488477665933431560e-01 8.517093829511506176e-01 7.916504605673253536e-01 8.345675191515798952e-01 6.186451675744655265e-01
6.287622777311336897e-01 8.250856273941259422e-01 4.873881509607878026e-01 8.139212967362254858e-01 4.909330500492794513e-01 5.100025681556314971e-01
4.068142090587553716e-01 5.824506005227344518e-01 6.147782301044130149e-01 6.733960707206279039e-01 3.275742679205409513e-01 3.981212070350747534e-01
8.746406669837439862e-01 3.910311695851729774e-01 1.249059395313503462e-01 4.054564510006457567e-01 3.076691884765744289e-01 6.413294136285836722e-02
9.460933097920404267e-01 4.006996116168775601e-01 2.398676814034860494e-01 6.544472661335021257e-01 4.214546718914715662e-01 9.339280589312443093e-02
8.467819137027602361e-01 4.500178894561260856e-01 2.613574332612999540e-01 5.419979945290833712e-01 7.665670324679879633e-01 7.456719044389970019e-01
1.851849662959149934e-01 5.935130112011748338e-01 7.971469832690838975e-02 4.176278843078762293e-01 2.761449938360828193e-01 8.118441725394851538e-01
4.317670646065169260e-01 6.438401144258036890e-01 4.580894535443368332e-01 4.551333414856344461e-01 2.203538376007729560e-01 9.358455122895306122e-01
1.369602748049698338e-01 3.744970495707167779e-01 9.242421179500386053e-02 4.751096356194466352e-01 5.442756217042727523e-02 6.487313218840635720e-01
5.748259498595389427e-01 8.361502232885795749e-01 5.379760737021221928e-01 1.033661912661045790e-01 2.598238436637184123e-01 2.599010443281524751e-01
9.445523684445795709e-01 2.877586441186396060e-01 8.424605055215103055e-01 7.846140519250184298e-01 5.604227517657339730e-01 6.662643972272532800e-01
1.676285317739228120e-01 4.927166013702253267e-01 5.853741045471164695e-01 7.576032658107578754e-01 2.490676540503576064e-01 8.097549422453831358e-01
4.798268474189403276e-01 5.966648009092732075e-01 3.225480478346432478e-01 9.975635402370244265e-01 9.376429166186347475e-01 3.825607850727631987e-01
2.287049511915885402e-01 2.465736440454707745e-02 9.444238742559246669e-02 1.011728977318853140e-01 2.061585556794991864e-02 7.914593745740969299e-02
5.782679359514050210e-01 7.189082259323711366e-01 6.086622436813314829e-01 7.056053839623928070e-01 5.741065932012817674e-01 9.331841273412427862e-01
4.841400160071946401e-01 1.675758367015993677e-01 5.282671143025632343e-01 6.114391519222408533e-01 7.310493422901735983e-01 6.403125316529270084e-01
2.330098515863941733e-01 9.378096478612486520e-01 1.869237327880729493e-01 8.290715024340897799e-01 5.712382242683412548e-01 1.026148788361179454e-01
9.764848712073573855e-01 7.859176093030793009e-01 2.443719158192980134e-01 8.154296639841049910e-01 9.149190507031400577e-01 3.295121143003852948e-01
5.634454921266566219e-01 7.742098778797936731e-01 8.312916744970498817e-01 3.531956484075635672e-01 8.832470501469406043e-01 3.895078378063034918e-01
6.850789274570180665e-02 7.532668441441162654e-01 6.214518825209601749e-01 2.022365569137036800e-01 3.667629894089915465e-01 9.855824705870772640e-01
4.803099035627210744e-01 9.728077931547541857e-01 8.468876214217038179e-01 5.930973819922655821e-01 6.174968591315810329e-01 6.813097034596303780e-01
8.645380796479391616e-01 1.910988154326481170e-01 9.247209997152489036e-01 2.476561639923602343e-01 5.037626927820995082e-01 6.253405260218266593e-01
9.268545670438427253e-01 4.993968122224912709e-01 5.781219216420441231e-01 9.766700956970453262e-02 8.480847892487249906e-01 4.656997355502802693e-01
2.796368265182457846e-01 7.620473843270072489e-01 1.032582415192534325e-01 3.043256318196654320e-01 2.739427413204424955e-01 9.710715428568882090e-02
5.851265603119431002e-01 1.643980069480042716e-01 1.051430865771894874e-02 3.239780943840742111e-01 4.353305061823065786e-02 3.646904659382742275e-02
3.334915658549719164e-01 6.748040334909454208e-01 7.956467625691507894e-01 7.001544174272567034e-01 5.534319242214676970e-01 3.237375215607513623e-01
9.957907715972171836e-01 6.483491028692565106e-01 3.156563840108491670e-01 1.034907998982816935e-01 3.391728514511829218e-01 4.676668988633574942e-01
8.564687377905402244e-01 4.938480994804176905e-01 9.033007734703115688e-01 1.001997622661292553e-01 6.741771653660387775e-01 8.029361217754446001e-01
2.697640119991832619e-01 8.344641389601470394e-01 7.458703829841192290e-01 7.340362819377332926e-01 2.959189665803029223e-01 3.738314515068156818e-01
2.986697642430538591e-01 3.873635113548253850e-01 1.089088396572439749e-01 1.995518023613840342e-01 7.826718852620842548e-02 5.282268322194788590e-01
5.283903656628231582e-01 1.159916042391797436e-01 9.443217712821015963e-01 1.790150457527488470e-01 2.204778788119663713e-01 1.871635893866120948e-01
2.393997632180371871e-01 4.427719196456607609e-01 1.992819188830028676e-01 2.047488016542047262e-01 1.179082790938675712e-01 6.682852129862718593e-01
6.387186128674621211e-01 4.509400367767723572e-01 8.810768540031546081e-01 7.122540497221052647e-02 3.275290727812485980e-01 5.035112305921495279e-01
7.873457068116040958e-01 8.198549900188529804e-01 7.262498126821321787e-01 9.389346626121550798e-01 9.311445630147037189e-01 9.969688514793130230e-01
8.195030899570917571e-01 7.728402466896454603e-01 8.073262754733331326e-01 8.135723609011620283e-01 7.759858859358559346e-01 7.992587217625194418e-01
1.299151482570506666e-01 5.599472179859966703e-01 2.642784470681778242e-01 3.463740251027047634e-02 6.248263364154560406e-01 5.425923887096048004e-01
7.293072608509885146e-01 4.145828567705209244e-01 5.762339512906481387e-01 3.201146707870066166e-01 4.384702798914837385e-01 7.219720972967947903e-01
7.233531397547587893e-02 8.785498536613316478e-01 2.131522887703227523e-02 4.220331062097102404e-01 9.160075235971087970e-01 2.655892953007122359e-01
6.020822060550379273e-01 5.779812892506445143e-01 6.163336107877216419e-01 7.906782743521034718e-01 1.718364904488236256e-01 6.081529653846222683e-01
3.494181980932130616e-01 7.568538453957264489e-02 7.279136881223855493e-01 6.539615127258002758e-02 2.277834876580731305e-01 8.989512487598410040e-01
2.684619590546557522e-01 3.071984684524929343e-01 1.757618571472942537e-01 1.812928121071308851e-01 3.421938711822886114e-01 3.149048458554907781e-01
2.877589151028767667e-01 9.106360938491486756e-01 9.261514604537457451e-01 3.993328753858804703e-01 5.343221757579719178e-01 2.380635766956527288e-01
7.133740232976222284e-01 7.245742502072580749e-01 2.272233979315927133e-01 7.911822448950260878e-01 3.091459229976308287e-01 1.627217533835808583e-01
3.583961031035175493e-01 8.172269880861529057e-01 1.273913599382249795e-01 3.699925348628312349e-01 9.608251766633392199e-01 3.251450408128853664e-01
4.160599966466205224e-01 2.208151695844473850e-01 5.190790348032825463e-01 7.029867591336369514e-01 8.940206156936059134e-02 6.642948429173489711e-01
7.592263481583654272e-01 6.706491277921556859e-01 6.956110575223918291e-01 1.836913409642875195e-01 1.772921989401302356e-01 2.003284538382798241e-01
5.764569493276416878e-02 4.374918587680804438e-01 9.671637294170368770e-01 3.481222731061279774e-01 3.121450029639515344e-01 7.305666670132441309e-01
1.089867804674999885e-01 6.169101195063699805e-01 3.368963892427549456e-01 1.022682914044708014e-01 8.264118941981380972e-01 8.816093082652181057e-01
6.289707434837913391e-01 3.042363731931695403e-01 6.286477769775532520e-01 1.081440243870019913e-01 4.337661726835816411e-01 7.179360649513111259e-01
1.075320030309495217e-01 4.866353534785990420e-01 5.599178795518099383e-01 7.398929351475089788e-01 6.611124145830172827e-01 2.231436892612941314e-01
4.181949815130016068e-01 6.369053536263717952e-01 2.287763657655532135e-01 1.946335141547024250e-01 9.945327681226536765e-01 5.640088646751162393e-01
7.945981971754265683e-01 6.409555473760575328e-01 8.584016782217611663e-01 9.307137809228152037e-01 8.552513912117607475e-01 2.716455835075396452e-01
7.083102610690249490e-01 5.666805829609743439e-01 6.586968000422949165e-01 9.441381013020873070e-01 4.035507081813540231e-01 3.213762225506514025e-01
8.589618473252337294e-01 5.683238184826994166e-01 9.878375965972204797e-01 4.944992368109524250e-01 6.454521906923557095e-01 9.809125438685194487e-01
5.887611765593104840e-01 4.547641235288755190e-01 8.015672656798233930e-01 3.245793783571571112e-01 7.805500956825353054e-01 6.359563808993141665e-01
8.039182676408138661e-01 9.278058106660783677e-01 8.932946134264888594e-01 7.920372476801276207e-01 6.821108284502919172e-01 2.091623505675277439e-01
5.482236626785610412e-01 2.707723369069742203e-02 2.450104627330922102e-01 3.016598974354565144e-01 1.686803454697748395e-01 1.052906594626150660e-01
6.167220954128654897e-01 9.087728543382601609e-01 7.911285583299135782e-01 6.017163111828267574e-01 3.272919316044022864e-01 1.976027700902868445e-01
4.550117997686521365e-01 6.653114843653987753e-01 4.373839320989679758e-01 3.755141296423971653e-01 9.166863770591066052e-01 4.877928535198626792e-01
9.292994016389808376e-01 9.279591715495828508e-01 4.878697906269163775e-01 7.664118325337767601e-01 9.025664533656667654e-01 2.611591319109501375e-01
7.026726205218249144e-02 4.254682634208396125e-02 5.999860593552894250e-02 8.721759309992194176e-03 2.342339806216862941e-01 4.459465747934261703e-02
2.966055688840453786e-01 4.238641463514474794e-01 1.228794142328241273e-01 2.325443595182150602e-01 2.623594897127705661e-01 4.935055250603369581e-01
2.935483809843018599e-01 8.240272243232119598e-01 3.233271926477743197e-01 4.579508323222398758e-01 5.525539052863890355e-01 9.159293105329926465e-01
6.667123470118239137e-01 6.639167964585644954e-01 6.016015203070958217e-02 6.777044488117098808e-01 5.953137427612434918e-01 3.584556206239760123e-01
4.989018626000192858e-01 9.778179925280693352e-01 7.840441357923224608e-01 1.461335683707147837e-01 1.492978885835776759e-01 2.354351986511262484e-01
4.669881862938440875e-01 5.012219477780855970e-01 3.303176053940510282e-01 7.114684463012963533e-01 3.524114787498889845e-01 4.458853002655943087e-01
9.834945892853089733e-01 8.793279104530457024e-01 9.045812613939975266e-01 8.873371884692460299e-01 7.409791677306757363e-01 4.094073255386259103e-01
8.800245352235724905e-01 7.816212477849699969e-01 9.283094904518156554e-01 3.112444605212658644e-01 7.326086730550068760e-01 5.326680091265886263e-01
2.155851626132256060e-01 1.138003028108687115e-01 4.687635416891907103e-01 8.264481653459370136e-01 7.218094399028736063e-01 5.733584759195777814e-01
6.445377463607734336e-01 8.600187409704773689e-01 4.488743588241664306e-01 5.469159083440899849e-01 1.401170531514374096e-01 3.230963731652894966e-01
6.610027830137558125e-01 7.398409600669707542e-01 6.595831281404473945e-01 4.267208550591021776e-01 5.634988148028875488e-01 3.437687318515864621e-01
8.297105778689274347e-01 9.691498483731697533e-01 8.850944141476471128e-01 8.977165000978857279e-01 8.690803434433592711e-01 6.814257796670547540e-01
8.829774008177608824e-01 1.765289416438398928e-01 1.286909409341946142e-01 7.886813357472419739e-01 7.551530850049953392e-01 5.356194494988494176e-02
6.047342800814635710e-01 4.497562307960069616e-01 7.522917218596273381e-01 7.220289048273116350e-01 6.219922856603292693e-01 2.541294292829094914e-01
4.204079784234959760e-01 7.358613088957657311e-01 5.588081685606742788e-01 8.877121270634233952e-01 2.462649852390120797e-01 8.174994272556349584e-01
4.325505504942374069e-01 9.360414499172406977e-01 4.071865733054138015e-01 3.049558489583432674e-01 6.772012774380650191e-01 6.107555633805600293e-01
7.433951423234055333e-01 4.994138997897397125e-01 8.366441453672117667e-01 9.495100481435656548e-01 4.791784840679660373e-01 9.909921921294040370e-01
5.058688703318633406e-01 3.463064245919271755e-01 9.164560157777890126e-01 8.608240776229649782e-01 7.192878937526773209e-01 8.991248849341000327e-01
1.826195024387144983e-02 2.327063443105496510e-01 3.513634886259597856e-02 1.755343205295503139e-01 6.899073132137230058e-01 4.840536824997745402e-01
4.719030632800583214e-01 5.631913771992812512e-01 7.174053788348938587e-01 5.449728283565491438e-01 4.091765753288755803e-01 9.834399416328121202e-01
4.080897563431505337e-01 8.120967057637550335e-01 4.134537350958789048e-01 7.271962307859212160e-01 8.322534595203642249e-01 8.130722475559254425e-01
9.991604337813382308e-01 6.889090607779121411e-01 1.097880228539537678e-02 9.665430295281112194e-01 1.262390576434561096e-01 4.857838991436829595e-02
4.757373111775585750e-01 2.428300140315204914e-01 6.619143038775912036e-01 9.162310461979359388e-01 9.513777278119840419e-01 4.345190259056022630e-02
1.144419699947921143e-01 5.720524716686390537e-02 1.124790432028242859e-02 7.139120018109679222e-03 5.968269969912973760e-01 6.862260949311151104e-02
7.978266641061827480e-01 1.938456729891669117e-01 7.007690984825057923e-01 7.132348010782152414e-01 2.496963088897828920e-01 2.681881301133343110e-01
2.990926262176230033e-01 5.548795364165521882e-01 3.216825306511355564e-01 7.740214935038238764e-01 4.895359867226574124e-01 3.769986596999300721e-01
2.239823813096779304e-01 7.885475095676587332e-01 5.625026285877868792e-01 7.439225520938634872e-01 4.021906016252994598e-01 3.730251383853143698e-01
3.053411743475943352e-01 5.632123521574130542e-01 4.569070797133942818e-01 9.549869499169290066e-01 8.662270081754116502e-01 8.273800437014697806e-01
4.941043258791379955e-01 8.828758586361216132e-01 5.512986843387559510e-01 3.282876885496079922e-01 5.314745083786346358e-01 8.190638412957848002e-01
3.249112751381569852e-01 5.435930365228239802e-01 7.611289175942607121e-01 8.805137774907052517e-01 2.035276612993413559e-01 4.577089213581219118e-01
1.151080960327107439e-01 4.787995142972710227e-01 1.242211154808986057e-01 9.944338931236416101e-01 2.161693518430380379e-01 1.957821405403425419e-01
4.919164245993052353e-01 3.355800631663565237e-01 2.905663390562815418e-01 4.794479990378022194e-01 9.160327427231353958e-01 8.899312271057326917e-01
7.963474650347451833e-01 3.023375629583381352e-01 3.332038638443323153e-01 1.559662034269422293e-01 4.707388513803951735e-01 8.947165521547105482e-02
1.386015644140417002e-01 8.299423377134929058e-01 2.616990261543614693e-01 7.818875245284289122e-01 6.220798608907929239e-01 7.036667515127359440e-01
8.461678469488517207e-01 8.232721756866440144e-01 2.733056179070998404e-01 6.538236660417169333e-01 7.820661501717842690e-01 5.779802489590307735e-01
2.455958235687077107e-01 1.761995091822264325e-01 4.957032303511945681e-01 3.452523180749267340e-01 2.040097415801570280e-01 3.000465957524192998e-02
2.161347133941839138e-01 5.554796971637780967e-01 3.261132328092283261e-01 6.741281044669449329e-01 3.450622839137583719e-01 2.853874958513840099e-01
1.775207355700377521e-01 2.442036187631544675e-01 7.206336126946965015e-01 9.030913878232240677e-01 7.481268997579325619e-01 2.447080897644029196e-01
9.412319448781961695e-01 3.032971652657954695e-02 3.282904092438194282e-02 6.711048004217445850e-02 2.477736362755770388e-02 3.033715805995924053e-01
6.638372261966764276e-02 3.219672606767945977e-01 9.593484913121771429e-01 2.068181314971297979e-01 7.665283993184883737e-01 9.880379361712937625e-02
6.194849823392928334e-01 5.352291507899427092e-01 7.546654671017308802e-01 7.248499449342489243e-01 3.604697225679041050e-01 4.363298551090549204e-01
6.677420875539505918e-01 3.553875454514155985e-01 9.482782945897084703e-01 6.599619556218385696e-01 5.362699994586690444e-01 3.481653368217162980e-01
2.167472957823909918e-01 8.808923016635751280e-01 3.014030128277680465e-01 9.462203551083803177e-02 7.537941822363597444e-01 1.580156864560576524e-01
5.566023599357796670e-01 9.444068037754016487e-02 8.564874057428957244e-01 9.099926298949867487e-01 3.674135094134095558e-01 1.019417372940709388e-01
5.053326236531849869e-01 6.217338845316311424e-01 1.676804071871586810e-01 1.776786197442561388e-01 1.412223271877360575e-01 9.079893687095472732e-01
4.587227143454142286e-02 3.525712288908312564e-01 1.118557980362024501e-01 3.457450927235186100e-01 4.052100648056141674e-01 6.695513485956318123e-01
6.079017060445766063e-01 4.463103619335770933e-01 2.772823044919843216e-01 8.592870112042874098e-01 8.789032487456277520e-01 5.678251903369582188e-01
9.649100260702950793e-01 6.511820011418891774e-01 9.237761768873353763e-01 9.917237870395183563e-01 9.374558205266859678e-01 4.520812577268374932e-01
3.246932788917967772e-01 9.512089689651076485e-01 3.317550180783713776e-01 8.703471745830029249e-01 1.346912865440130780e-01 3.439596082890949980e-01
1.103439067690770020e-01 8.632371209922398703e-02 9.555553734588475567e-01 4.706824547611176968e-02 4.979428297641798062e-01 7.469739693509921397e-01
9.757495632792603235e-01 5.632760080463999897e-01 5.958310486061348943e-01 5.795440012589097023e-01 6.329064165609973314e-01 2.760699077376365107e-01
9.965616855316710154e-01 4.444896283176661966e-01 3.891595587235122666e-01 9.800932649523019791e-01 6.504271939705915662e-01 2.639857042093131656e-01
1.119452242362192901e-01 8.128985509817766852e-02 3.242621713835912023e-01 9.750315849669277668e-02 2.029689180440074625e-01 1.959155388990370394e-01
2.845842130697511310e-02 4.334000868579657717e-01 7.765382955237126739e-02 9.048335377592593431e-01 4.766799872263511317e-01 1.337180250586253727e-01
2.032550783360613789e-01 2.659831844844710580e-01 2.157921742223349315e-01 2.976138156373053789e-01 3.040654272775717426e-01 6.472668455690223643e-01
6.899823207872983477e-02 1.259189223993888995e-01 6.958803565041800088e-01 2.204328458756208420e-01 1.986147943205703315e-01 4.373415902302447700e-01
1.403071624383718241e-01 9.508192490834621591e-01 7.088647792766029632e-01 8.593202841002494097e-01 5.541880223345709844e-01 6.256662828363543927e-01
8.046244431780489315e-01 9.064278254446657135e-01 5.225819531826164654e-01 3.739229950588196516e-01 9.417677312435454029e-01 2.700049678718823842e-01
1.845664199182134868e-01 5.431945834277005503e-01 7.787954140818892368e-02 8.440308726858347654e-01 6.651450878319936644e-01 1.391188418531905668e-01
1.177442024835674839e-01 4.311102609651989992e-01 6.858694164368203325e-03 3.830331144854426384e-03 4.037340918776111814e-02 5.363133239643283479e-02
6.084953503546956105e-02 1.095354236494048700e-01 1.754234878214664534e-02 4.713429003022611141e-01 5.621105945009729349e-02 3.111894613381894770e-01
2.011963011519011246e-01 9.014205125394948448e-01 4.218954876096138729e-01 2.353140767663717270e-01 6.596327896574756267e-01 6.329209238054318842e-02
3.447488466321468881e-01 8.388558304049040792e-01 3.690983434545913600e-01 1.885788447689265013e-01 5.478799119000082873e-01 3.212928202879073991e-01
3.854701920594093001e-01 1.695137347313216136e-01 9.037418135322579094e-01 5.475732353515923023e-01 8.910216189973702017e-01 8.915774737267718741e-01
1.125588908596699272e-01 4.257499578013528851e-01 3.218523217349861798e-01 2.483732914552092552e-01 1.585968426201056491e-01 7.618690186045213968e-03
8.362006249794525781e-01 5.802630979383321952e-01 9.833428322901334173e-01 9.464372629299759865e-01 9.678665691263853565e-01 8.865498739431664221e-01
6.741351977399375750e-01 6.259497716642900000e-01 6.231109540584993667e-01 5.075400546193122864e-01 3.282132447146522969e-01 2.729280217741576475e-01
9.523377023853729639e-01 8.044905469181233837e-01 6.340034981954905113e-01 9.412068680394440889e-01 6.956039894867105389e-01 5.366605466734717389e-01
5.260438259500148650e-01 1.351646789429490625e-01 5.470273359843861316e-01 8.496840321458876133e-02 1.821570315824452002e-01 7.624594235213996707e-02
5.948011015364861320e-01 7.208096296042993956e-01 7.933822488346816693e-01 6.574606390204280615e-01 7.439286437762470117e-01 8.022521956779939956e-01
5.056186401215243542e-01 4.390286297326224663e-01 4.496089777828887191e-01 9.346446008421480656e-01 1.149791338254594064e-01 1.599905801887744616e-01
6.898003439335022025e-01 9.299933546659462369e-01 9.574979192599445410e-01 6.494243533816188574e-01 7.146274410642441399e-01 8.709519535233758436e-01
5.498568756909359978e-01 6.325232738298103286e-01 7.216937934755982553e-01 6.913635928649455309e-01 7.147085318851275071e-01 7.754947322635227236e-01
7.681321263063677351e-01 2.042853356704401879e-01 1.757253198077463052e-01 3.796206156257539988e-01 2.614091734762811203e-01 9.068175666483967445e-01
4.096151729215971038e-01 3.613901863574780493e-01 5.155527613603051729e-02 5.541793573647737503e-01 7.861645954926324009e-01 2.064920446923936004e-01
1.683464853927302274e-02 1.280951313697814564e-02 4.843510827603999397e-02 5.596990138292312622e-02 5.755384908434544311e-01 1.288407729985756138e-02
1.589646440665790639e-01 3.388615013958021227e-02 8.732875284168601926e-01 2.838372241239994764e-01 1.962588987054185441e-02 3.239532914216025194e-03
8.854944221488911804e-01 1.924677435653846247e-01 6.172348590067184837e-01 9.861404029652476311e-02 4.288124975031028518e-01 2.064809401575650738e-01
5.003743727474140729e-02 1.677035534825265656e-02 1.812643563843085170e-01 8.267675421666353941e-01 6.634528257726053646e-02 9.861299112029855984e-02
3.841331038249825580e-01 1.442273145307420845e-01 8.629671771140025038e-01 6.716087646782398224e-01 3.459163187180502863e-01 7.583715127792437505e-01
5.063225831649713626e-01 4.181291384898522812e-01 5.324526273609351268e-01 9.292144726496189833e-01 9.685063997215865861e-01 5.285762700676850390e-01
6.471304280758932714e-01 8.496337847820226719e-01 5.478961628118306226e-01 5.641222966369241476e-01 9.061162347629604374e-01 7.885641780653159794e-01
4.675440811303864241e-01 7.231582708010240168e-01 8.487587415079060893e-01 8.974119490012526512e-01 8.719603913830519248e-01 5.473007119048639568e-01
4.689499305459743916e-01 2.570845226140919815e-01 9.960585442905463271e-03 6.089654052630066872e-03 7.038126925517637633e-02 2.147600498867289209e-01
2.073738694278443734e-02 7.031015231518744635e-01 9.583243478919639680e-01 7.895964023191481829e-01 5.054479581389067500e-01 1.957406990997146989e-01
3.251313512720179766e-01 9.763693055289097977e-02 1.793512553445735513e-01 5.275630159303545952e-02 4.498994053862988007e-01 3.740809483598830365e-01
8.900988035291493849e-01 8.553549464411017711e-01 3.228078384561366421e-01 9.298137042205780745e-01 8.030275123352226263e-01 5.295367297602576739e-01
5.441435323813682556e-01 5.235567447915388112e-02 8.025931774480342673e-01 1.222932476084679365e-01 4.634810055210351609e-01 6.772793756569296386e-01
4.750646726344745496e-01 8.973896628336213155e-01 6.213172520723957426e-01 6.804288127459585667e-01 5.683995351629461679e-01 8.026956663071789233e-01
7.564234243484669884e-01 8.593969237073272316e-01 8.388068203270212519e-01 9.871499012224376202e-01 8.981016572742778203e-01 8.700789610936167096e-01
4.445138509938420870e-03 6.140285193455982116e-01 1.088432366558575309e-01 2.575406245887279510e-02 4.393407028810944297e-03 4.792849635123322960e-01
1.292832087350896386e-01 4.616788982678345921e-01 2.465269747591721516e-01 8.649324327707290649e-01 1.891391709664602128e-01 1.592430172501097252e-01
4.078476408738437864e-01 8.254655077387417217e-01 5.195258261184649839e-01 4.222137073520570993e-01 2.189722099019874024e-01 8.853411772412764780e-01
1.437856336905527777e-01 3.814428223951797925e-01 3.273648863107751494e-01 1.879947362467646599e-01 1.619367562632924029e-01 5.689033061789419143e-01
8.721922216080857382e-01 8.306069147965555732e-02 1.894020103897297302e-01 7.443543805275112391e-01 1.466193066770183073e-01 5.404634374194001722e-01
5.680791315095087279e-01 2.564333630792453578e-01 9.952967555822200829e-01 9.470813288353383541e-01 9.196145976982160741e-01 2.874895710958178530e-01
9.935817667508415330e-01 4.310707055540344279e-01 8.827567357404836335e-01 4.713450833223760128e-01 8.189972064442733179e-01 5.296558281985044303e-01
7.500874500935740263e-01 7.476720448904803362e-01 4.417763550874281298e-01 5.777278197929263115e-01 5.440462072864901133e-01 6.600972781450105131e-01
5.460428529080028071e-01 3.712236199237382572e-01 3.350038166633956260e-01 8.646697932854294777e-01 4.151419232024620709e-01 8.096665773781013264e-01
8.003930957518104461e-02 6.282173322180909514e-01 2.138755926657064932e-01 5.460818659048527479e-01 1.279638844635671013e-01 7.402161973945077245e-01
7.026884827712475134e-01 4.741739865993788716e-01 8.812877065581863345e-01 3.975633198861032724e-01 7.654539908343288568e-01 7.455823903944239772e-01
5.616174109827571925e-01 5.354952519191681359e-01 8.898746153945759074e-01 5.366870800498872995e-01 9.311764823159305315e-01 7.914457699698771442e-01
4.922949152218214497e-01 7.619073922178456471e-01 8.196519186489030773e-01 4.324661891441792250e-01 7.769353202908826361e-01 9.399173607731348135e-01
3.071359230656274253e-01 5.157527456097930896e-02 1.569320708568668898e-01 3.646575915627181530e-02 1.428485802124622450e-01 3.311304264788080820e-01
3.876100318932255984e-02 5.728079127253576236e-02 4.449896284512759870e-01 1.129843047820031643e-01 3.092875409157525013e-01 1.771272670014539113e-02
9.748138304058570069e-01 3.473720458445233028e-01 6.407484454473511004e-01 1.285186004824936390e-01 9.071187648800232983e-01 3.639993517562054026e-01
6.058194240752512449e-01 3.168129974626830436e-01 8.535579048795061130e-01 5.809350882191210985e-01 3.137417338790224886e-01 9.851823247815433282e-01
1.324563807801054927e-01 8.314594838374884944e-02 9.377682320611167022e-01 5.412233814131468534e-01 7.435211902007583806e-02 6.874108477320967081e-01
2.367278183897865707e-01 9.056020143237907272e-01 2.949301199875896118e-01 3.630137850996106863e-01 4.078266378864464081e-01 1.311808749210605085e-01
8.033146723662020205e-01 5.010805744637477632e-01 2.567646105500245857e-01 8.989445781335234642e-01 7.678831167945891767e-02 1.125519177334822485e-01
5.740065083983844074e-01 5.500929847374430581e-01 2.910576196452150377e-01 7.056904521305114031e-01 8.262349695936048732e-01 3.499993275448864405e-01
9.887845950778807458e-01 5.942576990964486550e-01 1.953810036021353669e-01 8.806159335654228926e-01 3.196312629591701593e-01 3.954080748553414626e-01
3.673541162873333321e-01 4.623357484176940368e-01 2.417559434702249710e-01 1.712157037109136581e-01 7.556478174331993092e-01 6.441376745789449965e-01
5.302856521689328639e-01 8.765997014610402704e-01 8.397893693602507259e-01 4.056554376147687435e-01 3.870397550695095501e-01 7.190343142818156341e-01
1.734600683007518282e-02 3.583883708184824601e-01 7.334285480021339731e-01 9.080371612217277288e-01 9.293041962322567962e-01 4.373899017499540687e-01
9.521878749211897253e-01 8.739680455882589127e-01 8.197413659180312617e-01 7.814382149372249842e-01 6.757836553322763562e-01 3.472891768517816780e-01
2.745123413002317769e-01 9.309172820741958843e-01 1.094814840696259062e-01 8.065095890779048204e-01 2.860063069789894885e-01 6.091198511093147694e-01
5.301948088904955281e-01 3.317768092974221483e-01 5.654467814484764876e-01 4.241555479820817709e-01 6.980685401536916856e-01 3.559637972900844827e-01
2.461695483830499132e-02 3.032006746692460231e-02 2.152822731712989712e-01 1.464219065383076668e-03 1.907034934170579246e-02 1.125520582166400496e-02
8.308038463593411249e-01 6.804073225961436711e-01 9.918975757434589369e-01 6.305026500485837460e-01 7.607243159907151053e-01 8.502986335616150582e-01
7.312057567041414519e-01 5.485669243402025996e-01 2.440949820143859250e-01 8.865714287385344505e-01 8.229762671712543831e-01 5.474891562458007455e-01
1.906793526828020613e-01 6.537137371571123401e-01 8.686271572417444409e-01 9.194734790362417698e-01 9.229937991425689603e-01 8.234244247623815349e-01
8.003585980982200754e-01 8.674430988902133155e-01 4.747582751008222468e-01 9.909742739982903004e-01 5.897579028434631887e-01 4.553679718297482526e-01
2.017407727091600489e-01 4.778719816809988696e-01 6.435993439526855875e-01 5.416387985460460186e-01 5.542429988301103005e-01 3.009418591336640580e-01
9.292724006889018229e-01 9.601364616809134889e-01 8.600787581516056157e-01 4.053911503870040178e-01 8.721206493185280628e-01 5.221975354003584036e-01
8.262404193072857284e-02 1.494540759227161175e-01 5.365856007668246691e-02 2.887224315200001001e-01 9.423090201850252701e-01 1.572722560424526239e-01
7.518346376575713030e-01 5.206915310896362836e-01 5.505905226367717731e-01 4.776395522058010101e-01 7.433801691166889158e-01 3.600179687890551761e-01
5.335534933735479324e-02 4.326556121585878878e-01 8.711070717028348565e-01 5.274630042258650064e-01 2.052824380872153298e-01 9.502069831787226528e-01
5.946589997955438189e-01 9.581890542831698054e-01 3.925619246809253227e-01 2.854826599359512329e-01 5.020571497444459297e-01 6.250475377033118951e-01
8.451364489050394724e-01 5.927983995856431765e-01 6.422451031398156429e-01 8.508220226503908634e-01 1.697372485274194487e-01 7.876037852515279658e-01
5.759989755079512191e-02 3.245709314993622252e-02 8.896767323558649743e-01 1.660392931662499905e-01 5.708234543238883962e-02 2.006439378104133420e-01
1.811049758666333498e-01 8.184960533460371168e-02 3.325006750151562329e-01 2.261958462186157703e-01 6.471784300815691671e-02 4.273936230344377307e-02
7.372990319475887233e-01 4.316355428112220172e-02 2.760267667375385786e-02 1.158903411123901606e-01 3.331661850087319632e-02 4.774998100489846742e-02
2.498873882276709257e-01 5.606620962103697758e-01 1.903614510399435911e-01 7.969443493057042360e-01 7.499296052435745763e-02 6.531446267543370432e-01
8.043200089320719226e-02 1.580932379234820662e-01 3.958518273314445834e-02 8.494206471368670464e-03 4.260937873163838652e-01 4.844746205929184035e-01
4.772995975948231551e-01 2.759887201658130507e-01 8.986322506068941118e-01 6.607581619173288345e-01 3.202500327379437239e-01 9.580352070408633125e-01
1.230165329917153189e-01 1.116286833589639343e-01 1.301300908142703217e-01 5.697741217445582151e-01 1.109906799134383337e-01 1.255110251476950489e-01
6.871888254877293045e-01 8.403764600322988221e-01 8.104374751604845883e-01 7.510630262549966574e-01 5.082949737411175395e-01 1.248310938779764317e-01
5.101051270122496373e-01 4.978851519039925178e-01 8.601447914541376916e-01 8.967650851700454950e-01 5.386123037785727208e-01 4.280626930715544232e-01
1.850728498491530649e-01 2.528983060365725954e-01 1.479539951978889878e-01 5.108431931585073471e-01 1.240775038804387137e-01 5.147415857958683727e-01
6.528126743537573384e-01 9.291753264558326730e-01 9.789900729403141488e-01 3.663860477972775698e-01 8.287968590616927589e-01 3.767762361881407118e-01
4.279396551187636399e-01 7.786170899029025427e-02 4.237348235773157334e-01 8.265285925008356571e-01 7.549736292138784499e-01 2.964017784899271590e-01
5.896816442419996473e-01 5.214127125327993051e-01 8.646690306720714592e-01 9.649153999052941799e-01 6.745174103359721229e-01 3.354693555229107949e-01
2.033932416248697139e-01 3.406760404694258448e-01 5.575916746597345819e-01 8.271777746267616749e-02 9.733738208359443700e-01 3.471872411745982601e-01
3.904706269972903487e-01 1.026271826750284610e-01 6.547604511369529146e-01 7.941085863858461380e-01 1.108955769968404392e-01 8.707098526063340449e-01
7.100304218392670119e-01 1.889211684831284543e-01 2.313328067701555524e-01 5.841001602821052074e-01 7.321773318570830025e-01 7.578601801570066243e-01
8.995503134607275575e-01 7.761801019874710050e-01 5.678983917359312628e-01 6.038511567749083042e-02 6.489951266563616095e-01 6.265656736082481082e-01
5.133107305034202428e-01 1.280612253080194163e-01 2.270586921757513643e-01 2.560894901398569345e-01 3.478864740062072025e-01 7.764103200320792153e-01
8.543801290528771908e-01 4.541951597961042530e-01 6.017774821030943966e-02 5.495990563649684191e-01 1.027513904748870027e-01 1.769461251711135219e-01
1.733182834301240649e-01 3.944517789028639254e-01 4.634903257634014895e-01 5.275405379943549633e-01 5.610714573448276621e-01 9.475871278331718939e-01
9.858204495097185882e-01 5.746404271038801914e-01 9.268831830859222132e-01 3.579863826744258404e-01 7.141347787454132012e-01 7.509236189304360209e-01
8.118925522273115480e-02 7.944713329006855562e-02 4.079342011460099920e-02 9.499479702208191156e-01 4.798288719135027636e-01 1.523854721229564724e-01
8.979415728918181683e-02 6.860524999452242145e-01 4.855507099667669135e-02 3.194293817505240440e-01 1.649900687128785515e-01 1.721758251277800966e-01
7.814524908938315084e-01 6.363781236217616044e-01 6.248886874428772886e-01 2.075211068149656057e-01 3.421169252310788389e-01 4.707757640756705664e-01
3.287717517519966326e-01 5.350205566049234251e-01 8.757329380761822435e-01 4.897654708474874496e-02 1.085904715511782775e-01 4.927399192434469000e-01
1.933321891437445872e-01 7.347271118876709251e-01 5.256739535904777494e-01 6.021281983703374863e-02 4.202854562269994210e-01 6.128671747034162287e-01
6.886124716674643098e-01 1.734167253643917050e-01 3.336559806612614532e-01 1.710156188346445560e-02 5.552311882686554456e-02 4.489521167235994807e-03
7.236250129667469722e-01 9.377223198819824024e-01 3.430654078295979903e-01 2.156227943487465382e-01 6.527706930476165903e-01 6.189044972573906067e-01
2.925855246522297559e-01 2.042170995914713294e-01 6.840899355113516656e-02 4.794204663485288620e-01 7.055209157772848183e-01 5.151486283523970533e-02
7.284785772416141336e-01 4.083452588432757158e-01 6.855188532553299074e-01 6.671860339120030403e-01 8.709121125957091092e-01 7.786072114293790536e-01
8.930225211126298079e-01 3.937524860558015982e-01 7.360492350787465332e-01 6.987806400284171104e-01 2.105830879110331399e-01 6.204518547075442425e-02
1.983052282135440714e-01 6.916430685543976109e-01 9.754505396744390933e-02 7.258357955142855644e-01 8.845766964486789785e-02 2.346463048163634768e-01
1.701008346925736436e-01 4.021929748499979973e-01 4.594649053318069359e-02 2.813882899936288595e-01 4.285818568928006500e-01 2.843727455982238417e-01
9.719021120270844305e-01 9.585188213149683500e-01 8.292525093352712817e-01 9.945811494253575802e-01 7.016455423716000395e-01 9.786425931062061601e-01
2.594298756666096328e-01 4.508375332124781032e-02 8.433242331425914173e-01 2.726856872905045748e-01 3.424079276564236385e-01 1.589538623313888066e-02
8.317010041913515117e-01 6.283425003350596727e-01 9.250843950077829447e-01 7.302981268148869276e-01 3.537172322131849622e-01 9.601451596472544425e-01
4.751785195722467714e-01 3.460017582590506069e-01 1.835502115916666510e-01 5.372757113073021173e-01 2.920041305139869370e-01 3.341648029040006351e-01
7.014379586654212462e-01 6.689362439887258649e-01 8.476996910901689608e-01 6.902779499068856239e-02 5.088798145899268155e-01 4.055609753470971746e-01
9.204591659694312256e-01 4.696873883343897216e-01 4.246911004364676279e-01 8.158382063265889883e-01 3.867054549854681555e-01 2.420004573049041596e-01
3.300604912592283169e-01 8.078850187179192899e-01 4.868190615138423549e-01 9.500137278810143471e-01 7.280555455075338189e-01 4.727005177489690402e-01
4.909927258978163400e-01 6.787912614440112513e-01 8.379428941872764103e-01 6.201662737876176834e-01 8.162475295238020845e-01 8.781659809668730388e-01
8.911067322553122283e-01 9.561436583191361693e-01 3.763105466534018562e-01 7.161292645614594221e-01 4.659754688084587482e-01 7.723630975902904261e-01
2.381040010803241735e-01 8.480646649650412927e-01 7.748646565266762432e-01 5.067217641044408083e-01 7.230128596187117562e-01 9.661362525347660934e-01
3.388481067710727435e-01 6.832718468099755471e-01 2.559157071561527635e-02 7.332600164227187634e-02 1.388106775905741663e-01 4.006997003350953879e-01
1.922391763431952338e-01 8.733146133550061252e-02 2.865171765907353341e-01 5.082504511810839176e-01 3.903570288073474059e-01 9.964455544127763797e-01
3.679123102973030912e-01 7.497794334251811632e-01 7.411603560521418110e-01 3.829560840968042612e-01 4.928384841760682367e-01 7.358774736063834476e-01
3.465996867807440845e-02 2.055309404882653956e-01 2.330957941869238673e-02 6.816375586204230785e-01 2.159615006055832509e-01 3.691628168784812369e-01
6.635308981277483475e-01 9.590597634290423668e-02 6.332288873218666625e-02 1.908617389854043722e-01 2.190181262399152062e-01 3.726990437471792150e-01
4.579240809269138901e-01 4.681526802321742120e-01 7.498059872222880839e-01 8.476420938968658447e-01 2.684154036033370994e-01 4.071764126015170460e-01
3.771967859857909833e-01 1.309825092957413728e-01 1.218717080235557637e-01 7.202892133500427008e-01 2.129178218915624421e-01 3.747772908985572693e-01
4.167411705406828260e-01 8.234837103755554555e-01 3.935871386270674011e-01 2.982690413482487202e-01 8.302551166695413265e-01 3.423649240919637293e-01
8.388769380830404243e-01 8.086499983023044402e-01 4.180095463489124086e-01 8.413883747998625040e-01 5.872773757932207017e-01 3.959393507703863335e-01
5.029095194001578228e-01 6.468060564197539719e-01 6.201417408481552096e-01 2.395145783666521311e-01 4.603909922091176110e-01 8.906349286844660318e-01
5.081934302385714419e-01 1.913672529696277824e-01 3.841031971941571976e-01 8.641544911079108715e-01 7.493625430789344621e-01 4.315540800609410921e-01
2.896927935325905312e-01 3.292609367995332631e-02 1.411293574682314367e-01 8.389799271244555712e-01 3.128578011679538501e-02 2.815192353963952288e-01
3.320096156291036382e-01 3.256544926522557393e-02 4.433872758874484732e-01 3.241377980448305607e-01 3.777976232309572802e-01 4.506238298901260597e-01
5.100452615626007713e-01 6.047013471466876622e-01 2.837659545802191929e-01 5.121950199827551842e-01 6.069934124584132062e-01 4.007877965232040096e-01
1.807219663194228332e-01 3.198502351373677666e-01 2.836497447142044548e-02 3.493278585374355316e-01 4.613960836147091849e-01 2.346957050995157057e-01
1.323548642767010119e-01 4.233841662102896808e-01 9.131440604994018884e-01 1.870783783961087465e-01 2.405217775418297121e-01 4.318639961105638081e-01
8.593293835340041209e-01 1.127670455132044752e-01 3.186768907038776133e-01 6.446655171457678080e-01 8.722172099770768572e-01 4.151075742272664626e-01
4.333215854761014452e-01 4.579592929927440714e-01 6.547308903165927063e-01 3.030231220182031393e-01 4.565877188830282929e-01 3.379966291139181456e-01
2.539026054422229006e-02 5.419450651132550201e-01 2.265638620506731440e-02 1.039552860893309116e-01 5.013453406604561069e-01 4.381861269662397085e-01
9.762658937381185620e-01 8.128632017763194328e-01 7.662630412636063371e-01 4.509564433246850967e-01 3.432068982004681801e-01 9.443965531683936598e-01
6.153718662432556830e-01 6.735839086706268963e-02 1.213534990895790006e-01 7.267225543037056923e-01 3.121209691119471441e-01 1.957410586596548124e-02
4.885790692005323455e-02 1.181059323995195115e-01 8.510946560197281061e-03 3.226415743120014668e-02 1.691393177815545545e-01 4.092718332777761647e-01
1.883223073737358422e-01 3.653739045492314097e-01 8.917984452832594666e-01 7.300813361071050167e-01 5.173253651545955956e-01 2.493685527279250469e-01
3.207376327752665679e-01 8.161235812262425116e-01 6.360789684669311272e-01 4.750877318438142538e-01 4.030886773535404810e-01 3.184835584049101609e-01
6.668540908376708633e-03 1.434517551239194652e-02 7.330387377305285224e-01 1.304029324091970921e-02 2.111976367452723102e-01 9.847865960371137151e-01
4.844379804265565026e-01 7.298340315256758304e-01 8.038731402162503648e-02 4.791218237951397896e-01 7.421581662425964787e-02 9.061536149462620648e-02
6.758269774646953332e-01 4.712381163107699500e-01 6.045196403197096169e-01 9.808911453001201153e-01 8.430962995070456767e-01 2.557164411104945745e-01
3.364038164582716650e-01 5.152094091656377328e-01 6.639462953507997423e-01 1.120234227273613214e-01 8.795708809267144268e-01 6.423927283245831621e-01
2.368757073549396797e-01 7.562425657140162683e-01 7.591242857520691389e-02 3.953616362996399403e-01 8.291162155717655136e-01 1.068129166263062646e-01
3.856779832769889893e-01 1.486906395584596530e-01 5.727952331819434750e-01 2.587934769690036774e-01 4.453371785498305702e-01 1.820698727466942002e-01
2.769639852364073548e-02 8.996267488327409634e-01 6.531415375183129146e-02 7.077427064068615437e-01 2.513702466874992991e-01 3.110313660475720887e-01
8.882309672325463534e-01 6.188447045023477422e-01 3.459667729119880186e-01 3.067039612215012312e-01 6.629293574410788370e-01 7.800464069251993315e-01
6.133831503406438346e-01 7.072107852751129409e-01 4.899332264410668492e-01 9.242230819072574377e-01 7.591757586225968968e-01 5.604044305560734740e-01
5.727933353597316479e-01 9.499322067371727130e-01 6.536098707397145491e-01 7.901953526306897402e-01 6.241514345360132943e-01 9.759260623806178536e-01
5.572644590223790884e-01 6.004230145519484640e-01 4.246478091541228128e-01 4.805862784851342440e-01 5.808942264759333618e-01 2.544960743973090356e-01
4.716412085147268785e-02 4.315575432944373513e-01 1.493365091987813309e-01 2.228556938935071230e-01 8.050123555899444394e-01 1.141327807016013496e-01
5.130246739646487919e-01 3.158612495551065824e-01 7.438653981958472106e-02 1.601292251143604517e-01 6.046913927498206442e-01 7.716144321213005974e-02
4.939514560863441095e-01 6.353631349732109523e-01 7.587840355957014005e-01 7.763456718530505896e-01 3.201143310449346413e-01 9.013635982118919365e-01
8.829426301075070649e-01 7.773058356141071545e-01 9.491474688923694503e-01 9.626991101540625095e-01 8.730854338211563315e-01 8.542438931197574581e-01
6.592741477160447838e-02 7.018601306609824064e-01 2.342385664020761316e-01 6.279265999328345060e-01 1.677102375073873664e-01 5.547642113478059578e-01
6.623682608847841768e-01 8.699348299035976062e-01 9.018986115265652526e-01 4.559338008984923363e-01 5.515416220220765720e-01 3.457824529166265148e-01
5.792843801758086331e-01 9.727402700181325690e-01 5.000110536931404726e-01 3.773533722851425409e-01 7.327488211518208283e-01 4.979933092438768027e-01
6.058585801917740765e-01 8.182775818342519214e-01 1.354005066694906889e-01 3.086148391012102365e-01 5.243618393571111147e-01 5.450750344997676855e-01
5.445544102817995863e-02 7.135774964330506842e-01 1.188774706339512655e-01 6.214038108009845018e-01 1.973154635626301334e-01 2.518647130491278308e-01
1.239286698187890001e-01 5.390423383052692641e-01 4.308426982221443269e-01 7.982098099309951067e-01 6.087800356125180889e-02 3.850837883068011086e-02
8.123040651510105015e-01 9.143436026771841751e-01 4.437843632444779529e-01 9.753034522291272879e-01 8.086650137734658905e-01 6.409666871428461032e-01
3.267722110560166704e-01 1.831239426824884942e-01 9.146293005926525721e-01 3.694229528773576021e-01 3.511328218287230740e-01 3.800568590028219895e-01
6.797317003757015197e-01 6.341454041568854727e-01 4.903869040633910825e-01 3.178738816641271114e-01 3.023851817834842248e-01 5.243955269683036047e-01
4.521910323713400626e-01 3.436146386622669358e-01 4.629168772349172012e-01 4.804044337943196297e-01 5.776448667588760522e-01 6.623273520911524548e-01
5.955763114108296730e-01 2.828160334623568417e-01 3.454756016174503341e-01 4.600781169719994068e-01 7.124924696511313327e-01 1.638780114885944050e-01
6.000933306869394857e-01 5.771519502591189177e-01 4.836852972707741949e-01 5.608189653139561415e-01 8.071139081542753058e-01 4.548770176806152254e-01
4.157460118030524843e-01 7.545934844876553971e-01 4.746908374667795916e-01 2.833496914245188236e-01 5.371180879680615972e-01 5.242469815913202158e-01
3.171459921547629124e-01 7.128551583436628647e-01 9.539610168495955556e-01 3.694550022482872009e-01 5.009280949680215977e-01 5.120509619468207596e-01
4.522153174748772542e-01 5.205297395537347160e-01 2.831066048108328848e-01 3.710133668500930071e-01 1.357865516942490802e-01 6.790360576721887753e-01
5.293139927150689594e-01 5.911399337220983874e-01 2.353998633253770179e-01 9.796334675047546625e-01 4.888935649560446906e-01 3.064413296987795188e-01
9.445817856500189347e-01 9.904620435649211796e-01 8.958606650750342570e-01 7.140554138459265232e-01 6.428402612076214995e-01 9.324555363992895751e-01
8.061123762794535352e-01 6.125144646422863159e-01 3.389994818477987115e-01 5.464376304298639297e-01 7.462679069568537438e-01 3.812425818417501944e-01
7.762904131917901518e-01 6.234693484620533743e-01 4.077674635686906468e-01 9.146751421503722668e-01 5.070352482803882621e-01 7.361980572848865201e-01
7.612874871424206713e-01 1.286878646816315419e-01 3.283950892154724466e-01 1.958730171900242567e-01 8.354103784113944831e-02 7.835386574234795010e-01
1.819648667064002467e-01 3.151811444679736840e-01 5.230278127188519033e-01 2.358884604182094336e-01 5.771725473449897947e-01 7.552113645657945185e-01
3.020451120368118358e-01 3.822418996487349507e-01 2.347695897469414539e-01 4.235492104198783636e-01 6.348454067682699486e-01 1.046376478231913487e-01
9.047251203025261646e-01 9.745030411037369777e-01 3.809099599328789609e-01 8.034894047304987907e-01 8.921859089506224416e-01 8.955160939660272712e-01
1.206227401581164982e-01 1.932245289571462299e-01 5.944958765913672671e-01 7.553942850790917873e-02 4.373707383199793020e-01 5.253831750673972761e-02
3.115553129650907027e-01 4.207507789377530893e-01 9.359497859727350377e-01 1.593088698573410511e-01 1.199638976504960597e-01 5.569858229960419349e-01
7.740789518375148504e-01 4.108785594430431898e-01 7.591098348868281498e-01 5.781771375332027674e-01 2.339989477301785137e-01 9.017873306361005870e-02
3.263749591945663275e-01 7.212624693212639215e-01 6.813018882545520682e-01 1.765837199054658413e-01 5.470062988473132215e-01 2.670824396179029003e-01
4.245129012672624325e-02 2.142616771431263278e-01 2.798432705093011064e-02 1.901680417358875275e-02 3.441908158542703045e-01 3.175997898482065679e-02
1.429666430966445301e-01 6.190723349273933307e-01 6.434085902864316031e-01 5.111841717734932899e-01 4.973585585825633926e-01 1.716979127690185236e-01
7.597736640224560523e-01 6.936741230321669116e-01 7.234010514197710684e-01 6.517011325340718031e-01 4.726569290755290864e-01 4.365921354791606479e-01
4.110517556091438651e-01 2.518198545875150463e-01 4.080001783256910763e-01 6.127832434140145779e-01 4.277010805022850581e-01 1.475071020750550743e-01
6.456715157245960235e-01 7.154218402848359082e-01 3.043934626049105696e-01 8.479480610694736242e-01 5.381126990390028286e-01 1.223065907973803074e-01
5.661968236551497835e-01 2.737667487241501885e-01 9.285678528006486854e-01 9.080099791754037142e-01 1.339751548428012307e-01 9.832588907880261964e-01
6.193601166213209830e-02 7.301546991097970229e-01 2.493753439397018434e-01 8.629199592396616936e-01 6.480018726341120472e-02 8.507692629626606440e-02
6.971973573499015142e-01 2.157699856740817601e-01 4.346772970309404488e-02 4.447742062620818615e-01 1.511684865595580018e-01 4.052960314315630641e-01
3.274279441662403811e-01 7.395994083050516643e-01 3.600556656452800763e-01 3.777096732519567013e-01 5.921357456529025010e-01 9.622232425441272774e-01
3.624955307644049385e-01 7.064020917260138699e-01 8.446285267820335951e-01 4.484538894612342119e-01 4.518891890888980245e-01 4.752138944622937289e-01
5.014348207133120239e-01 4.424883144361275999e-02 3.175045293633688148e-01 9.483768055215477943e-01 9.415174473293737301e-02 3.479476899590026040e-01
1.010218891068717303e-02 2.705214708980749599e-03 2.853479078451420098e-02 2.118873409926891327e-03 5.562911160537127586e-02 1.776173919746586215e-03
1.859910800355012508e-02 2.026108924834921499e-01 4.069101692122883973e-02 8.844855998177081347e-01 5.700028533465610892e-01 3.355413692694950156e-02
2.235274203984901620e-01 2.216114336457311318e-01 4.589427212419597280e-01 4.224121074657887220e-01 1.131997517754480126e-01 3.761128563768528221e-01
1.084550499257279192e-02 9.773861630596596128e-02 1.008199920467974485e-02 1.769436227623373270e-01 2.492856805267909884e-02 1.340621266213920804e-01
6.920157820004722016e-01 9.219070424390108931e-01 2.405708907613729741e-01 2.988487037364393473e-01 2.452823838284572122e-01 6.189642835668733856e-01
8.202085044215540188e-01 9.477493962490245449e-01 8.971615400888249825e-01 3.897960756439715624e-01 9.212640760461220379e-01 5.734949184240554221e-01
3.539121960501353525e-01 7.557544266655866760e-01 9.943733381978625552e-01 4.907288104295730591e-01 6.700961183507285479e-02 7.158425408409559987e-01
5.891389331945560137e-01 1.583143135427632631e-01 1.418581320871730167e-01 7.542227776721119881e-01 1.811711252407620654e-01 9.734903173995941295e-01
2.342199680768809189e-01 2.307728212001991172e-02 9.619984510340710004e-01 1.429036203771829605e-01 1.182346887184024115e-01 5.893176439204163009e-01
5.217478366991991079e-01 8.870690262386958791e-01 5.495077052481819324e-01 9.410320557653903961e-01 1.951144618204131778e-02 2.757267831676347702e-01
1.852487880526803576e-01 8.299917309212716532e-01 9.066234274140790861e-01 5.039956897962838411e-01 6.889291150699957678e-01 8.163591306083177734e-01
7.827260830067857000e-01 4.350649194400544317e-01 6.764681039808713159e-01 5.446145539171993732e-01 9.817555124431559532e-01 2.748078075338069026e-01
4.796112641100168383e-02 2.066998765443780420e-03 7.358511794898616731e-01 8.253229707479476929e-01 3.808367598585135627e-02 4.547297095481914742e-01
4.346474851711488174e-01 6.050934525011359977e-01 4.462720694080650197e-01 4.632281777448952198e-01 9.890076531475620047e-01 8.194792434340018028e-01
7.495440695886068649e-01 6.040473992355371857e-01 1.719397962949915093e-01 6.231309373397380114e-01 5.492471653290823541e-01 6.380926214954936171e-01
1.562918189837805283e-01 1.473527482067124861e-01 1.252213964443505967e-01 4.142124587669968605e-01 1.492774117359704777e-01 9.779809021183670514e-02
4.839009147040765346e-01 6.028180720859839248e-01 9.089228921822289919e-01 5.162105504423379898e-01 5.621282661519111379e-01 1.820072291962601119e-01
2.305570368795052064e-03 8.928905070686518619e-02 3.566507347953186413e-02 5.867505213245749474e-02 5.151120282397557079e-03 2.930569005675196514e-01
7.789623185941095818e-01 2.882968716154099553e-01 3.314975080478728686e-01 6.785123539157211781e-01 2.857848018283501990e-01 2.206953209721174147e-01
8.842123262246879278e-01 4.578624506696057361e-01 5.731889364293760863e-02 3.481429277453571558e-01 1.467245832559576912e-01 1.835264616562077289e-01
5.235951356234137544e-01 9.146523521766426468e-01 4.027585786805958912e-01 3.497239677235484123e-01 6.904885152686336403e-01 5.320881448870865560e-01
6.491153949777237475e-01 3.322219331910949980e-01 1.435048939498238252e-01 7.198816540185362101e-01 6.256736574342045554e-01 7.976214932031711058e-02
5.516848640841903739e-01 7.077864959186505045e-01 6.986277395964706205e-01 1.021674915682524443e-01 1.728998808921322905e-01 9.397156193093648691e-01
4.342447340816622536e-01 8.093191688161682773e-01 6.365468942137250119e-01 5.687934944871813059e-01 6.606863782438548993e-01 3.522412339627774003e-01
8.271811283256451652e-01 3.594525598596124416e-01 7.599209997974094577e-01 7.035344180185347795e-01 9.054831439029170648e-01 6.777298290770112921e-01
6.489465806705008166e-01 3.193669673447359636e-01 5.679260567161786843e-01 7.183424925897270441e-01 4.459320975937232645e-01 5.949701258306295815e-01
8.489317057097717223e-02 4.066082361417358570e-01 9.455167786089220261e-01 1.152459864970296621e-01 3.688586686391312486e-01 9.003749082645871038e-01
6.325244531420459726e-01 7.542142329596688288e-01 5.411610965705034859e-01 9.329827374313026667e-01 9.593113747304934380e-01 7.501231984782028572e-01
9.414181403135279957e-01 6.266721103700818585e-01 8.294057989014811394e-01 8.508755974471569061e-01 9.188278491518783175e-01 8.176059126171049130e-01
2.763748577244502513e-01 6.001753811039697295e-01 3.723487778688788219e-01 1.444406369701027870e-01 2.686725500955792767e-01 7.212996909101980769e-01
4.631523921498919005e-01 7.542808897144336333e-01 7.639502334233833070e-01 5.841360862832516432e-01 5.018990125255119450e-01 9.206952390276921250e-01
2.294986313551917456e-01 7.458725098646906693e-01 2.106590106568674015e-01 7.254890222102403641e-01 9.234417573881834596e-01 9.923570491373080449e-01
4.291331206879950844e-01 9.381199039342336121e-01 6.538258168058269648e-01 8.865341308992356062e-01 7.674029624410838579e-01 8.348974507135146217e-01
2.725963192911143307e-01 2.172384020507974745e-01 5.501558886196122877e-01 4.390361893456429243e-01 4.811938055414486382e-01 3.962861697207787498e-02
5.839758983718533747e-01 6.140700107270934405e-01 7.874440432781701915e-01 2.739961820188909769e-01 8.152114407745790770e-01 3.554468012465287208e-01
3.968524082710145895e-01 5.060149527318364981e-01 5.637155632981761810e-01 1.103928268421441317e-01 5.729311152605478519e-01 4.150012138478650914e-01
9.610832759692067295e-01 3.334884675789990816e-01 5.966461087890392312e-01 2.959014705847948790e-01 2.636481965082354550e-01 2.154397426585087094e-01
9.342268761039714819e-01 8.796371270044879287e-01 7.168871632085425105e-01 7.656176697928458452e-01 7.820909793247802222e-01 8.970066229949222869e-01
9.805087611231732003e-01 9.472913144055735701e-01 5.973521540604957991e-01 4.454374094493687153e-01 6.812457417044356367e-01 9.332123892706788437e-01
9.804731748556852478e-02 7.088445419221678367e-01 2.964807026351548025e-01 1.418757000938057899e-01 9.038749389414998392e-01 5.340813978576329779e-01
6.001289476819512414e-01 4.586187867867973500e-01 8.688606372008822465e-01 3.121426159050315619e-01 6.824043746367035590e-01 5.454299970177980406e-01
1.321876277729185367e-01 4.516145535903392516e-01 5.464951639078773349e-01 4.763560954015702009e-01 1.359954484852954615e-01 6.209033155365493162e-01
8.827787695884659058e-02 7.473598436259111244e-01 1.762721208541584983e-01 4.380399179644882679e-01 1.297382130050925841e-01 5.405314947043923235e-01
4.295257499854492345e-01 9.186839902394423607e-01 1.530680047279299738e-01 8.600578291807323694e-01 9.696320523006429770e-01 9.115889349750796455e-01
5.367428478461876429e-01 5.657107881811173078e-01 9.060034974151682796e-01 5.330211045220494270e-01 8.046369178852791348e-01 6.753010547547443343e-01
3.299452832030808080e-02 4.131602620736669201e-02 4.088395914916387874e-01 1.971199125982820988e-01 6.097602413564184171e-02 3.236723570437897712e-01
6.644109518342095067e-01 3.494646249485414691e-01 6.366303585188235470e-01 5.144318495877087116e-01 5.406580867317001271e-01 3.688870152388563639e-01
2.258779523705659598e-01 3.299375120808090700e-01 1.153519764720814245e-01 5.370049534831196070e-01 7.550299263613916567e-01 2.834941303637457666e-01
2.421395367628720319e-01 5.868758091548561540e-01 2.926150711142437855e-01 8.391514576505869627e-01 8.020273122396081034e-01 3.649491932141257777e-01
8.326451889438509779e-01 3.384431094229100601e-01 5.697501773746063147e-01 5.979159653652459383e-01 1.867178953129514929e-01 6.585421777860801518e-01
3.533897618983996014e-01 8.172453108959290002e-01 4.110354076908921406e-01 9.124537021853029728e-01 4.172221282066046477e-01 8.066955128233637140e-01
5.090563682232542853e-01 8.242274376371676592e-01 8.431803927903790408e-01 4.988174927420914173e-01 8.554248558990250606e-01 9.684059920679288780e-01
4.569853709258603902e-01 1.467846727757645686e-01 1.288789043740394824e-01 2.761091184802353382e-01 4.389102275324441305e-01 4.140919764842776463e-01
6.194273007429664801e-01 3.051800606891957868e-01 7.596110366864183838e-01 1.896285105030983686e-01 9.015690626644220496e-01 4.605706632200188277e-01
8.081674683933831593e-01 6.354344253962240785e-01 3.495073315075712395e-01 4.192757087294012308e-01 7.107233667274699407e-01 8.592495199543122297e-02
2.922707539554848521e-01 2.160773765706452965e-01 7.238617672741356479e-01 1.102883734274655581e-01 6.991104366297345996e-02 3.929383676413488735e-01
1.528813969058349098e-01 5.342770911610050799e-02 5.666684992950439259e-01 1.699732011184096336e-02 7.256504789570715763e-01 7.277014765832637289e-02
1.606935620842984969e-01 1.996538569721885426e-01 8.466178671806504630e-01 9.483153698965907097e-01 8.255172225137172859e-01 5.218508733756671569e-01
5.239399889069704663e-01 8.943146875913519089e-01 7.025502490499179187e-01 3.503818649332970381e-01 2.342242559954872960e-01 1.946714231794072769e-01
3.284657560435834123e-01 6.753968457885213203e-03 9.860940645749374789e-02 3.346799176651984453e-01 2.866166746282666072e-02 8.193809298688621290e-01
6.996240681446730392e-01 1.045134448018516932e-01 5.738270835854841073e-02 8.866577595472335815e-01 2.073782150965026716e-01 7.785011190876009457e-02
6.577588851894814459e-01 4.423829093426198122e-01 5.086404780957494154e-01 9.216781728900969028e-01 7.313933392215223872e-01 9.484281916843068094e-01
6.918649406459492779e-02 6.737880885513615470e-02 4.099649153815520392e-02 5.617014248855412006e-01 1.461013264011263857e-01 8.102041352632166626e-01
4.029085110015153126e-01 4.986614114293597688e-01 7.804498151252790006e-01 6.296255073975771666e-01 6.545325234700078987e-01 3.384906649042608850e-01
