7.757272104894716858e-01 8.331765533317535555e-01 5.995365153560628935e-01 3.343307338654994965e-01
8.451101746179834340e-01 7.975440618312340524e-01 8.042380505033375204e-01 4.804917483124881983e-01
8.616289248958249880e-01 7.544937151531174724e-01 4.203312486678120741e-01 9.680377289187163115e-01
1.668482808616432167e-01 5.947515564911018959e-01 2.677010393689920331e-01 1.419103352818638086e-01
7.066049988109208702e-01 6.090082087031886138e-01 9.363954290505035472e-01 7.303455639630556107e-01
5.834782133545289851e-01 4.320338850216374205e-01 2.621106507489698867e-01 8.939280346967279911e-01
9.993528161089653139e-01 9.989646663106084290e-01 9.960199780254748170e-01 9.978266737889498472e-01
9.130212305330236422e-01 9.516143922799076282e-01 9.743060067871933683e-01 9.981579463928937912e-01
3.339381616571801548e-02 1.024020051763516181e-01 7.321178719460429418e-01 8.327961957547813654e-01
9.463508777496397739e-01 8.114779448380387006e-01 9.009964673933714696e-01 8.672233254183083773e-01
1.161775889658543393e-01 1.015665662469071862e-01 9.343990351868525224e-02 9.871474327519536018e-02
1.253880306087480356e-01 1.960432507378628286e-01 4.459299845803231799e-01 2.130910602863878012e-01
2.781995392942173129e-01 5.061769657038291959e-01 3.546076042657392846e-01 4.409671940375119448e-01
9.038819476438972877e-01 7.178328479478923718e-01 9.382919795397839380e-01 6.063704043626785278e-01
3.185998548084478799e-01 4.916608539840410241e-01 4.981284041967468101e-01 2.340826278086751699e-01
9.869633187693411802e-01 5.975634433808738599e-01 9.956515362801890978e-01 9.246563652995973825e-01
7.723498677261502188e-01 5.815197754218307535e-01 4.888269651872058086e-01 7.112410019617527723e-01
4.923246190020408308e-02 3.877762915270765998e-02 3.424505230046278048e-01 2.064894323702901602e-01
6.147074375243517519e-01 8.504478886951637451e-01 3.945227898262931854e-01 7.022108123637735844e-01
1.417009969827900395e-01 7.332464360494889144e-02 3.675766995745067267e-01 5.293447803705930710e-02
3.020925744568713212e-01 3.813205679943576509e-01 5.493408714540276572e-01 1.804404349531978369e-01
8.570297243153720546e-01 1.901183269579294066e-01 4.284305690380086906e-01 1.601801295764744282e-01
2.909517051333088133e-02 2.538159117919996932e-02 1.323764431224705440e-01 1.259977759327739477e-01
1.113930650690188040e-01 3.387805626511936063e-01 3.115945784034219734e-01 5.881338831968605518e-01
2.439848344910384714e-01 8.178302864949638096e-01 4.724737914830303698e-01 6.545976197812706232e-01
9.669829692564038126e-01 9.343419127566510163e-01 9.755584885353214553e-01 9.441968030296266079e-01
4.756945266856131282e-01 6.456673444092642100e-01 2.403982522992337834e-01 6.223869952373206615e-01
3.861659089371016762e-02 3.405121521966457676e-01 1.328400133248269777e-01 1.330585989635437727e-01
1.510248487244375548e-01 6.481135020579786854e-01 2.216984638897004922e-01 8.361682354006916285e-01
6.753204926412201825e-01 2.895406462393443903e-01 6.361057432597567729e-01 2.730078080203384161e-01
3.199892028755302320e-02 2.113118653827128490e-02 1.003536670705775791e-01 1.330335370730608702e-01
4.804923008858758005e-02 9.343131478123051226e-02 6.000463174385828324e-02 5.048253410495817661e-02
2.477447573030747141e-01 2.529446486051217802e-01 1.019548890912723715e-01 2.086802113335579634e-01
2.776189531108348985e-01 5.197099668059051991e-02 1.417309864031378597e-01 2.240860045421868563e-01
1.679274019622789549e-01 2.373421954922589894e-01 1.166888747799689208e-01 2.217948150355368853e-01
2.094150986640401224e-01 4.836987957806575533e-01 5.487779282864084784e-01 3.113290192559361458e-01
5.942993766913334808e-01 4.928091799042644272e-01 1.684207885192378629e-01 4.007103999610990286e-01
1.762906451373598138e-01 5.238713068435403297e-01 1.897982683173266016e-02 6.679429658688604832e-01
6.257492637895706311e-01 5.455021488051127188e-01 6.071508596930926815e-01 7.737255792599171400e-01
3.678503576074412806e-01 4.547436992903931552e-01 1.951209784916165257e-01 5.625057828146964312e-01
9.763751750688265396e-01 9.742362609234043180e-01 9.188046413061736750e-01 8.241843821015208960e-01
9.306336324220727541e-01 6.742999240488876111e-01 6.909341667479822480e-01 5.675470419228076935e-01
1.380299298015534304e-01 7.605829768360663490e-01 1.250095201455733163e-01 4.432687882799655199e-01
5.840258075121967929e-02 1.690790224762639404e-02 1.980435914323313562e-01 7.396348239853978157e-02
2.460390607553246123e-01 1.814088905572743271e-01 3.687863969417640719e-01 1.146319406107068062e-01
3.514283286573738341e-01 5.431398593762745142e-01 6.632876538877415795e-01 8.395577215123921633e-01
8.113576255733374598e-01 9.563826248410556286e-01 6.326982309968118834e-01 4.889270621351897717e-01
9.072800477364364458e-01 8.898711747150167550e-01 5.673090410495770231e-01 9.157274104654788971e-01
9.603275836441149682e-01 9.048472791887285371e-01 8.158423978798958753e-01 8.291768976487219334e-01
4.035061961002056607e-01 3.485662223156954509e-01 6.607590815072209578e-01 2.163188336417078972e-01
2.188865534331752571e-01 7.825392495522238701e-01 1.092406902814538894e-01 6.581948248203843832e-01
3.830974184628295198e-01 5.417100067896241100e-01 6.515691480088948717e-01 8.723012984264642000e-01
3.486436018175157470e-01 2.402225651236498671e-01 2.515169158469956479e-01 2.667427468113601208e-01
6.192760552987125466e-02 3.345020834939715915e-02 2.771422215195902261e-01 4.229370364919304848e-01
1.628138160626585451e-01 5.965265651822591053e-01 3.534534029695776125e-01 7.955857389606535435e-01
2.115318783568855832e-01 3.714312868677720481e-01 1.031747882027472252e-01 3.131214492022991180e-01
1.302926734573408019e-01 1.027869617084612441e-01 2.212699192258241188e-01 1.848731003701686859e-02
5.734451635096393662e-01 6.356857732276589568e-01 6.647623218231020203e-01 6.627890516538172960e-01
4.439293212312696579e-01 2.338446709908044707e-01 3.129782957107244412e-01 1.397887654602527618e-01
2.204453758242037043e-01 2.792714397744464616e-01 5.926402698186341578e-01 2.104719951748847961e-01
4.906877388576805776e-01 2.598186369891442027e-01 6.705760961439211076e-02 1.842497522011399269e-01
6.573633305704050800e-01 4.718668250524226671e-01 5.889095569556911380e-01 6.956911280285567045e-01
7.849845889888690253e-01 7.882032202004809474e-01 8.154023915968406921e-01 7.840650922153145075e-01
8.082314567597370658e-01 5.975369054587215123e-01 2.846296790876944316e-01 8.637266892474144697e-01
2.628607554947837710e-01 6.614880164969605403e-02 3.148001734082275238e-01 4.020739195402711630e-01
2.977452604591869778e-01 4.877659455123586341e-01 1.525341198722391933e-01 3.078127142507582903e-01
3.076005665946015544e-01 8.717659606561589669e-02 4.518001350444749153e-01 1.295529128983616829e-01
7.378280485710891901e-01 5.348178138425814243e-01 2.105023706272085016e-01 5.162695806939154863e-01
7.460301063700843782e-01 6.057832294139959828e-01 4.421336236233624484e-01 5.243321484886109829e-01
1.356562646025643026e-01 8.883564231469387451e-02 1.454730100988145813e-01 5.271452253218740225e-01
5.096891349479300004e-01 6.388978364571235025e-01 6.786435271002324576e-01 2.869599142577499151e-01
5.797745984876618852e-01 4.074875883641386753e-01 6.408026801341747403e-01 8.523016956169158220e-01
6.227297074406952238e-01 7.549232503364028402e-01 4.870084477706637660e-01 8.455167037900537252e-01
2.523327700142863339e-01 2.218116775317727218e-01 3.495522985043421627e-01 4.955310204531997442e-01
6.026007979166786432e-01 5.260772299704571386e-01 3.074010485034647799e-01 2.726497109979391098e-01
7.102421488290712182e-01 5.683969274519381498e-01 5.534002149683627803e-01 6.723479812499135733e-01
4.125252715122021963e-01 5.434839679008379720e-01 2.379932555211595191e-01 3.651922235731035471e-01
3.193075629029773488e-01 1.482615233905604235e-01 3.772072432477452941e-01 2.767734066583216190e-02
3.480501539124010724e-01 6.006665616892401527e-01 6.474387927375874208e-02 5.242035461124032736e-01
8.510783639314846161e-01 9.589501056289786440e-01 3.079624480941433595e-01 8.873306096065789461e-01
9.895685482319223070e-01 8.161390925246503336e-01 9.985189401610216064e-01 7.236182510387152433e-01
3.714086429493108077e-01 8.807659043122362252e-01 3.459945988517122428e-01 4.234531486872583628e-01
9.445335711651683397e-01 9.849133625080783716e-01 6.919522521951129157e-01 8.205613677855581045e-01
3.133548451707828253e-01 2.484798059237843249e-01 3.188862361074696894e-01 6.089514833875000477e-01
9.809317656461147283e-03 4.045170110939300123e-03 2.526248070983266869e-02 2.466598292812705040e-03
1.482912802476229475e-01 2.418330678499427400e-01 2.427357158018804140e-01 3.791760343592613935e-01
8.537263225014800616e-01 8.673336161841104230e-01 6.150903739845134943e-01 5.428310192655771971e-01
5.579502741646544806e-01 4.431045788528010232e-01 4.923695944882489628e-01 2.767616303171962500e-01
3.527873861938615185e-01 4.176467042119072492e-01 2.875714704392945409e-01 8.326915400102734566e-01
8.438008332671118605e-01 7.120327309031014851e-01 8.632428025288931828e-01 4.251132756471633911e-01
4.787099961476220522e-01 7.376226932199567710e-01 8.992744667679120063e-02 1.352766889613121748e-01
6.788055159371413350e-01 7.788113063992340157e-01 6.170593737707159576e-01 7.939877323806285858e-01
6.434331200177921817e-01 7.310139133594498739e-01 9.210538122188238752e-01 8.488132562488317490e-01
6.833363031507770913e-01 3.329399755786806026e-01 8.088452816852136351e-01 1.703324548434466124e-01
1.584813534356622200e-01 2.048125327306115073e-01 2.115604168771056948e-01 3.625535455066710711e-01
4.313798113003550760e-01 3.909132368873727281e-01 3.539438240838508887e-01 4.538195240311324596e-01
2.831959049424047636e-01 2.851553807742968072e-01 6.212248954261317957e-01 2.964456959161907434e-01
9.814933777071388477e-01 9.300843692019955533e-01 9.967709105786404233e-01 8.103000114206224680e-01
4.948487939858138285e-01 1.500811343963341926e-01 3.472239040108133779e-01 2.542885183356702328e-02
7.044143108827974897e-01 8.633950072053550029e-01 7.698933254542110749e-01 8.199656677898019552e-01
5.074543576296249858e-01 4.328249895290938176e-01 8.774214653373294537e-01 7.612015181221067905e-01
3.555596661927666324e-01 4.928839607883304108e-01 6.791228066433214750e-01 9.562377214897423983e-01
7.337490930178345305e-01 7.495397992785448604e-01 8.328090908654720570e-01 9.571938719600439072e-01
6.876872538841716231e-02 7.397133558872692749e-02 7.697744925603927646e-02 9.961013495922088623e-02
4.435497459920962893e-01 4.687480146287152372e-01 9.155258863485247200e-01 8.855767324566841125e-01
3.360171697841923821e-01 4.325383841242283478e-01 9.153583369678706116e-01 9.123851037584245205e-01
5.330872706765685809e-01 8.937435273691622939e-01 3.083745450174001368e-01 7.611027059610933065e-01
2.729037289268843036e-01 3.994894361495602286e-01 1.821604389616797159e-01 1.557600442320108414e-01
6.897896030227267383e-01 4.608770639473445119e-01 1.561176402040805322e-01 2.344598935451358557e-01
4.497715041960179128e-01 3.757387108555770849e-01 3.227383764895721541e-01 3.102173840161412954e-01
3.652202315223769258e-01 6.000972877186064869e-01 8.880153406086371826e-02 7.258962041232734919e-01
3.008002195454534400e-02 6.407629342451670595e-02 6.564528218705822926e-02 8.914234139956533909e-02
5.042495495450222132e-01 6.822089768093245743e-01 3.081996509529567607e-01 3.848643538076430559e-01
8.815943002316332100e-01 5.196380470331086743e-01 9.242318328931073967e-01 7.927037132903933525e-01
5.078092996765870559e-02 2.756783639143172149e-01 6.004157931233178314e-02 3.734306534752249718e-01
2.103947588750290087e-01 3.564704603620272305e-02 4.516296532491026472e-02 3.667034532409161329e-01
9.579196130539457954e-02 2.659358436344888554e-01 7.757328146858041285e-01 3.443816343788057566e-01
1.102760711688874906e-01 1.353809177370182693e-01 3.377133338814800601e-01 6.562304077669978142e-01
3.353437474561243858e-02 1.039936357861162008e-01 1.131846225764785996e-01 3.024998533073812723e-01
5.290480211577888170e-01 6.265692661483297510e-01 5.700635722917226644e-01 3.147276649251580238e-01
8.124309882610822875e-01 8.804103536023608623e-01 9.614936328860979042e-01 8.511661116499453783e-01
7.203159489589656683e-01 8.501649127344321766e-01 4.877160186998864555e-01 6.120944910217076540e-01
4.567417872317502403e-01 3.278730668016618388e-01 3.371411631360197170e-01 1.937721730209887028e-01
3.611111170376084534e-01 3.140116857508485348e-01 1.035956571626263090e-01 6.320063048042356968e-02
4.812724127345006098e-01 1.305627114259806931e-01 6.498976252337261839e-01 3.704118581954389811e-01
7.826470097834903328e-01 8.215987474446602157e-01 5.424952887121358147e-01 5.019692410714924335e-01
4.020943590629941222e-01 6.948105800883089822e-01 5.547057107027160150e-01 6.793532080482691526e-01
5.408099470979802481e-01 6.021062280856828153e-01 8.399263717710401256e-01 8.725938431452959776e-01
8.310173709762685990e-02 9.026135612849017775e-02 1.704822602497018114e-01 8.835965744219720364e-02
1.667888872143726275e-01 2.602350582795120992e-01 6.526916762565696528e-01 4.830345406662672758e-01
6.630101100778629242e-01 9.421510500593441861e-01 3.019171969698214442e-01 3.868178795091807842e-01
2.666847373578526970e-01 5.094572555727164831e-01 4.850841410019649524e-01 6.969137156847864389e-01
1.910386398299205868e-01 3.643288281635711501e-01 3.563728813464350775e-02 5.648845774121582508e-01
5.770173525961623806e-01 9.103395718873220632e-01 5.445969914214541241e-01 9.632955982815474272e-01
1.522044396179115244e-01 2.657981705838186604e-01 4.422632981218754811e-02 1.048790134955197573e-01
3.456781931720879220e-01 4.047090700992755918e-01 5.932518007861860010e-01 4.398541257251054049e-01
5.621940166938995675e-01 5.542079205642090889e-01 7.648076208371525908e-01 5.430748609360307455e-01
6.527733359259063617e-02 1.537656101648516849e-01 3.090631058336562598e-01 3.103181615006178617e-01
8.208155395874568994e-01 8.828900076858853252e-01 7.385423967680591062e-01 9.630422333721071482e-01
7.185141370297374319e-01 8.709339045667714441e-01 5.874633901551418180e-01 9.868138786405324936e-01
5.065310065269403861e-01 4.833266289171660457e-01 6.720707204385422129e-01 5.679641980677843094e-01
8.224409705102072587e-01 9.801135810190846342e-01 9.219686402637512490e-01 9.660909005906432867e-01
9.346416288417944696e-01 7.987906243457287836e-01 6.633290947019231387e-01 5.955799715593457222e-02
9.007674027911918291e-01 9.513158721744530144e-01 7.723537827180110282e-01 7.315254688728600740e-01
5.369582485172096353e-01 6.498002848971357048e-01 6.262901708801075218e-01 4.115451001562178135e-01
1.087604525285893464e-01 1.457833756634674405e-02 1.441522332564587616e-01 7.892357348464429379e-02
7.805512962787890530e-01 6.030771900679098296e-01 7.489287588292972142e-01 6.504611053969711065e-01
9.982861508754643509e-01 9.922153209829698284e-01 9.270216102779008649e-01 8.275453648529946804e-01
5.791229964090245375e-01 4.520824969593327247e-01 1.996271836786465137e-01 5.068351479712873697e-01
7.143032751554065918e-01 5.497800673850552489e-01 5.224594725744667878e-01 5.005677933804690838e-01
4.001498083755759549e-01 7.236411702586353911e-01 1.087675233729905044e-01 5.820096891839057207e-01
6.546804794130289817e-01 8.054643221025290512e-01 7.390340971264975911e-01 8.731121974997222424e-01
8.554408720303403602e-01 7.615201019569117769e-01 8.136266729289631794e-01 4.792479355819523335e-01
4.757936302270950324e-01 4.371874831093747193e-01 1.143779516120064232e-01 2.351200983393937349e-01
2.662312587271362663e-01 6.437808990366516992e-02 9.700639896015322838e-02 1.513687132392078638e-01
8.349346382747604434e-01 8.102904220814084457e-01 9.873228694262223826e-01 8.379127432126551867e-01
8.651164887751078281e-02 3.427660458193693138e-01 1.127479079986056232e-01 3.048216914758086205e-01
7.189133981978063082e-01 8.068263813373010018e-01 8.898198970762276616e-01 8.213710067793726921e-01
5.251195447088856660e-01 7.270140601830940019e-01 3.310803862386959562e-01 9.128833923023194075e-01
7.114922008481062710e-01 6.381142290419209440e-01 6.729805598775460140e-01 7.098151049576699734e-01
7.079172982320154350e-01 8.415000897627415988e-01 9.556449784721753327e-01 9.008700475096702576e-01
8.592401661283226577e-01 8.787719415886450225e-01 8.206882857688613253e-01 7.973631981294602156e-01
4.573791847412874700e-01 6.860970980865165325e-01 7.565369020071757156e-01 9.491119214799255133e-01
2.770920040655912020e-01 4.816378406164071313e-01 1.105942881010231194e-01 4.247459454927593470e-01
7.709030601185741238e-01 8.381379070549155319e-01 8.657229578453391472e-01 8.131047945935279131e-01
4.079276982806555041e-01 4.200609434848867618e-01 1.292601697751292744e-01 4.442057816777378321e-01
3.848738197400548011e-01 3.013569379819664995e-01 3.800313456130847700e-01 5.320593437645584345e-01
8.221946751045801083e-01 6.068419829151242562e-01 8.446346243649052177e-01 7.383396557997912169e-01
7.964708540054292740e-01 4.836097138562709397e-01 4.728636347128195583e-01 4.789323282893747091e-01
9.364536052413414691e-01 9.969763815248747774e-01 9.373120947933964997e-01 9.622325466480106115e-01
7.602901017983518805e-01 3.377708723368867405e-01 7.943408103125879638e-01 2.532614925876259804e-01
9.595261577302106604e-01 9.033767000465224850e-01 9.751413024916901762e-01 7.793532421346753836e-01
1.454566880396468420e-01 2.141154145216939142e-02 2.085406806023414328e-01 1.345233921892940998e-01
3.273176074667563107e-01 6.001344802330365047e-01 3.177693141171225033e-01 5.696214199997484684e-01
1.028422814039453015e-01 5.960749264668979697e-02 1.473901075014116824e-01 4.881230881437659264e-02
2.312937536867564758e-01 4.024949520805359837e-02 6.015009909955136846e-01 6.967094261199235916e-02
5.420342656834734596e-01 4.635622815346887027e-01 6.828309521278548289e-01 6.248716169502586126e-01
3.788071650782192101e-01 1.855807076598991467e-01 7.466118325008181955e-01 5.965468054637312889e-02
2.942114871112028185e-01 7.846617497860625123e-02 1.530257403648329628e-01 8.794742054305970669e-02
3.637197736384275570e-01 2.819580025838557269e-01 3.899452346094076649e-01 3.969895108602941036e-01
9.273876492658849058e-01 5.960930882819563958e-01 7.538857675456031027e-01 5.477107607293874025e-01
6.701448616146534754e-01 2.471113451120144910e-01 5.415486976813793651e-01 1.994331437163054943e-01
4.889533088249098935e-01 7.844364190238439782e-01 8.119725224161749022e-01 5.477356938645243645e-01
3.896710533024982381e-01 5.406092553642760645e-02 7.450652557225019290e-01 3.903887327760457993e-01
4.090893388459677649e-01 2.010514296531690226e-01 1.999131717412425124e-01 2.084502223879098892e-01
2.439620323544410274e-01 3.756907212842515165e-01 4.166357960429312168e-02 2.043911032378673553e-01
1.946047644820758649e-02 3.016910101541925293e-03 7.165272277613304874e-02 5.863908352330327034e-02
4.008923085143363818e-01 5.133653697000204463e-01 4.219627804343746846e-01 3.380493195727467537e-01
7.130276438058156252e-01 9.343132039238556397e-01 8.328156128928709823e-01 8.453377662226557732e-01
9.072835739611863071e-01 9.530648722263973527e-01 7.539165231489792784e-01 9.429777103941887617e-01
5.278335973440404505e-01 7.196544801535897928e-01 6.017916036157131554e-01 9.414667666424065828e-01
6.596717238347946655e-01 6.165109801864170347e-01 5.851191524977756853e-01 5.876398854888975620e-01
6.207227891721509572e-01 9.221412572624955173e-01 4.863705569171565268e-01 7.450306056998670101e-01
3.574966429831444303e-02 6.090899669978611097e-03 1.862116394765319094e-01 2.580639929510653019e-02
7.974201736392814155e-01 3.856023064709211967e-01 3.069825174966273051e-01 2.781306705437600613e-01
5.162879533189235204e-01 8.000292245241036326e-01 6.018997133203018990e-01 8.694608241785317659e-01
6.007311623072424389e-01 4.622651685241226938e-01 3.341999782718200196e-01 5.455170739442110062e-01
6.745680074926208025e-01 5.807276253645097253e-01 6.134533123175094360e-01 7.565803285688161850e-01
4.332734056578291248e-01 2.453817838027345100e-01 1.637792920011723607e-01 1.045060001779347658e-01
1.133662208054206366e-01 7.920020689733137109e-02 1.521070149933556603e-02 6.417222297750413418e-02
7.882010849201936953e-01 7.285508303476559977e-01 7.582712162726591432e-01 5.779738465789705515e-01
8.547201761691418653e-01 6.370178398410879517e-01 3.064414568989230481e-01 6.255317453760653734e-01
8.117099964177616478e-01 7.593698777434469971e-01 6.630789468744682225e-01 6.066294838674366474e-01
9.210563316892262931e-01 6.301335615555612168e-01 9.040539917246341872e-01 9.400629168376326561e-01
7.126459813431917922e-01 4.197632020827560817e-01 7.600567391293379105e-01 7.508095807861536741e-01
6.806358465273615321e-02 5.953921776694952595e-01 5.364490453342368737e-02 4.323166315443813801e-01
8.792628944657168155e-01 5.385547875519652861e-01 9.237457431851534562e-01 8.711442551575601101e-01
2.882453687956957333e-01 2.956613961644338207e-01 3.379278875998102949e-01 2.254358665086328983e-01
5.852463658439033267e-01 6.342105731720975026e-01 6.283777615180680121e-01 4.010194365400820971e-01
9.385567752725434421e-01 5.034869358734131994e-01 9.346735702742690055e-01 7.378321234136819839e-01
4.693252301720795550e-01 6.206084220358172310e-01 8.161100732582495798e-01 2.670602614525705576e-01
3.545931206463678320e-01 5.734837907757255326e-01 3.222706101967288683e-01 6.555550927296280861e-01
7.035278782667373498e-01 9.471627759798815216e-01 4.690301824543657849e-01 7.790975270327180624e-01
7.959200998458858534e-01 7.471837619902491623e-01 8.872939955778804677e-01 2.200529274996370077e-01
5.426662246419907687e-01 5.353292329896370827e-01 2.312033563127764979e-01 2.679520319215953350e-01
3.688778309324171056e-01 6.627572716322917001e-01 1.440371020075238429e-01 6.465655798092484474e-01
6.704210607938458910e-01 5.538136771208725939e-01 4.761929345419199100e-01 3.855553716421127319e-01
2.093764745202223443e-01 9.698247243330559986e-02 8.217710123133042943e-02 4.024525731801986694e-02
7.798997501061011306e-01 3.990972867275906499e-01 8.045621430973199928e-01 3.995584547519683838e-01
2.244038613498360313e-01 4.609394111320515020e-01 9.596959130884047395e-02 2.757400269620120525e-01
8.382708333508173126e-01 7.170309640266361306e-01 9.788594452244954169e-01 6.432758325245231390e-01
1.463167232904704629e-01 2.980235432630762293e-02 8.861288027930447342e-02 1.185678611509501934e-01
9.628732068453706994e-01 9.311113002955314633e-01 9.393412454689564761e-01 9.028012237977236509e-01
2.233766728680612323e-01 2.406270480538821310e-01 6.587443151272937003e-02 3.235243177041411400e-01
8.763254870531390628e-01 8.396231128694261470e-01 9.853760250696450562e-01 7.622024542652070522e-01
5.991150021309781248e-01 1.564775523890430398e-01 4.880856543013477045e-01 1.632187610957771540e-01
1.967265758342728321e-01 1.821929820377284903e-01 2.731115108850263873e-01 2.428900895174592733e-01
7.412864708807677117e-01 3.231989874393353945e-01 4.983856811821835153e-01 8.130093771032989025e-01
3.098474076340655414e-01 3.896991572942104520e-02 1.628417775311657434e-01 1.506759598851203918e-02
8.944547276714106543e-01 8.238231241986024855e-01 9.566798332897261670e-01 8.855703533627092838e-01
5.399768661152043459e-01 3.313754180123579807e-01 3.859080567031908382e-01 6.041768838185817003e-01
5.302729475270856474e-01 5.413135501861144894e-01 4.281519978207236066e-01 4.874399693217128515e-01
1.087241915805153836e-01 1.742121912058933741e-01 4.878324135175698961e-02 7.755632186308503151e-02
6.429664811285209503e-01 5.939307305385108648e-01 6.442566185733774597e-01 5.114073129370808601e-01
6.680026967199910182e-01 3.946911335527040210e-01 3.850509076611281500e-01 2.576585179194808006e-01
7.409384690669053031e-01 6.487467234002463057e-01 7.758058658181241629e-01 8.179581724107265472e-01
6.231498355287158342e-01 8.149261539649912400e-01 5.844449367784406713e-01 7.373187441844493151e-01
2.191659434259563555e-01 6.572071448142173811e-01 2.472848898902235137e-01 5.149362932424992323e-01
4.570773848434722675e-02 4.476099560795077092e-02 8.854378491005604479e-02 1.168911166023463011e-01
9.226131642978220304e-01 7.498483144545960988e-01 7.198536817260425824e-01 4.867411782033741474e-01
4.196016547402673935e-01 8.647521057169983427e-01 1.640256474889811300e-01 4.592623549979180098e-01
9.674295678801512199e-01 9.711935045904723784e-01 9.190024896110102759e-01 9.913182635791599751e-01
3.887816760248610226e-01 3.914370941370443058e-01 4.942573740491567058e-01 2.174651157110929489e-01
9.124729805230092916e-01 7.668621118044005591e-01 9.262785478228725555e-01 8.981610683258622885e-01
8.527178099984162873e-01 8.195286922981623867e-01 7.507897436676786995e-01 8.753255007322877645e-01
8.474223614439534424e-01 8.612853469323171751e-01 6.465846603014557825e-01 8.719838287215679884e-01
1.911645821361583897e-01 8.053447714184591710e-02 1.773397177418176707e-01 2.515944158658385277e-01
3.980195632259233562e-01 4.523094898858243118e-02 6.576355031348847247e-01 4.917484056204557419e-02
3.139548891868466640e-01 4.632704252815964541e-01 8.184852809004528051e-01 6.878704093396663666e-01
9.949148204564315368e-01 9.347443902837062613e-01 8.693007483468495611e-01 9.771802155300974846e-01
1.205950800985708393e-01 1.737237121309376242e-01 3.514963856118691332e-02 6.325742881745100021e-02
4.730459249705435409e-01 6.808613427352319114e-01 6.695461707337718726e-01 3.874890122096985579e-01
4.533985012425887362e-01 7.662038505144842526e-01 2.900279109602357241e-01 6.987939323298633099e-01
8.705500764885645282e-01 8.365266017414652033e-01 5.533056707726873302e-01 5.934294087346643209e-01
9.344843465960888107e-01 8.266189105036015894e-01 7.303344961811034652e-01 6.035171528346836567e-01
8.906499895037121028e-01 9.661682725092034518e-01 7.780275500000648492e-01 9.537057902198284864e-01
4.389433218053850894e-04 2.080332958159292200e-03 5.983021716981506977e-04 2.361004240810871124e-03
1.736000739468468446e-01 3.244846723445042880e-01 5.789545207014125117e-01 4.981081443838775158e-01
5.953534770167756562e-01 4.204635786026978406e-01 5.440703238275994558e-01 8.980466448701918125e-02
7.504263668245434449e-01 7.700970344011482949e-01 6.076041038763432267e-01 2.059231593739241362e-01
4.541974446356085160e-01 7.199441137422166737e-01 2.649299297794931451e-01 8.058097357861697674e-01
1.848318447198249448e-01 4.343353984321048356e-01 5.375143208404330464e-01 4.359853286296129227e-01
4.486620017545763783e-01 3.659710477971855891e-01 1.616780714058027035e-01 3.256562273018062115e-01
9.450238161618231825e-01 7.675721359501274099e-01 9.563503881989455779e-01 7.777291953098028898e-01
2.376218208047110592e-01 3.647888062398008113e-01 3.158771835511459680e-01 3.266882051248103380e-01
9.312756765713199325e-01 7.213714903284116353e-01 7.402434838617892865e-01 6.722164745442569256e-01
2.430256226306360956e-01 2.723115143034777752e-01 3.890083045918880655e-01 3.506587443407624960e-01
8.133753314458398442e-01 9.839176799931617090e-01 5.213488494081103264e-01 9.155936024617403746e-01
4.241811527314798269e-01 2.488288672808267044e-01 3.824976731679715636e-01 3.237704804632812738e-01
7.163279001743816377e-01 9.366555367449477254e-01 5.674406975349819415e-01 8.421371700242161751e-01
6.146567845961052878e-01 6.462658032458790114e-01 7.607108117308993833e-01 4.645598537754267454e-01
2.589637179928732102e-01 2.996374404695271165e-01 2.035120451977360800e-01 1.852103609126061201e-01
7.637641042751179832e-01 6.730828315801783424e-01 8.789194862327029956e-01 7.656285034026950598e-01
4.932937166563462483e-01 7.125082403561748823e-01 6.731632195143041342e-01 6.669147608336061239e-01
6.466087433510918636e-01 3.754183155905419511e-01 7.509350159262695446e-01 4.848750196397304535e-01
6.614673306092566651e-01 7.314264181628878925e-01 4.126374813707767708e-01 8.479186943732202053e-01
7.794641967309756669e-01 2.102724526429057827e-01 4.914659913007338732e-01 2.886986338999122381e-01
4.398403027545277899e-02 1.171218941598979324e-01 1.355851729067998890e-01 2.754459274001419544e-02
7.334163650126115375e-01 8.336339366723748423e-01 3.305263463298302451e-02 2.622206371743232012e-01
6.820592272053959126e-01 1.922802014762988176e-01 9.600979626245739196e-01 4.586922717280685902e-01
3.433808022995310516e-01 2.899687001785112850e-01 3.474332051606477956e-01 3.665891825221478939e-01
9.607874613502748185e-01 7.333496265941724657e-01 9.449020417465348043e-01 8.324305447749793530e-01
5.258084741512718541e-01 8.140598699620882339e-01 2.554002516655586863e-01 6.817818721756339073e-01
1.097236006449880952e-02 2.597555240731019843e-03 8.128167699836930105e-02 1.793162431567907333e-02
9.602051234809740876e-01 8.119586089841235310e-01 9.756239050392356837e-01 8.885292967315763235e-01
3.447443850293602230e-02 2.336456531035945305e-01 9.358953766535782481e-02 3.684601546265184879e-01
9.048310152834493358e-01 8.753532555567896667e-01 8.638493687647383901e-01 9.161307548638433218e-01
4.665248317929988620e-01 6.115231388537012425e-01 7.899434236169209367e-01 9.353549398947507143e-01
4.498845790989835502e-01 2.680260066322973644e-01 5.108563297755100985e-01 3.375468819867819548e-01
9.740718930680474230e-01 8.775443566078273694e-01 9.690501660607302448e-01 6.823485884815454483e-01
8.618336601822568221e-01 7.653356029568727514e-01 9.674000897775544283e-01 9.128352978732436895e-01
7.754101209698266439e-01 5.790995578996885884e-01 8.150936099370673649e-01 7.279385267756879330e-01
8.578948234117038663e-01 8.516921131924060084e-01 8.923181889314049098e-01 9.336795909330248833e-01
5.347952335141792357e-01 2.148258134674610464e-01 6.428154059767818840e-01 4.537059559952467680e-01
3.066561168085762956e-01 5.283291652592972953e-01 5.416580888005994021e-01 7.925970610231161118e-01
2.099259142889750573e-01 1.315138243826193820e-01 2.936142657417720736e-01 2.413726872764527798e-01
5.683294603237603049e-01 6.802189025124032451e-01 4.792778410665394229e-01 6.363055864349007607e-01
2.591428542927236012e-01 2.665289057190829425e-01 2.513199449783305450e-01 1.833930497523397207e-01
9.476679459085703972e-01 9.311377777588113469e-01 8.843040320952532118e-01 5.491857610177248716e-01
9.147653921999603366e-01 9.407828808187839176e-01 6.674294731306774642e-01 9.491749582812190056e-01
3.478967681199106043e-01 4.875834722148207900e-01 1.624577725390305982e-01 2.085209027864038944e-01
3.189097960074293026e-01 6.603431226747988880e-01 3.473773035755170491e-01 8.003488867543637753e-01
2.688851485101976801e-01 3.223610462861345449e-01 5.802559304449008692e-01 4.733479360584169626e-01
8.814194612641135240e-01 8.653557635083395372e-01 9.203309365119952679e-01 8.395744359586387873e-01
3.558684910468420393e-01 3.867060994376095295e-01 2.737730357521693803e-01 5.019318219274282455e-01
8.809603141654329672e-01 6.417325500757790069e-01 8.957214636986779999e-01 6.986350896768271923e-01
1.890169767655780486e-01 2.249868931397409066e-01 2.432496541113970401e-01 3.006638877559453249e-01
5.786268785373603896e-01 7.691918199206637663e-01 8.119601912193770143e-01 8.482424993999302387e-01
1.106293575613992441e-01 2.529246755886919162e-01 5.118431929820422832e-01 3.856730693951249123e-01
8.225357723338011517e-01 8.637319097694311498e-01 3.894085634039289867e-01 7.645260656718164682e-01
7.761633904753744151e-01 5.679448373891398116e-01 1.805839045279862276e-01 8.842503675259649754e-02
7.814415649683887910e-01 6.337569335125414760e-01 7.606328045722615672e-01 8.068518524523824453e-01
4.101896695112787761e-01 4.108728000682426718e-01 2.091990668863814573e-01 6.547986287623643875e-01
6.902535931340800790e-01 8.733148534807451124e-01 8.000353460612309453e-01 8.496082678902894258e-01
4.926381912514558592e-01 3.527610006222680061e-01 5.652168545561164770e-02 3.852916765026748180e-02
8.056533840787738487e-02 1.564054297105499369e-02 7.555722979577422782e-02 9.854825912043452263e-03
6.120734714426603329e-01 8.241501536199744571e-01 5.601798590119867471e-01 4.715487014036625624e-01
6.125929674082564169e-01 5.790431390685503166e-01 6.758454968806429930e-01 7.535037796478718519e-01
5.015728217036609093e-01 4.528249666995618483e-01 2.939179701020031565e-01 2.049974116962403059e-01
3.313430819319837517e-01 4.778075534658813850e-01 7.708087534987001499e-02 8.090792789589613676e-01
7.114395425617943136e-01 9.535608827773471852e-01 3.101847180674432991e-01 9.480218167882412672e-01
2.669218457923964172e-01 2.245669474853275172e-01 5.036230116884113928e-01 6.117396345362067223e-01
1.180839902390706797e-01 3.390209422215042512e-01 2.188772633545737478e-01 3.703322208020836115e-01
6.015075584672713305e-01 8.813395216181584280e-01 3.369317291372143641e-01 9.363831470254808664e-01
6.169850067453190867e-01 6.853547555639111222e-01 8.200729754396558491e-01 7.752859094180166721e-01
7.686106748836454283e-01 6.117487402626656801e-01 6.665347712908586963e-01 4.259556441102176905e-01
6.007702255751296017e-02 2.442306907191488241e-02 2.797050107552753184e-01 8.601359790191054344e-02
1.460856775742023217e-01 3.367567812227691415e-01 4.335465557625461930e-02 2.915675539989024401e-01
9.812461902126613511e-01 9.589876260154313048e-01 7.571332924130639297e-01 7.330104834400117397e-01
3.340290101054887995e-02 5.449017363620178855e-02 2.642451519861976905e-03 3.812637040391564369e-02
9.789812944849702880e-01 8.921410416641011309e-01 9.135001267532756319e-01 8.339316777419298887e-01
2.759579312873710055e-01 4.636510969098688317e-01 1.587155497375352664e-01 6.105695455335080624e-01
2.003743452679325188e-01 2.370909457793959896e-01 4.517559045346610236e-01 2.195188154000788927e-01
9.187988793390383657e-02 2.915883693184589398e-01 5.427702724240029974e-02 2.032365037593990564e-01
3.789973361794091722e-01 2.898016127677092157e-01 3.576899498881138117e-01 3.947825552895665169e-01
6.829398118225719072e-01 8.307617400591162937e-01 6.959783956932328319e-01 9.771350077353417873e-01
9.659993418119108277e-01 9.714068006983825887e-01 9.285520486827236741e-01 9.540038479026407003e-01
7.626707988266732130e-01 8.420453931462732466e-01 6.868220449666234684e-01 7.200333252549171448e-01
1.146971989222969057e-01 2.579144843590478464e-01 1.450187329767149702e-02 3.882738647516816854e-01
5.182051581102690152e-01 4.468050221978614456e-01 7.826325914455491972e-01 2.478835966903716326e-01
6.178305368263193875e-01 4.638563872187235759e-01 5.498687752283684116e-01 6.514374308753758669e-01
2.228732904913943713e-01 1.605703546520766967e-01 1.546109362971684886e-01 8.095058267936110497e-01
1.236339496616335465e-01 2.250965243254904324e-01 1.888284616901408919e-01 1.926903363782912493e-01
2.286217859747801673e-01 3.703176432096304538e-01 6.306718947705836076e-02 2.776929321698844433e-01
9.080944729302247165e-01 9.285709054343860291e-01 4.747855040940551219e-01 6.305150077678263187e-01
5.328463357179314963e-01 6.785367840026269581e-01 8.211529751531458921e-01 5.312557807192206383e-01
5.087396102798791286e-02 1.023023301587006051e-01 8.048232725317694403e-02 3.676139554008841515e-01
9.306588818458610968e-02 7.367961598200417628e-02 2.442123256142364474e-01 5.392599052283912897e-01
7.189882367325407531e-01 4.815484104873687388e-01 8.751605963700024304e-01 7.730769801419228315e-01
2.341538857654970052e-01 2.798101447447446377e-01 3.418428022327035798e-01 6.362206302583217621e-02
3.201486764973728860e-01 4.014174656252968987e-01 1.001154393022264943e-01 2.531790824141353369e-01
3.236998044219639992e-01 1.227931087370021657e-01 3.073028793682854864e-01 2.212479691952466965e-01
2.644679711234091402e-01 1.293795035919798053e-01 3.371389174460346361e-01 1.292380134109407663e-01
9.044925726056300963e-01 9.900215348538596860e-01 9.554601705585489269e-01 9.429435690399259329e-01
4.087955590122326899e-01 2.490895025765800241e-01 1.117601657360954848e-01 9.716265718452632427e-02
3.251027321480405297e-01 7.225811319571799896e-01 7.899587012123729934e-01 2.968951498623937368e-01
2.343382081556005248e-01 1.076070211864143533e-01 4.733668308104993505e-02 7.216932415030896664e-02
5.827543510782581260e-01 3.665330618241703364e-01 7.181592951106137157e-01 3.455776320770382881e-01
4.072298253092678788e-01 2.776904486089550872e-01 4.262170379845257040e-01 5.360227469354867935e-01
7.281208286886604597e-01 8.400528649714966711e-01 7.692627762551633719e-01 6.267664346378296614e-01
3.437454764711034283e-01 2.960988334128011323e-01 3.809185053893469619e-01 5.060927662998437881e-02
3.355990466129684102e-01 5.699335823893317832e-01 6.878867490705703469e-01 9.777347722556442022e-01
5.534778247471306978e-01 9.255194258778723926e-01 4.310002175151061987e-01 9.048804622143507004e-01
4.492386846299740721e-01 8.890374322928429329e-01 4.242409323826013545e-01 6.373551755677908659e-01
1.112618253709125038e-01 1.560535504654786410e-02 3.098516140213533054e-01 5.511538125574588776e-03
7.780682367936062604e-01 6.911904141925204748e-01 5.593855702976687772e-01 1.356336534954607487e-01
1.018862066000595368e-01 7.343091964171216679e-02 1.051881949496335511e-01 5.644044140353798866e-03
4.655354027243736592e-01 5.109806229815421208e-01 5.021729824784197938e-01 2.598398379050195217e-01
5.956182928669454535e-01 7.851157873211510596e-01 3.079694880237457966e-01 9.665515583474189043e-01
4.554838180237374967e-01 5.939240270328594029e-01 3.234238033269845047e-01 1.667372419033199549e-01
5.199166016712670757e-01 2.925440167899210353e-01 5.188153105500327156e-01 3.667233227752149105e-01
7.311815817268646489e-01 5.836309623259344770e-01 8.993484381273902928e-01 5.066716733854264021e-01
7.650405137130344979e-01 5.074519336356005939e-01 5.498830904352239868e-01 8.185072876513004303e-01
3.132481217397136697e-01 6.230434876870406535e-01 4.176101065615981378e-01 9.163744468241930008e-02
5.700880826131116130e-01 3.601449053499946595e-01 2.766943578027375450e-01 1.825318019837141037e-01
7.507373266802652712e-02 5.296355770683952580e-02 1.563460797241456590e-01 5.624252813868224621e-02
7.205539081710048421e-01 7.098616835508894107e-01 7.822605959223919436e-01 4.382503018714487553e-01
2.025221944859180723e-01 1.624323006806300262e-01 2.584731478096423118e-01 2.167753227986395359e-01
9.615895273822605560e-01 9.082548507298551232e-01 9.501939892452198055e-01 7.367355839814990759e-01
1.414785543299900139e-01 5.468314460817574885e-01 4.830771061078797945e-02 2.593816826120018959e-01
4.624798749006878706e-01 8.224474475419346620e-01 7.091421580029955152e-03 3.054222268983721733e-01
9.637804510126510849e-01 9.857969772931106656e-01 8.743981866473364839e-01 9.820153554901480675e-01
3.417178271340406415e-01 2.847894521629791842e-01 1.888535256016891650e-01 4.883184051141142845e-02
6.851582107098153074e-01 8.716195023736059699e-01 5.636634410052232536e-01 8.965018729213625193e-01
1.545061037599486098e-01 3.656560308607127441e-01 8.551844356829446658e-02 3.975705602206289768e-01
7.835917680907817928e-01 6.326822175777412349e-01 7.896605359746955433e-01 8.664536629803478718e-01
4.186370386805365884e-02 1.309373778471964456e-01 3.208570301102055544e-01 8.132141898386180401e-02
9.298131568712521000e-01 9.028207287703514661e-01 8.457354111420530840e-01 9.186647115275263786e-01
2.463598389665354604e-01 2.601219469145061858e-01 7.334233562263359207e-02 1.713223038241267204e-01
9.276325156164253460e-01 8.683089835258069877e-01 9.900738513153563014e-01 9.428038503974676132e-01
3.075768292879568211e-01 7.861388325639924179e-01 4.715662386307612475e-01 1.673679382074624300e-01
1.054789469998471674e-01 4.331486286571980537e-01 3.944919293036370789e-01 3.261693357490003109e-01
7.148580900641975377e-01 9.283486078070584124e-01 6.131929910051223676e-01 8.331234732177108526e-01
1.969428958144331387e-01 4.720014990875063265e-01 2.277892573203607607e-01 7.020432746503502131e-01
2.544164756330205002e-01 1.151207176276894395e-01 1.781948442203639682e-01 1.218914585188031197e-01
8.778478228893857871e-01 3.948249604153720727e-01 8.037697110899749697e-01 2.392533996608108282e-01
8.184863671195100610e-01 5.621879422217965772e-01 7.940812482525191340e-01 7.575920457020401955e-01
1.785374073867952438e-01 3.772363167506946335e-01 4.232182812381604098e-01 6.614907386247068644e-01
7.992412902158708699e-01 7.296891838894301596e-01 7.047318800056141530e-01 3.425895236432552338e-01
1.918823287690371027e-01 2.439299200888419561e-01 5.330797033886262026e-01 2.057310468517243862e-01
4.944487517596241055e-02 1.701934959997358776e-02 8.044634780010992969e-01 3.171080078464001417e-01
2.976972710562309499e-01 3.333014881222129411e-02 3.977525305860910576e-01 7.323930389247834682e-02
3.285625036107294727e-01 1.238435970526207131e-01 3.770041522812536683e-01 1.424588290974497795e-01
9.712414490290636193e-01 7.811829617246361934e-01 6.764825582741842425e-01 2.173628555610775948e-01
1.966445060643780551e-01 3.678342253600533907e-01 6.410904338254098667e-01 5.188597149681299925e-01
7.942394799267749050e-01 5.614725267761877525e-01 2.637248465429761213e-01 6.419835647102445364e-01
8.642722883308198156e-01 7.920505501170761464e-01 8.348555236387774636e-01 6.662802805658429861e-01
7.196007254182070767e-01 9.225643394488418636e-01 3.161072634093369249e-01 6.111326250247657299e-01
1.062009903998381577e-01 2.467607823267214395e-01 4.029086575494115197e-01 5.195485015865415335e-01
4.351058794678048236e-01 4.070212292845794000e-01 2.242173151905267336e-01 4.397445968352258205e-01
7.626369072335777988e-01 6.419509614303000600e-01 3.377060370729988437e-01 3.817292009480297565e-01
6.557733820235565059e-01 4.974046358180895244e-01 8.942713282258506480e-01 4.211600369308143854e-01
6.476552394240565613e-01 8.321862911268833596e-01 6.580191393988894522e-01 8.747349490877240896e-01
9.447099689502724829e-01 9.861138293544369215e-01 9.051048079170176397e-01 9.676358816213905811e-01
3.993563275960460568e-01 6.905651502311458412e-01 2.729587217461829640e-01 2.896529338322579861e-01
2.783836281356492637e-01 1.428108451398685252e-01 7.444303340776660116e-01 4.167410342488437891e-01
7.348320258811582573e-01 6.494628851407558967e-01 8.247625297593041971e-01 7.839574818499386311e-01
5.810213480299232236e-01 5.292315203532979018e-01 5.229916723014068625e-01 1.818903505336493254e-01
5.819955099294500389e-01 5.467791986983067121e-01 5.090059703390585888e-01 4.979422662872821093e-01
1.123341028032753819e-02 5.464431727093377322e-03 2.277180741728790370e-02 6.055402336642146111e-03
9.639447019948111928e-01 9.745351076498425247e-01 6.903945008007269513e-01 9.303724912460893393e-01
1.907390151287525759e-01 2.950135790260048907e-01 3.320382422087215790e-01 2.441106259357184172e-01
9.652415316155875669e-01 8.434275240895251491e-01 9.121089199416156923e-01 7.283301325514912605e-01
2.310800546347450135e-01 6.491730872182428502e-01 4.368169286351851754e-01 4.702748993877321482e-01
8.444358882834623881e-01 9.034594197662094706e-01 7.683004822613479501e-01 7.778706676326692104e-01
1.559210748593624629e-01 4.291252009285034252e-01 1.494229529967100456e-01 3.416573710273951292e-01
9.678599208258861220e-01 8.281878868223639945e-01 9.723400902701224702e-01 6.739636939018964767e-01
9.944495663203891667e-01 9.828343642939032510e-01 9.992852467944517425e-01 9.770805425941944122e-01
5.178338648118711030e-01 8.939090724198950344e-02 5.845516062791147327e-01 5.402102624066174030e-02
4.217837789960524608e-01 7.026430688048288520e-01 1.466101645589787950e-01 5.386453282553702593e-01
6.058325621323080723e-01 6.365646674056950616e-01 8.177468335437607649e-01 2.496938896365463734e-01
3.590203914394366480e-01 7.442190382421283168e-01 6.685729843890689805e-01 8.405253284145146608e-01
5.617446828315634244e-01 7.818663352857460058e-01 7.627094595356997964e-01 8.942660209722816944e-01
7.095786071614962331e-01 4.307956798832436318e-01 8.307805788573348060e-01 1.920703905634582043e-01
8.883194055823750990e-01 9.189027062526594625e-01 5.995742405173498657e-01 8.141695060767233372e-01
4.337901043561493974e-01 5.917894291394958373e-01 2.393318987674589726e-01 5.509610287845134735e-01
8.665590026634093501e-01 9.518350925411357411e-01 7.774037229008854410e-01 7.452370245009660721e-01
9.876859043356035484e-01 9.662305877104596652e-01 9.925783785391655289e-01 8.061977981124073267e-01
1.108240827311413046e-01 4.488691207033486674e-01 2.591883761569327982e-01 3.323552263900637627e-01
7.339017743719291609e-01 6.970988564801048337e-01 7.806728027615958965e-01 6.289312548469752073e-01
2.779898338448290596e-01 1.557656972630469538e-01 6.075385779671381714e-01 1.236106280703097582e-01
8.760208485886863405e-01 9.092165636063211931e-01 9.570496917564190742e-01 9.931122246198356152e-01
3.149366616199911761e-01 2.875206947478127772e-01 9.744688011977514774e-02 2.969408754725009203e-01
6.365742245736354388e-01 4.852734944815300655e-01 6.912001422023134056e-01 5.660970902536064386e-01
9.481273564973363710e-01 7.510568856362518364e-01 9.599459060275417066e-01 5.561040944885462523e-01
5.498100097702225408e-01 1.706625582662859575e-01 3.223413912551969518e-01 7.224213478621095419e-01
4.100025077469152679e-01 3.101706872813505544e-01 5.943745423084596524e-01 2.066615440417081118e-01
7.530571788432198765e-01 5.398406500859411761e-01 7.239585597118889382e-01 2.258536238223314285e-01
4.634862630210536683e-01 6.203466967174675606e-01 1.952282212636918812e-01 4.309200826101005077e-01
7.436675171544110396e-02 2.408755086553079905e-01 6.960689446603773867e-02 1.104908431880176067e-01
7.255415475489908061e-01 5.130510758027287954e-01 6.029338097998865331e-01 5.774153333622962236e-01
6.960045376113980220e-01 4.756449554400566937e-01 7.225688320410142973e-01 7.324746921658515930e-01
5.236092509991304711e-01 4.629572447900234811e-01 7.953613829775274535e-01 9.169922000728547573e-01
9.179419366908899702e-01 7.805947680105295161e-01 9.135924905514276606e-01 8.730609640479087830e-01
6.718838046683478504e-01 6.732979106745421438e-01 6.980049924845952436e-01 4.519986552186310291e-01
3.407320567146229218e-01 8.544933521800111009e-01 7.130451203561183338e-01 7.217935069929808378e-01
8.211218720010595717e-01 5.936023882969969634e-01 4.918613423523116035e-01 7.594257104210555553e-01
3.129548461782258317e-01 3.532179976727486403e-01 4.745362318294438220e-01 9.114062446169555187e-01
8.150157436295930591e-01 9.213875498731534108e-01 8.271180095049743830e-01 9.073281164746731520e-01
5.902914466291879769e-01 6.248496089616945026e-01 7.827385756463030031e-01 9.386173177044838667e-01
7.312565584065016111e-01 8.944465471218696617e-01 7.107114784176702393e-01 9.418658169452100992e-01
6.323826077175894733e-01 2.143887724999546385e-01 4.264700073640133593e-01 5.830546573270112276e-01
8.284535440670849349e-01 5.369077005175703077e-01 9.429635178788944305e-01 6.940844284836202860e-01
5.128857548193026528e-01 2.836636072707344192e-01 5.982725697839913481e-01 6.782559317070990801e-01
2.922278443883235544e-01 1.083401326141755772e-01 4.359764367091891746e-01 2.460112799890339375e-01
7.479206015895739634e-01 4.914988142033792640e-01 7.830178627053242524e-01 7.308840781915932894e-01
8.375680028409648870e-02 4.345735256938054736e-02 1.665094551408935475e-02 1.732843075878918171e-01
1.596381146306432020e-01 2.466882157850433521e-01 1.520054529282658384e-01 3.770774363074451685e-01
2.620392802570105095e-01 3.677190274519029356e-01 4.384091994975084505e-01 6.479386687278747559e-01
2.908406587324691150e-01 6.126364305334930371e-01 1.887687066150190440e-01 1.609678997192531824e-01
3.151584543328581622e-01 4.076875327145135230e-02 2.143900187116030698e-01 1.214587229769676924e-01
3.632761555491712535e-01 5.752439061968359635e-01 8.637413879453443855e-01 7.910360298119485378e-01
3.581192036498112019e-01 3.417668219806684893e-01 2.562462163568081652e-01 4.311664511915296316e-01
6.272594440654652992e-01 3.946964813845279529e-01 3.262495463812236096e-01 4.346700152382254601e-02
9.173000820684331647e-01 8.481728084389150712e-01 9.590038747534042063e-01 8.795055653899908066e-01
4.244011038008040915e-01 5.482279695666051333e-01 4.518406606287429517e-01 4.388101340737193823e-01
1.815453990815634744e-01 2.893807035983192444e-01 2.985832263833677613e-01 3.598097357898950577e-01
1.776946165554970092e-01 2.203238541136968154e-01 4.647815073163824584e-01 3.278067072387784719e-01
7.872217698776797778e-01 7.783944667670434914e-01 7.080069184737367571e-01 9.202975486405193806e-01
2.538909400691566898e-01 3.768858745345613492e-01 4.035362758759064583e-02 8.818150567822158337e-02
6.826760405182796809e-01 4.309463002183143709e-01 9.878644461421232092e-02 4.415741462726145983e-01
4.492098040008374316e-01 5.402069310231503163e-01 3.051600058720581043e-01 6.472771237604320049e-01
7.050660482306247978e-01 2.351487115696028751e-01 7.287854205851377332e-01 2.085901519749313593e-01
7.684499862965640249e-01 8.218640713915862372e-01 7.516817859275013447e-01 5.938830538652837276e-01
2.451042776918654909e-02 2.552479987104178116e-02 1.273177744857695304e-02 3.457601601257920265e-02
9.089297962020631561e-02 3.541498455264240897e-01 3.978194765332903060e-01 6.623730410356074572e-01
8.595607285818603893e-01 8.563926411006960171e-01 8.440240549754292054e-01 5.922317677177488804e-01
6.036007223509234354e-01 4.804452634120449650e-01 8.665978407111476489e-01 5.981973421294242144e-01
7.799543230949341766e-01 9.230288726729298787e-01 9.058249127554740543e-01 6.066967977676540613e-01
8.934560328442475718e-03 1.191504885750028220e-01 3.100716059074944964e-01 2.487607507500797510e-01
5.903835286248825254e-01 1.308520486122415338e-01 5.744991338107687806e-01 3.258155654184520245e-01
5.933089938171152156e-01 5.291987721577700032e-01 3.642847947873794068e-01 5.527930480893701315e-01
9.495977314348669207e-01 9.376218703446385083e-01 9.419793160754252881e-01 7.045535515062510967e-01
6.751123725422982780e-01 6.999759893985855186e-01 7.959349061818663529e-01 9.294534523505717516e-01
5.479885789398286633e-01 2.951678207560243239e-01 2.400004816684086495e-01 2.666988153941929340e-02
5.019761400159694631e-01 8.882567894898989458e-01 7.237894583522538339e-01 8.144863734487444162e-01
7.398195273692226293e-01 6.587665255606183212e-01 5.096425420201632361e-01 2.573983159381896257e-01
1.781430014803370154e-01 1.165777130498007463e-01 2.558232058435500056e-01 9.636083268560469151e-02
8.469336462137788679e-01 9.488398684294930829e-01 5.875794856416787226e-01 9.090543217025697231e-01
9.642267060651590338e-01 8.976224703629847035e-01 8.333095850643710278e-01 7.674975006375461817e-01
