5.194286124520632875e-01 6.686011523008916768e-02 3.122650106309264317e-01 2.919055975724368368e-01 6.885714137461036444e-01 6.302444906050214124e-02 2.059719838184076446e-02 9.171946362651050011e-01
6.989133031105295712e-01 6.701257322366088731e-02 1.762656754198754783e-02 2.777439386445894609e-01 3.458032500930130482e-02 3.729901736525083056e-01 5.127891625610739856e-01 5.530728848964994171e-03
5.592904810091242629e-01 7.138817678167022063e-01 7.185214049976661466e-01 1.189465084175828080e-01 3.971161323133856058e-01 6.948398274262236329e-01 8.548967236822895277e-01 5.645873704631937384e-01
3.776086748117308822e-01 2.263743012941124566e-01 3.440279328385417168e-01 1.107510823814200629e-01 1.719828273635357618e-01 5.635409711483594375e-01 8.301793682190794499e-02 4.243054934196731631e-01
8.923120274676676900e-01 3.745684371204527907e-01 8.436718768490281128e-01 1.914235912959715291e-01 6.173339504748582840e-01 3.911316674699166773e-01 8.275443131661193163e-01 7.151431108245410728e-01
5.630329552633511758e-01 6.864672454785386568e-02 6.751356625389104416e-02 4.357313321675158613e-01 4.846303558442741632e-01 9.971415047000342646e-02 5.316701113174742144e-01 1.448237447936055466e-01
5.185450311059403017e-01 8.917107949203552097e-01 6.351264741683334547e-01 5.922774410453346405e-01 3.589048734866082668e-01 7.907186756513528980e-02 3.563588459591832125e-01 6.801597548602340559e-01
9.240561576740564664e-01 4.433194565187276170e-02 3.408417350129464007e-01 1.860109207873441028e-01 3.318543343339115381e-01 1.623550393843859463e-01 7.281050055348073924e-01 7.307136855272202691e-01
3.079374682476955227e-01 7.621763905793005334e-01 8.015204733604507359e-01 4.076519796125187556e-01 6.575858935248106718e-01 5.913980789515629333e-01 9.723204416613390189e-02 9.003130300853852130e-01
4.738568450525020848e-01 2.699479296022079811e-01 7.933015425935824316e-01 9.344641422279966747e-01 9.976770889479666948e-01 7.552442404999482051e-01 8.775359065157795069e-01 9.882402134790768677e-01
2.858570101053445889e-01 4.287496412671020218e-01 6.316932744269085909e-01 1.458968302511846615e-01 4.578110475558787584e-01 9.335470225941947531e-01 1.809475942936947801e-01 9.686148082511709667e-01
1.389332133963389615e-01 8.341067984582896111e-01 6.526696345197595672e-01 8.136355274125521841e-01 8.131154654547572136e-01 3.817205722257565603e-01 7.199235293341937902e-01 7.542271369964927974e-01
3.310345872925148925e-01 8.380493318520957358e-01 8.598588567208065303e-01 5.703691347432129355e-01 4.206815874204039574e-01 3.136309988346521194e-01 3.273572630931054772e-01 9.749135542756810491e-01
9.371542960121387322e-01 5.485868977965095983e-01 8.231167993398627036e-01 9.860783650725661875e-01 8.187037287279963493e-02 9.031690590838729049e-01 9.183456705283747912e-01 7.275063160139946250e-01
7.970605448176165675e-02 6.869501766490399008e-01 7.441112334383614968e-01 2.467837753818335478e-01 7.609932520426809788e-01 7.387852840214432781e-01 5.300497256150740188e-01 7.163602361439476152e-01
4.190556381923724594e-01 5.327237219431206761e-01 6.606586772479343672e-01 2.914745918399685998e-01 5.605512629263103008e-01 6.270174070174355796e-01 1.193838028923583927e-01 4.759728678787890632e-01
7.006954780459478949e-02 6.996239271267709059e-01 3.859361905876625976e-01 7.676231971672378140e-01 9.756929150316864252e-01 8.993215335164411739e-01 8.535505639824850777e-01 4.583179144778731784e-01
5.638534901261139654e-01 7.562619440531881398e-01 9.348806734406044372e-01 5.379458025021366385e-01 5.877543757669627666e-01 5.275100116836766162e-01 9.913593121319514978e-01 9.512599694379736404e-01
2.012860326662973542e-01 9.285163993003422434e-01 9.615058137456518050e-01 3.465278323782369219e-01 5.383752468042075634e-01 6.519142562994445500e-01 8.691777874078291388e-01 2.876377581279243589e-01
2.941213407112844846e-01 9.340933395100429193e-01 9.312721167881264916e-01 2.953890544510647809e-01 5.897104938048869371e-01 9.223658182805003491e-01 6.207663818309315795e-01 9.866148963363861046e-01
6.574185658457157855e-01 8.954366441831500545e-01 4.845353781209827959e-01 4.084389035092385600e-01 7.913111690431833267e-01 7.068762371928782873e-02 8.359886769830864317e-01 3.106112857364948798e-01
6.137566483728246203e-01 9.801971295260289985e-01 9.403845596485093106e-01 9.293361349138061778e-01 8.750244472175836563e-01 6.067400207013871061e-01 6.814288403030266394e-01 6.210625361711337167e-01
6.780617713572409944e-01 5.054509548395385021e-01 9.475016487739504889e-01 8.200108516473021414e-01 8.589806219097226858e-01 8.122632623320564793e-01 9.044639382276553619e-01 8.252246766037426573e-01
5.411804313752304196e-01 7.324779874298269489e-01 7.374955395831777061e-01 3.919371324264948608e-01 3.038890652824193239e-01 9.858219994253808460e-02 3.227214822527503246e-01 4.193150346954954144e-01
2.186183416644372213e-01 1.044641774621030694e-01 5.586301298491974654e-02 7.085989282306826009e-02 1.191783850081264973e-01 3.333140133696602669e-01 1.835391700131204784e-01 1.044147761809804398e-01
8.983127027336237358e-01 7.154780104365687787e-01 2.455835976157005329e-01 2.361306782408819638e-01 8.917706054635345936e-01 4.593356363279009758e-01 3.381417213013930834e-01 9.435056731699417165e-01
5.383346442612422234e-01 6.185372647703667459e-01 7.170606488098729692e-02 5.043406736499955745e-01 3.276867116801440716e-02 8.967928446569944922e-02 3.793273620767635967e-01 4.959053738395946542e-03
6.505795678099066670e-01 7.540091176488449287e-01 9.513019412011012310e-01 2.703135962138528692e-01 9.634342261124402285e-01 4.296361661215859495e-01 3.688699445381502517e-01 9.213353265875723341e-01
2.072676958278331094e-01 1.409081630095621041e-02 2.153861217741657175e-01 3.406071764364451693e-01 4.693492865189909935e-01 2.844252730757779180e-02 1.365149797634476747e-01 7.512199890267943214e-01
5.632577482645962919e-01 9.593869506455687812e-01 8.902460633041695548e-01 6.517591789440749794e-01 9.540993727277964354e-01 2.199027194220182779e-01 6.592428866776380847e-01 8.764558470737811025e-01
3.973890389261459655e-01 9.138461482515686241e-02 2.676733985406307692e-01 2.613830534670717465e-01 6.454757871106266975e-01 5.770847781113912500e-01 2.462680374524545135e-01 1.122998258425046414e-01
8.202021279005500265e-02 8.294896380585321527e-01 1.594133497831544677e-01 5.115181646324741260e-01 2.433906600344926119e-01 5.596770144627876142e-01 6.795176595533928277e-01 2.046525086468340415e-01
1.323132385712311176e-02 6.425691692399881916e-02 8.055969086285758030e-01 3.543273061739182772e-02 2.034856488462537527e-01 2.789643630758792403e-02 5.069957934712556735e-01 2.705867033889629569e-01
5.789191245087079718e-01 5.555673226157090694e-01 6.938248786983651772e-01 2.955596448602539894e-01 8.457830799743533134e-01 6.545828003629798886e-01 7.481614166355788909e-01 8.199235049486874871e-01
1.093652696976854521e-02 2.889838499857496079e-01 1.347375781083568480e-01 7.044604828307896582e-01 1.476870682090520859e-01 2.637425516475643272e-01 8.010429205551994336e-02 6.958365446404696231e-02
4.565424523594465156e-01 6.526338273215213093e-01 7.889196476706399341e-01 2.552467582657531597e-01 6.817544160876423120e-01 7.098087682112262931e-01 2.728141440415013941e-01 3.401659435966680745e-02
8.127404788010033077e-01 7.540218044053822455e-01 9.596797241096761688e-01 8.182630694393721038e-01 9.679134243633598089e-01 7.555291168839497473e-01 6.614162394956840663e-01 2.200283421280254115e-01
1.076114606448312916e-01 3.215008315646589176e-02 1.818304863831141094e-01 7.832678656834852760e-01 7.971206977963447571e-01 5.889756140751998270e-01 1.081497168840922507e-02 3.300663647234097220e-01
6.902988423337811374e-01 9.353872783677585900e-01 4.652099420851843470e-01 9.248446582694188622e-01 7.584227407351136208e-01 8.052893553604675292e-01 9.485544429577210668e-01 5.721683539775138660e-01
9.940584770531327719e-01 9.714643775848144092e-01 9.785966844343803039e-01 8.696335418405938267e-01 8.918167783413082361e-01 8.333986630182904642e-01 9.493689440142010216e-01 9.306783442291377551e-01
5.994557983372674759e-01 9.330459956630021701e-01 9.727690915944733341e-01 7.356054845102215634e-01 4.162549504544585943e-01 5.447664440072493841e-01 2.346256912014632046e-01 1.438124634052397322e-01
9.488236228673218031e-01 5.214732271271698139e-01 5.517108336878085995e-01 7.951449097568947799e-01 8.331300166901201010e-01 5.057210621107849358e-01 6.469547812972213929e-01 9.065267743418361501e-01
7.694784264751539649e-01 3.384336555400233593e-01 2.875416027805194341e-02 5.652137274626723995e-01 3.755168169736862183e-01 8.584341398447712379e-01 5.252602711567203597e-01 2.608077246033205787e-01
8.538913932009324359e-01 8.664968818694979147e-02 7.633694801769247418e-02 2.517416290184242844e-01 8.525478872470557690e-01 6.663379531952593471e-01 2.845391107180955670e-01 8.682296846921948585e-01
3.307094941889237028e-01 7.510077655505368321e-01 7.497421828791639431e-01 7.734604718121900202e-01 8.557855463586747646e-01 7.726987668589675451e-01 7.272828968178293163e-01 5.817436197999045211e-01
9.437661642525652095e-01 5.901134942159387275e-01 7.587600395645375251e-01 9.087227340621708560e-01 9.585048090666532516e-01 2.464115683708898996e-01 2.885332665637662108e-01 8.793444727477284228e-01
2.141351951731380043e-01 1.497394732826403119e-01 4.440928057739227386e-01 8.101870785697784516e-02 5.303658663760870695e-01 3.635376603217997937e-01 1.987660012962823575e-01 7.342691740273815659e-02
8.368408816445576104e-01 6.491193264492169934e-01 7.272916535605933319e-01 2.217451560644416730e-01 7.032028285320848227e-01 6.048353525899835548e-01 6.446799814208151735e-01 1.537039606531444558e-01
1.278437246839139174e-01 4.570435066817006842e-01 2.530284112448727418e-01 3.577259761148483541e-01 6.563873691484332085e-01 6.365457968770558139e-01 1.023273870537386165e-01 8.345386653576913893e-01
3.907560918185386534e-01 4.122410605915344251e-01 4.360476653245815015e-01 3.372533081481324801e-01 8.547586000058799982e-01 7.457770979962488056e-01 3.766955753857292866e-01 9.711322128484077831e-01
4.765829439191471284e-02 7.420118684639788187e-01 6.771022834073686658e-02 1.455778128558748441e-01 3.745462237857282162e-01 3.894978327971522769e-01 4.238806348008858915e-01 8.358424042217260652e-03
8.805322708098309858e-01 2.453318145651637860e-01 8.043062174681747667e-01 6.023257604722100922e-01 2.256297671701759100e-01 2.440934814255957264e-01 3.847821165739075955e-01 5.673460974716959537e-01
8.932064443966913903e-01 7.187723732649727859e-01 7.346116947427494548e-01 3.847233586634711267e-01 3.094797860831022263e-02 9.469130134104837282e-01 6.715940126467111471e-01 2.097967546056047072e-01
1.130606095804381761e-02 7.154787966955566958e-03 7.234044466006783747e-03 6.621090617497099595e-02 2.322426997125148773e-03 9.672356385122649058e-03 2.125613023006339697e-02 1.178990321161199617e-04
6.834723624516683138e-01 2.455500381566859125e-01 3.628596224699127681e-01 2.399950932964416417e-01 7.160017683636397123e-01 2.205655435862842184e-01 3.747085211346241618e-01 3.475324388020394339e-01
9.865978327543076798e-01 6.244872287192609894e-01 3.743605472283746405e-01 8.841169616307065215e-01 9.148353349883109331e-01 3.300730151723595407e-01 7.729886622278707708e-01 8.689530985134795715e-01
4.321054694677285424e-01 4.365012052047568814e-01 6.338866714384275847e-01 1.741430433317536774e-01 2.073412272147834301e-01 6.836636336469399389e-01 5.149360283958094309e-01 8.488599431726900901e-02
1.391514203724327214e-01 4.233168156552791217e-02 1.359303535844055277e-01 5.967277276886340243e-03 8.711158996447920799e-03 2.411695808456779111e-01 4.790448780933863615e-01 5.344669317838820488e-01
6.998290324786087258e-01 9.853921366728453091e-01 9.275396735646236346e-01 7.690808179637178554e-01 8.953681213315576315e-01 5.772750200531193698e-01 3.291515680380548980e-01 8.648554773958749831e-01
7.917691483754858428e-01 7.345444011081057045e-01 1.573612633628100332e-01 7.038009040259807225e-01 7.317734775133430958e-01 2.217451959596681843e-01 2.322301332730941081e-01 8.485801964080478266e-01
9.659279912107094912e-01 5.473347732006361710e-01 1.647851654782353514e-01 8.524719411200097907e-01 5.769986398518085480e-01 8.633346524422804702e-01 7.542765876687516080e-01 4.372126496555593933e-01
3.752430412053198161e-02 7.802320167418468344e-01 5.791207664671288446e-01 7.270663030188526665e-01 8.979462967254221439e-01 3.750557864923477203e-01 5.930052685725537565e-01 3.585160030918598251e-01
1.540240266176024497e-01 7.051878145756906857e-01 8.549977981452336895e-01 1.507233194693743394e-01 5.541446560528129339e-01 5.285787182106639337e-01 4.762636414420373665e-02 5.070213408020924906e-01
2.338834111640825664e-01 2.147252866356448853e-01 4.998867213868929960e-01 3.300600894112482031e-01 1.925967354327440262e-01 1.700555228808186548e-01 9.845649163510727941e-02 8.935293958083213584e-01
2.901189224946423284e-01 6.243609020655844777e-01 4.367036877241824433e-01 5.463707584216285218e-01 2.149505144916474819e-01 5.379547191886114854e-01 7.933173897026266630e-01 6.803585300421256532e-01
1.531492355524061710e-01 5.363770343403413410e-01 9.219590812760586340e-01 6.218876948323048826e-01 1.519502946175634861e-01 6.775355336501283077e-01 7.235254303725753289e-01 9.558514374131004132e-01
2.089616780728997258e-01 5.466406417505020876e-02 4.891817022160486750e-01 3.706750110976516632e-01 6.940638211090117693e-01 1.697899972638192700e-01 7.080984698751846551e-01 5.180755490549007192e-01
2.046598820641320482e-01 1.940856659970829901e-02 2.227607157803404569e-01 5.891004063318248107e-01 5.439164044801145792e-01 1.039289297502519194e-01 6.317299058925369692e-01 7.257773990062776903e-03
1.118122688782108298e-02 6.671149379940369828e-01 2.009154464203657953e-01 5.461425787838780632e-01 6.977906115353107452e-01 7.824523322628209598e-01 7.889971553736789822e-01 5.113175956823676760e-01
8.194354875939724447e-02 6.703010748467780333e-02 3.262957571357438802e-02 1.059180100663498214e-02 1.259459713473916054e-01 1.952671474279796815e-01 4.160071671588861930e-01 2.060578088562953214e-01
7.011289008444430149e-01 3.475645546531684893e-01 9.781547348589147983e-01 7.135591466664163995e-01 3.195333061739802361e-03 5.856274881132856880e-01 6.187196040419506993e-01 1.142136996434328644e-01
1.127205504852376583e-01 2.261105426112940409e-01 2.133771015117087999e-01 6.436859684682779692e-01 5.715363249182701111e-01 7.938673990573761330e-01 2.773411740419251537e-01 5.818795965318179775e-01
2.702224686444869017e-01 7.161694802479574573e-01 5.683247801580466607e-01 4.830638043455414699e-01 5.949214934371411800e-01 8.365450467583535055e-01 5.078062762335947555e-01 5.470777461713318690e-01
6.015111004022666297e-01 1.855503097392220413e-01 1.251884476400927371e-01 5.218606383629278422e-01 5.841453769244253635e-02 3.591283359171781875e-01 5.105063530673600303e-01 2.666375709091017843e-01
9.290206582052712436e-02 1.135594725423464402e-01 8.363756443310904620e-02 2.793467368475860413e-02 8.640130050480365753e-03 5.123791674150699471e-01 8.688583271962444510e-01 6.188522847818800354e-01
5.336748228454587517e-01 6.386448553267263240e-01 3.638447736226879670e-02 8.113470927738346550e-01 9.159241293091326952e-01 6.966988901884569874e-01 3.509692375549710031e-01 6.200670612273477822e-01
2.607044678789320336e-01 6.401517574989767922e-01 7.232015700463159114e-01 4.936585970027456138e-01 8.659835455473512411e-01 2.729899848953641350e-01 1.726919670232152648e-01 7.179433537474428917e-01
3.505240203257298237e-01 6.842344998026608227e-01 6.075765397068904061e-01 6.115903922777656820e-01 9.069460420869290829e-01 8.840333908505226823e-01 3.427510404595925930e-01 3.785622455599864100e-01
3.337326774787107153e-01 6.588845958992741725e-01 9.641754112863211157e-01 5.262084921473019206e-01 4.527451326139271259e-01 2.878626185474147392e-01 5.641616738808815645e-01 9.075388228125471635e-01
9.227274332691464132e-01 6.389329533465292199e-01 2.185437923588886555e-01 6.614912640868639837e-01 7.250757161527872086e-01 8.779032674923977764e-01 6.791276487960271613e-01 2.272486446223789813e-01
8.382872051131191604e-01 4.350240757793676916e-01 1.321371899516569082e-01 5.167556961008176186e-01 5.791613731998950243e-01 4.570682811924886568e-01 9.806047346969377632e-01 7.756041386367753532e-01
9.565804810437892325e-01 9.879750002406616494e-01 2.389805707832293180e-02 5.070741694890523732e-01 5.462263028603047132e-01 7.643447708868178481e-01 8.200734632726369711e-01 3.498787200727323521e-01
4.832918608887529222e-01 7.750026967932237554e-01 1.765766646722494171e-01 2.194941975236395226e-01 7.144984689075499773e-01 9.053386475112997767e-01 6.549513106180222533e-01 8.945984154696998703e-01
3.074158763819459517e-01 6.650298336406084143e-01 3.580862522231961220e-01 8.789799598008163350e-01 3.305157886352390051e-01 6.568006618278272590e-01 4.388326219489576130e-01 8.768097045615403928e-01
3.594987964736998109e-01 2.325311222081433704e-01 6.661618549102238385e-02 7.897725888208095846e-01 5.695720820222049952e-01 6.606658507578941908e-01 2.305088108933697755e-01 1.730973019451109707e-01
6.426257700159113684e-01 2.746350462156443850e-02 7.296722327566148580e-01 5.799989703206285263e-01 7.145737071987241507e-01 5.034747136623572983e-01 6.676565356479616797e-01 7.924872833227045721e-01
7.768481596804868161e-01 2.865936632783933069e-01 3.502095397919011144e-01 3.180307791852652333e-01 9.617095151916146278e-01 8.345783684528943480e-01 7.647198096886809182e-01 7.008639408263701576e-01
8.702981203280573119e-01 8.774409011185695384e-01 9.118384687883418493e-01 9.100227735501458248e-01 7.185616870410740376e-01 4.807706531893228274e-01 2.789533916394826285e-01 8.714280862892539448e-01
2.267598758240434442e-01 5.613112970726297224e-01 1.259424156634676439e-01 1.327399101235497425e-01 1.244992373976856470e-01 2.235521910613817997e-01 2.393688688777156348e-01 2.006847084147151405e-01
9.257865734877037678e-01 9.728481215283288908e-01 6.069308730696689747e-01 8.054918023723969256e-01 4.121258864179253578e-01 7.699738271461602501e-01 9.109814152308730595e-01 4.772868361087364564e-01
9.580814122266956279e-02 1.398051108687105581e-01 4.171165163161024703e-01 4.100369253338698172e-02 5.798477202188223600e-01 3.949307447695949436e-01 1.122135968144618023e-01 9.134388031489102389e-01
7.976949264328188072e-01 8.728374331210688730e-01 9.673040631343328144e-01 9.434871398925719355e-01 7.069345689378678799e-01 4.196832973319931104e-01 8.564532501388951724e-01 9.692305767546440798e-01
2.335614899708226555e-01 3.569644289288230743e-01 2.562026885681359945e-01 4.294841472718502473e-02 3.612861619330942631e-02 7.825375775606265849e-01 3.542796428531149178e-01 3.322211753610548879e-02
5.917947677139206997e-02 3.986967132381933898e-01 1.896111298237931897e-01 4.300011804414638483e-02 1.696029237937182188e-01 7.891582583832943421e-01 4.239652092313511700e-01 5.372760075625176990e-01
1.078131811738128887e-01 3.273722848682705244e-01 1.315909391619127788e-01 5.475660602830475510e-01 3.135452412534505129e-01 9.723838232275363591e-01 2.750904084654970383e-01 6.562690412095256720e-01
6.614807800424248319e-01 2.141419243206127421e-01 5.637630374392240684e-01 9.725083034461718956e-01 6.988085173070430756e-01 4.553903518227233049e-01 9.797963321556274474e-02 5.383032285799357330e-01
9.563382095333318178e-01 6.404540412051022980e-01 6.115826524609963011e-01 1.202824079818651803e-01 6.565476502291858196e-01 8.328218007505006071e-01 8.191762676545377708e-02 5.529918006151651744e-01
9.593029541790613068e-01 1.329269468533614273e-01 7.199216105039302205e-02 4.844260885614093404e-01 4.490108198951929808e-01 6.545805224406741063e-01 3.808460459988146640e-01 7.718855138411059302e-01
5.151978711579103809e-01 7.136197348564812248e-01 8.137592375163081870e-01 3.160839232445177283e-01 7.182330135256052017e-01 3.196745913567738961e-01 3.551219807805979789e-01 1.384454708993749783e-01
3.197378753025277298e-01 4.254079424594037206e-02 2.584025716570983455e-01 3.341162553104159993e-02 5.981825897470116615e-02 6.089573379676660458e-02 6.849063960998140743e-01 3.541810866519617962e-01
