8.992130958988574507e-01 5.228633118509735667e-01 6.925036919555627168e-01 7.412091749720275402e-01
7.854711301691366110e-01 9.097302674718497073e-01 1.533041647089152248e-01 6.856887885369360447e-01
4.699610084253555975e-01 1.369452819810189625e-01 5.530645181748766737e-02 9.216374438256025314e-02
4.861524073669440948e-01 8.924044332864877749e-01 6.005613712962754036e-01 7.617132263258099556e-01
1.248442279272484190e-01 4.904609313169277507e-01 7.640192174156028582e-01 3.506737677380442619e-01
8.451757910662203166e-01 5.890234048339443307e-02 3.881963399750755217e-01 6.005537670571357012e-01
7.558547404785306290e-01 6.593434858472391191e-01 5.459555800203829135e-01 5.061874119564890862e-01
3.078186674252116894e-01 8.721617928101960127e-01 4.398877285661879633e-01 1.866813774686306715e-01
1.166956984757361315e-02 4.448498854270776515e-01 4.909612277975654582e-01 2.560534910298883915e-01
8.456238540983399554e-01 1.009329454044814445e-01 1.629579204783074275e-01 8.683191332966089249e-01
7.446594183140666789e-01 6.829219981391771999e-01 7.721471845357457120e-01 8.202647888101637363e-01
1.290406057215384705e-01 8.782159869424761567e-01 3.740203898658901460e-01 1.541120780166238546e-01
6.581413156160158540e-01 6.993651538591328931e-01 9.000071737951034212e-01 6.896526976488530636e-01
2.758752342827605064e-01 3.139669221343035499e-01 9.130321844046498381e-01 3.201782472897320986e-01
1.399260334269555872e-01 5.319124184472183714e-01 6.527242986671726310e-01 7.572127503808587790e-01
8.376332367166675619e-01 8.673913933243511121e-01 4.430740113043143968e-01 9.326894967816770077e-01
4.604210634910401723e-01 1.154011469704822601e-01 3.799721582356124783e-02 8.086973200552165508e-01
1.569286041528878406e-01 9.532269852648618258e-01 2.553668994790621039e-01 3.964921217411756516e-01
5.028939427653356109e-01 4.054212139649833180e-01 6.058440328887315651e-01 6.030894308350980282e-01
3.066878410399375143e-01 6.883110925911356537e-02 5.611804974195825357e-01 1.399934010114520788e-01
2.004119135779184324e-01 1.681342047432133335e-01 3.330358164158488399e-01 1.883246442303061485e-01
3.754841442514796901e-01 4.016949324354594508e-01 8.714574309333096291e-01 7.625280099455267191e-01
2.689560238765570377e-01 6.652577668958024049e-01 8.815464564090707000e-01 5.504345581866800785e-01
7.380751541722114784e-01 4.739632387730892682e-01 4.652889532816748552e-01 6.049224387388676405e-01
8.140466122108426239e-01 1.556526494226084800e-02 1.020459698432716888e-01 7.935008425265550613e-01
9.031675588168002200e-01 6.221322015209739265e-01 3.996559438362539129e-01 8.371527579147368670e-01
5.226715290215380172e-01 8.296302740130173659e-02 6.119461831725825363e-01 2.248286390677094460e-01
7.227226498929807397e-01 4.318982371739316095e-01 7.782824681985025528e-01 8.498510939534753561e-01
3.653181557388527345e-01 4.768342787614773814e-01 4.599120328239157396e-01 5.603458422701805830e-01
9.516542899828259738e-01 7.277556470734772853e-01 9.364332185216259763e-01 3.107437083963304758e-01
3.233200574183626719e-01 2.552672154731170928e-01 6.808986728374331054e-01 2.037221693899482489e-01
7.311432339328451935e-01 2.521652818432269516e-01 5.580724340844687159e-01 9.428488234989345074e-01
9.782823040120104396e-01 9.936637008645107239e-01 4.384382272366734168e-01 7.803004672750830650e-01
6.108232542243199337e-01 7.099102409158070115e-01 7.606044487205154692e-01 9.952714981045573950e-01
9.349920582263768765e-01 7.949287658175258064e-02 3.424526332253302052e-01 9.697951748967170715e-02
4.234774482815827357e-01 2.755827216438966332e-02 4.656758088983600219e-01 4.764498893637210131e-01
4.134412131852529537e-01 7.456997689139344132e-01 7.894863585449785059e-01 6.061556609347462654e-01
3.662684934454683017e-01 8.113623533422851253e-01 2.437462381726057670e-02 1.395511266309767962e-01
1.104052056017610361e-01 6.859620491173532564e-01 3.599980307836092575e-01 3.771133008413016796e-01
2.647295336562404122e-01 4.212857112832322226e-01 4.998791657021181001e-01 3.876721961423754692e-01
9.683439721897608710e-01 4.023056290217782993e-01 9.496222700005121364e-01 7.654691194184124470e-01
7.872816515667413473e-01 9.805403543158137669e-01 7.955727232451703657e-01 9.890825669281184673e-01
9.838304166585595256e-01 9.677142952203586779e-01 9.220322558446983896e-01 7.732804894912987947e-01
9.969924408583036302e-02 7.276338797912733636e-01 4.176652820224349139e-01 9.293494925368577242e-01
7.579934150314214802e-01 2.089069043449093277e-01 9.965468688774749006e-01 8.083781581372022629e-01
3.281171833327093945e-01 6.670239610610593228e-01 7.874709771222891952e-01 8.769788462668657303e-01
7.038757723141605416e-01 5.477473282461232662e-01 3.645783256893349034e-01 4.575416948646306992e-01
7.397849593762927389e-01 5.885973891479230335e-01 3.775724119489485275e-01 3.314708403777331114e-01
1.783160888503799724e-01 2.296133812536167440e-01 4.638330402387140228e-01 2.690557674504816532e-01
6.855847794361871195e-01 3.890137001934285133e-01 8.941173152597384766e-01 2.998658185824751854e-01
9.360575675220359493e-01 4.671628365237613933e-01 4.757852838463870748e-01 4.252268697600811720e-01
3.982835195511469362e-02 4.513450474014400471e-01 3.702438037830751427e-01 7.819509389810264111e-02
6.816320211849825617e-01 4.391493707685961700e-01 6.744069000671459868e-02 5.843667734880000353e-01
1.264854184449259455e-01 4.076474042974331802e-02 6.035052621371889137e-02 2.281205612234771252e-01
5.441742362730266347e-01 6.187752879634895731e-01 3.534064921063911902e-02 3.108644301537424326e-01
8.915200413575148364e-01 6.696069159935204018e-01 9.913463231712702495e-01 8.508306755684316158e-01
2.240874839955472875e-01 7.920658750347264743e-01 4.482665878560265771e-01 9.085059075150638819e-01
4.234894287387999112e-01 2.879122097249002254e-01 4.152144877211627061e-01 8.209437900222837925e-01
3.995924630856258486e-01 1.647377914733805793e-01 8.352550980737993847e-02 9.924285113811492920e-04
9.896826390223852910e-01 6.318784190725530436e-01 3.510523200533781085e-01 4.226511849556118250e-01
8.469198904719014154e-01 8.362890327969904058e-01 9.034169233076521088e-01 4.779355453792959452e-01
4.419049497029091667e-01 5.183236476747676846e-01 9.393772326022933328e-01 2.344176431652158499e-01
2.668877968581570559e-01 8.694592073768641072e-01 6.732639626788448073e-01 3.693776484578847885e-01
3.576269199292065881e-01 6.059755601977017125e-01 1.541645924047546634e-02 3.995270298328250647e-01
9.662189608203635149e-01 8.133690202817689396e-01 9.184740880595083645e-01 4.866910881828516722e-01
5.043346128600459943e-01 4.293903389914934809e-01 1.265989219387292919e-01 6.558882503304630518e-01
1.711714935013562977e-01 1.077608841445629184e-01 2.578854622138576635e-01 8.564053685404360294e-01
5.782614037366862192e-01 1.886009288038378862e-01 8.701611982265611278e-01 8.430015563499182463e-01
9.325937100545300673e-01 5.555194121614049907e-01 8.089779848545031182e-02 2.494424832984805107e-01
8.188138405534293174e-01 9.425622228352061871e-01 7.725670805543285447e-01 9.650998541619628668e-01
7.530212384770853529e-01 5.650126210233019641e-01 4.430878854918465781e-01 2.512148907408118248e-02
5.163081170258232433e-02 2.878833162666267209e-01 1.715966612984384243e-01 4.639578121714293957e-02
5.068577882004021706e-01 8.419783769622384284e-01 6.198062494341188833e-01 1.564809235278517008e-01
5.955051513704731070e-01 2.052154047142534798e-01 9.602568872630015129e-01 6.188522034790366888e-01
1.734123013496794430e-01 2.959557471903673798e-01 5.905427386652369881e-01 8.317852809559553862e-01
4.191983743663269535e-01 2.983192486540533483e-01 9.255009381028533877e-01 1.308824568986892700e-01
1.599524775624738826e-01 5.084659633603716422e-03 2.116707326070608186e-01 8.178392585832625628e-01
1.581481550698348171e-01 9.194859025620998327e-01 2.845438913368395495e-01 2.168561541475355625e-01
2.360725080697828049e-01 8.024223527776961351e-01 5.513639461113466478e-01 5.407852760981768370e-01
3.595648496640969083e-01 7.197832138813982095e-01 3.125761599218973563e-02 6.734986847732216120e-01
3.026435552246040661e-01 6.757416345946298808e-01 4.659406192821422543e-01 7.905729247722774744e-01
8.848985984123286519e-01 3.998129659766405664e-01 1.536688301732128670e-01 1.088324515148997307e-01
4.906382326308895703e-01 1.171102687640401263e-01 7.873842601237592831e-01 5.617397881578654051e-01
1.435079138275464072e-01 2.286445376007371633e-01 6.990367962224830478e-01 1.091630386654287577e-01
4.791300449400957562e-01 1.304928569595390497e-01 2.523485464680630397e-01 6.359906434081494808e-01
7.508429019785483050e-01 3.172562718697389261e-01 9.988221626421750488e-01 2.910403609275817871e-01
8.113844592653827181e-01 9.701868523591823390e-01 7.573763201489509544e-01 7.350745801813900471e-01
5.875565330159275845e-01 7.896686403168917678e-02 4.438476672879607676e-01 7.439259083475917578e-01
4.055306602875818900e-02 1.445208229226813690e-01 1.194512697228563014e-01 3.466986378189176321e-01
2.907816695930675599e-01 2.726821030809656321e-02 9.667998932450505567e-02 2.485955648589879274e-01
3.744908185329626216e-01 2.107665333704634159e-01 9.519093373643672251e-01 4.118494379799813032e-01
3.788997014083152481e-01 3.349364752082171770e-01 5.126317851249108104e-01 2.837347569875419140e-01
3.106895910971457786e-01 9.925505085129633365e-01 2.489064998792651640e-01 3.807299972977489233e-01
3.154671180797733454e-01 2.361346861324004620e-01 3.258679551982648359e-01 1.954416627995669842e-01
4.700416230807209494e-01 5.333358329461505010e-01 8.535168734134876978e-01 6.426369445398449898e-01
6.528379242928252779e-01 7.725489831440390809e-01 5.622765181632533027e-02 4.915711509529501200e-01
8.334601189922853370e-01 3.993644610902289949e-01 6.998809475714090622e-01 5.581238127779215574e-01
2.247933384248690381e-01 7.820910861486075616e-01 4.458163042956909683e-01 4.221645905636250973e-01
3.913708739591417185e-01 7.517651030952967606e-01 6.989855821701808081e-01 5.911270165815949440e-01
4.575350880600016490e-01 6.674532131636519150e-01 8.585071170971769750e-01 5.979351727291941643e-01
1.469979446849511429e-01 9.228171889997663913e-01 5.590190390530197506e-02 8.621216272003948689e-01
2.494843841608440638e-02 1.970933481683712629e-01 6.276425423834475215e-02 1.001703978981822729e-01
9.528676590658574641e-01 6.579731217813999944e-01 8.455934272927712048e-01 5.621251258999109268e-01
9.103375817127388192e-01 7.126749564745569199e-01 7.311756249509719918e-01 4.854723638854920864e-01
8.209133372151866670e-01 2.838862848415345530e-01 7.266931105646092792e-01 5.406091143377125263e-01
8.255178917305655562e-02 7.455949123203133855e-01 6.771018535645977332e-01 2.931901502888649702e-01
8.116014378479157187e-01 6.507562723999391618e-01 8.130867168871800388e-01 4.115429967641830444e-01
9.602905129835107578e-01 9.456187813255202412e-01 4.123215607981824959e-01 9.494138264562934637e-01
2.142588031972938456e-01 8.427334027039261599e-01 2.092592048656736203e-01 6.954737748019397259e-01
5.885970901020893820e-01 5.159793331088546875e-01 6.944893186295575394e-01 4.325777960475534201e-01
2.787732699214520160e-01 6.970675278542384223e-01 4.044966027739739789e-01 6.814967647660523653e-01
2.753508944366646061e-01 7.168538093305693026e-01 7.971986115405732543e-02 3.058489330578595400e-01
2.274420973161810355e-01 7.390999327906206950e-01 8.844391861008327194e-01 4.910503588616847992e-01
6.993466414702234069e-01 4.144577438848159323e-01 4.798517614382478702e-01 5.233924034982919693e-01
2.551192458273458530e-01 5.736156314045010030e-01 7.050733779154028102e-01 4.296583440154790878e-01
6.569159711571922466e-01 1.536631223174814154e-01 2.221832024295320451e-01 1.589798543136566877e-01
7.499450221491045232e-01 3.144296943399190192e-01 2.708694534283795363e-01 3.504747627303004265e-01
6.356822350999145055e-01 9.750709395363946763e-01 9.657302460709049630e-01 8.343052635900676250e-01
3.728254746116554941e-01 3.047933405333547729e-01 8.528058560267177679e-01 4.326480906456708908e-02
9.935504442755408450e-01 9.234139472101274837e-01 9.918711434858813458e-01 9.414976576808840036e-01
3.012467766835623117e-01 1.807565151921396995e-01 2.669955566591292184e-02 2.127825701609253883e-01
6.821156928635045968e-01 2.835599150682990843e-01 1.537159351523458284e-01 4.979515343438833952e-01
6.785875071563916006e-01 4.815079280336068690e-01 9.158599267515741271e-01 6.126138598192483187e-01
2.907475138947834825e-01 5.991184897558495814e-01 6.128171344772513907e-01 1.149178352206945419e-01
1.676065408376762877e-01 9.610372312117232418e-01 6.247174120751552984e-01 7.864398304373025894e-01
6.951923619583598724e-01 6.811997853566098549e-01 4.650290350596719691e-02 3.028546387795358896e-01
4.943395712630574423e-01 3.859351145926950277e-01 3.334147865271470668e-01 5.908087699208408594e-01
5.254740736347095487e-01 5.509758861743933034e-01 1.223300077097075889e-01 3.463298392016440630e-01
2.933422178279528336e-01 5.247099103748037452e-02 5.603185605563811844e-01 5.507000249344855547e-01
5.358203371547015648e-01 6.124058021890463888e-01 3.686467560523329912e-01 5.778529536910355091e-01
7.227760589811931258e-01 1.225433258363782807e-01 8.304660887983567052e-02 1.795184710063040257e-01
8.193282164558006730e-01 2.089797687511693591e-01 6.130014687931018003e-01 3.683865645434707403e-01
2.230171511833580755e-01 6.871935806889333254e-01 6.443311308913541868e-01 1.457668091170489788e-01
4.511629137357647257e-01 2.222104414769981995e-01 1.743168288947743449e-01 4.044302068650722504e-01
4.953919169889575702e-01 4.403924623520572013e-03 9.394934450277878657e-01 6.089046411216259003e-01
7.145883766413347882e-01 4.015425239120735679e-01 1.229142214634263430e-01 5.102220175322145224e-01
5.029875507303722681e-01 7.413263240860687997e-01 1.047343354063052789e-01 5.320170710328966379e-01
3.781078845726258408e-01 9.315122121212526807e-01 3.358749627679707417e-01 1.739283555652946234e-01
5.507694550198239947e-01 1.576111904858685242e-01 5.361918259959222999e-01 9.269176437519490719e-01
7.421763652170971781e-01 9.282414538167513829e-01 3.330990671404846504e-01 1.752283731475472450e-01
5.390119708742718840e-02 2.091675926542818642e-02 3.461184064781270830e-01 1.822318444028496742e-01
7.770334366041768970e-01 2.586624081045802992e-01 5.729325515364280808e-01 7.564370853360742331e-01
9.423775638811433542e-01 7.234596632385226211e-01 9.509125348368480113e-01 8.630082972813397646e-01
6.155913587888284244e-01 1.169292659687012348e-01 4.957609977730442763e-02 3.231916583608835936e-01
7.964866613723065036e-02 5.850169684443882190e-01 8.260406120314478517e-01 7.185488620307296515e-01
5.158640629042039460e-01 1.133961014415815205e-01 9.678146586868716650e-01 5.907397491391748190e-01
2.037324881744965732e-01 5.823782347742285648e-01 1.790781668725280884e-01 5.558864255435764790e-01
6.611308531440366343e-01 4.324251652772124754e-01 8.567498796430756958e-01 5.482148330193012953e-01
2.685768953917821444e-01 6.470748833579669235e-01 2.388696289275486495e-01 4.809716716408729553e-03
4.035112280470787849e-01 3.066317696329375897e-01 4.888019977383123438e-01 5.937549043446779251e-01
5.330983623858964737e-01 9.524408983051233513e-01 1.612260904956302476e-01 8.432163717225193977e-01
2.670874914350142015e-01 1.038367585391554160e-01 1.050088518808655058e-01 1.882768089417368174e-01
6.178016714522918118e-01 7.854611174525096828e-01 7.027269369916948616e-01 1.466794000007212162e-01
9.051579157850975221e-01 3.845860658024570777e-01 1.270619395284782183e-01 4.660556442104279995e-02
6.709962586364343062e-01 6.080180139622002322e-01 7.483861384794325833e-01 4.125016191974282265e-01
3.241081159558260039e-01 9.016775848663398651e-01 7.507179878655769745e-01 9.988730961922556162e-01
9.075074992838911836e-01 8.972485258361522220e-01 2.607576447274391196e-01 8.447164078243076801e-01
6.389212319768353687e-01 6.496653899371439556e-01 5.709704004123168364e-01 4.579680715687572956e-01
9.992825826988587234e-01 6.074258438646564784e-01 8.708040214146512970e-01 7.903772864956408739e-01
7.074917091883513587e-01 9.494484173371895430e-01 9.778995371589140895e-01 6.753947678953409195e-01
4.451183595602747900e-01 9.518999089356841026e-01 1.125087223028874428e-01 9.418510904069989920e-01
6.093530461807239451e-02 6.216516332151600377e-02 2.001189420633742166e-01 2.655371585860848427e-01
7.444846567892788869e-01 6.878000409290345729e-01 3.899825858000965928e-02 7.622714557219296694e-01
7.018607804599702460e-01 8.544043542676934555e-01 7.534137787267592978e-01 3.958746015559881926e-01
8.807642932588712892e-01 4.679680261497157212e-01 5.352412877268376556e-01 8.097250270657241344e-01
8.435131841450755896e-01 9.579822195236000759e-01 9.967505922390320627e-01 9.227193223778158426e-01
1.258122755370577606e-01 1.142630264999734968e-01 5.519553254011282384e-01 7.565782032907009125e-02
6.846063237729455020e-02 7.120168196611558198e-01 7.173210692080856932e-01 5.358685099054127932e-01
2.242187573786671995e-01 9.670287283387897226e-01 2.065499630226944605e-01 5.750369462184607983e-01
8.298887959890528521e-01 7.145632681792012386e-01 1.642703297322367639e-01 5.120044869836419821e-01
9.689831510852414675e-01 2.351547629790329275e-02 3.172190582137516257e-01 8.077656922396272421e-01
7.752673273826582445e-01 6.604279617570615324e-01 9.921607071647629006e-01 9.970557470805943012e-01
2.954145485411791561e-01 2.280713637203030664e-01 4.007687764447600554e-01 7.486041341908276081e-01
2.615626907549064573e-01 5.086976601783056440e-01 1.609993572577056442e-02 8.041003639809787273e-01
8.621867927620525673e-01 4.768848189473022803e-01 5.734520114569860993e-01 8.815099750645458698e-01
3.386017704770792891e-01 2.856964142408253693e-01 8.286961380024471246e-02 9.086599783040583134e-02
8.876359818645351840e-01 6.517169025962714635e-01 1.093218738905460397e-01 5.441276014316827059e-01
5.085462151757885740e-01 1.117858309951869078e-02 2.797482956403435916e-01 5.975183728151023388e-01
1.770650431923866397e-01 7.165974253699237684e-01 3.553418980102706071e-01 5.692805747967213392e-01
4.147427649483531598e-01 7.939493725532033030e-01 9.580331028703596985e-01 4.710994716733694077e-01
7.203820071406286107e-01 4.756633891439188688e-01 8.186562177378624572e-01 8.936474174261093140e-01
7.493527563532957902e-01 8.739280941606213382e-01 3.894927986761065331e-02 6.877925852313637733e-02
1.658280894050696008e-01 1.295933524976810025e-01 6.796826541039149294e-01 3.861558770295232534e-01
7.540434984590118628e-01 4.810458825328342014e-01 9.961723713919551360e-02 2.407559622079133987e-01
1.102406302116750725e-01 1.309669366567407511e-01 6.266368872740151197e-01 8.554046533536165953e-01
3.951099755836834926e-01 7.663165552137798375e-01 3.078180694775140003e-02 5.043029224034398794e-01
7.679250558441872432e-01 8.225999812584859905e-01 2.522137403717318316e-01 5.871609672904014587e-01
9.278058038618415271e-01 9.762348235463993440e-01 9.269223056129423099e-01 9.088989845477044582e-01
1.796121327711369120e-01 7.363209698021511151e-02 6.656168785181399983e-01 3.409630616661161184e-01
7.768408828383301934e-01 9.578895665299098638e-01 9.313675854774698948e-01 4.866973450407385826e-01
2.967560085858256258e-01 3.489954780398440981e-02 9.278573599035147002e-01 8.056347859092056751e-01
1.929259892790749498e-01 1.886123360233841750e-01 3.056014989432918050e-01 3.670362336561083794e-01
3.337150434295983459e-01 3.646559752628897311e-03 6.766916197624206486e-03 6.806408241391181946e-02
6.419463355090123668e-01 5.001474992349959070e-01 5.525879090923799808e-01 6.812475412152707577e-01
4.397349973231568510e-01 9.040546202615438176e-01 2.312349052238579228e-01 3.638960935641080141e-01
8.307707194460702826e-01 9.278227754756880330e-01 4.720983363763771035e-01 6.296457396820187569e-01
6.796348392177975484e-01 3.562167795658986447e-01 9.307603153336247992e-01 1.134586918633431196e-01
3.839142189717262843e-01 9.383814538375414571e-01 2.234048378019737879e-01 7.171335034072399139e-01
8.769712095275534747e-01 2.362597600636365813e-01 1.565196919863915959e-01 3.775598842184990644e-01
4.146133007253043345e-01 6.041592841772291944e-01 9.968872658796807951e-01 7.241833608131855726e-01
3.288804090739357866e-01 3.352070176901862375e-01 9.657326304078406309e-02 3.509001960046589375e-01
5.226943982453586823e-01 4.374109424701777549e-01 2.513909029841250309e-01 8.852643040008842945e-01
2.839413680445750376e-01 1.576815446484604033e-01 3.816216605756377334e-01 2.871790044009685516e-01
9.373799680625624076e-01 9.751397978230426089e-01 5.329914592303515164e-01 9.012521787080913782e-01
2.515310355039068746e-02 1.478988585695126257e-01 8.330671878109316975e-01 1.066887348424643278e-01
1.341546197917268812e-01 6.191804066494834835e-01 3.847985285668719113e-01 1.222956671845167875e-01
6.181975181908445638e-01 8.530294498695174532e-01 7.689095555271424631e-02 2.229964369907975197e-01
6.620441413470030678e-01 6.745634581359682969e-01 3.159535069456214096e-01 9.534000251442193985e-01
1.456138402426886969e-01 5.537459545315523979e-01 9.126829036280317275e-01 6.603272166103124619e-02
5.815497684938059075e-02 2.503853985998553688e-01 7.205195536786483945e-01 4.007989706005901098e-01
5.981244570065652466e-01 4.269780377353972756e-01 4.980886841097696416e-01 8.358199156355112791e-01
1.808208565312918736e-01 1.312628312712168510e-01 3.266950362762955362e-01 4.008753465022891760e-01
4.041932880973854170e-01 7.950001848746401922e-01 9.327430043923425895e-01 2.936579424422234297e-01
1.239482015420191874e-01 7.669190179978795374e-01 3.106198993810356246e-01 5.057860258966684341e-02
7.213562267033920561e-01 3.307867038009504879e-01 9.034945229329944816e-01 6.286419448442757130e-01
1.743471460536283879e-01 1.027521143322705499e-01 2.608116483994731283e-01 7.515191729180514812e-02
5.065010194785513065e-01 2.141053392518165177e-01 4.689465259301884847e-01 7.562483428046107292e-02
2.679349382325491025e-01 1.272707135098258835e-01 7.733479439587527260e-01 4.755935254506766796e-01
9.807760677083023904e-01 5.896089745495984857e-01 7.409685879005865061e-01 6.453861678019165993e-01
3.737446397510817975e-01 8.937940786792499814e-01 3.068942626628687886e-01 9.991008946672081947e-01
8.473583140152739501e-01 1.061775154788876518e-01 6.764151784642846721e-01 8.052985565736889839e-01
2.755416657061228181e-01 8.175149848471265912e-01 6.383900826723285515e-01 6.997932810336351395e-01
4.661281529544069047e-01 3.416137950798532330e-01 7.170998289922458913e-01 5.452309141401201487e-01
6.765315879470197302e-01 9.198965391315150342e-02 4.992254954201945094e-01 1.698655709624290466e-01
3.107938167484587955e-01 5.055092048750868816e-01 6.933852126381566672e-01 3.603235115297138691e-01
4.609102926735387795e-01 6.365785564939510088e-01 7.824966325006219581e-01 8.002361194230616093e-01
3.987220968470296945e-01 7.920519787586048910e-01 1.470888081791303370e-01 2.375275618396699429e-02
8.612121876290348421e-01 1.118558599697030975e-01 8.987481308388384216e-02 1.386788049712777138e-01
8.179444849177666121e-01 7.476339498640308667e-01 3.925748395831868409e-01 7.252181945368647575e-01
3.242715377197715743e-01 2.978041702880211972e-01 7.108944914850073848e-02 2.792618284001946449e-01
3.955145870736581637e-01 9.269975547709944363e-01 4.607595723869841176e-01 4.124095160514116287e-01
7.602213296281724597e-01 6.748378177937419675e-02 7.398717127251710490e-01 1.220310784410685301e-01
4.957720912869231777e-01 8.781444948673151618e-01 8.063906819716670782e-01 5.209714518859982491e-01
8.268147274314467943e-01 9.179151687249442748e-01 4.948523739874040595e-01 5.317710591480135918e-01
2.546374394605760427e-02 1.295667268824062246e-01 2.301497312109960780e-01 2.088922958355396986e-01
7.458482239656403223e-01 4.152757132003809248e-01 6.199754385860439809e-01 8.252124094869941473e-01
4.218071571524847352e-01 9.434654204224003360e-01 1.997606832854892378e-02 1.385233278851956129e-01
3.621022839120021097e-01 5.642296869939235071e-01 4.011527543791060246e-01 4.456590327899903059e-01
2.356315172873043040e-01 9.685100073150223476e-01 8.484221303777306211e-01 9.869911128189414740e-01
2.530734017135564673e-01 2.569881102362978065e-01 4.835896197427028698e-01 2.689174143597483635e-02
9.464935442127181409e-01 8.696173337034810435e-01 5.927669236264103692e-01 4.763828443828970194e-01
2.095027495216659208e-01 8.171247130753696020e-01 2.200550291636507172e-01 8.769357267301529646e-01
3.744884032491914150e-01 2.489299245885369660e-01 1.315000890936324773e-01 4.745892651844769716e-01
2.745453895784160658e-01 8.082802342084907110e-01 3.752374524539889844e-01 1.800651175435632467e-01
3.653667164773116705e-02 1.178970762188932264e-01 5.677937723889333599e-01 7.682127249427139759e-02
5.902651006761194807e-01 9.953026192628241509e-01 9.624049774032163995e-01 6.682810583151876926e-01
1.302480739869220638e-01 3.254621840682839773e-01 9.253371868934148203e-01 9.780542631633579731e-01
8.066802628440139511e-01 3.698360398726505682e-01 4.894712928136391028e-01 1.670683913398534060e-01
3.522318592181874486e-01 7.749039775056577595e-01 3.079567556856582788e-02 6.258123747538775206e-01
6.362858641130020310e-02 2.912705554970290711e-02 3.611700304331447731e-01 4.410260964650660753e-01
7.964109512566935889e-02 1.295410632968038711e-01 9.331151401361864606e-02 3.620407518465071917e-01
2.889818586319392590e-01 6.592675737776234612e-01 8.697150382114664513e-01 8.886024428065866232e-01
2.795683003528757204e-01 6.845384083834270550e-01 7.539229965016844837e-01 3.990660095587372780e-02
5.558763000576183444e-01 4.176643546149013675e-01 1.390137259616712750e-01 6.605325730051845312e-01
4.136979649085542610e-01 3.923542514310415785e-01 6.666448656890957558e-01 8.978342758491635323e-01
2.355787172027961063e-01 7.245486599253092574e-02 3.710800115061380633e-01 1.040874011814594269e-01
4.464912758351186617e-01 2.976239794482693490e-01 4.922855702595569372e-01 7.362058365251868963e-01
8.787918894779906953e-01 6.055998957622550360e-01 6.164956267551340297e-01 5.256261967588216066e-01
1.765878276825511572e-01 4.354691216062758219e-01 2.596113379077907291e-01 7.963489259127527475e-01
6.192856256022198913e-01 5.093151457949212091e-01 9.939393290859326324e-01 3.833192484453320503e-01
9.705772808107654415e-01 9.399330438580540958e-01 7.648266150253697493e-01 9.448209570255130529e-01
9.197431039399692754e-01 9.877589839455958032e-02 7.766673287032261896e-01 1.430868890602141619e-01
3.384685246217655208e-01 2.510011842342556587e-01 5.788229424458172234e-01 4.930118736810982227e-01
8.445444288000065747e-01 4.276106826591205001e-01 2.839702689325561691e-01 2.833692636340856552e-02
2.825990403791154293e-01 1.641916067268614499e-01 8.523862163989155416e-01 2.351848368998616934e-01
2.061135762136869221e-01 7.095515355816121028e-01 7.748919769949347280e-01 8.359296952839940786e-01
2.288402701513288506e-01 3.626699310848255919e-01 2.840858849210918247e-01 3.079359817784279585e-01
4.828526509321029447e-01 1.976205421630683468e-01 3.429047507716963539e-01 3.171449322253465652e-01
5.447396074557396828e-01 1.886243658636743703e-01 3.024355181441603646e-01 1.287915431894361973e-01
1.093338671751559188e-02 8.862281754765297670e-01 4.942103606321834874e-02 1.357951159588992596e-01
3.742496509471560651e-01 5.448279903621806586e-01 4.174971876973284646e-01 9.851248234044760466e-01
9.672080015083558413e-01 5.301200585057703751e-01 3.417450313179693500e-01 1.283720606006681919e-01
4.852056396591811205e-01 1.238386079844805976e-01 6.000183737383104621e-01 8.346776640973985195e-02
7.463052145308026741e-01 4.876135616651899873e-01 5.784063036564933702e-01 5.369767716620117426e-01
6.163923313901586987e-02 5.743886314886459399e-02 2.977464913475098007e-01 2.357984150294214487e-01
7.746690020195605708e-01 5.753136036072761250e-01 9.453847859163733158e-01 2.812314711045473814e-01
8.031787918990512809e-01 6.545678905155539740e-01 6.794827597867224567e-01 4.303643563762307167e-01
2.792684240131189100e-01 2.702397115679289197e-01 4.989949416573820073e-01 1.892906373832374811e-01
5.468439780649690940e-01 4.022138313367115137e-01 2.758866773349132329e-01 7.531718432437628508e-01
7.136971851294048319e-01 1.601896323338338757e-01 2.280230417029996959e-01 3.615419263951480389e-01
9.020233395540497856e-01 3.909385493244280640e-01 3.515522742629516584e-01 9.255544014740735292e-01
2.457806947098079009e-02 7.669899506574809900e-01 8.274864921038900256e-01 4.330771812237799168e-02
6.465475856542923783e-01 3.584701059027662895e-01 2.976932636770673879e-01 4.143272803630679846e-01
5.854632580290425325e-02 2.786673623709486902e-01 7.157461350966534130e-01 3.896673512645065784e-02
7.854157559065451100e-01 3.572581552077308542e-01 8.590533406593432453e-01 2.884627918247133493e-01
5.008932931155415380e-01 5.076902703178844956e-01 2.776737981439723058e-01 7.771917385980486870e-02
2.335750687055093699e-01 2.262787082167593278e-01 4.116286418769683486e-01 7.162747695110738277e-02
1.007803377051368354e-01 8.991199221786444484e-01 3.909898494548615933e-01 7.230797174852341413e-01
8.491643133831401347e-01 1.353927226729356725e-02 2.123091539614059831e-01 4.566590143367648125e-01
7.666160036012632517e-01 1.426199153497230143e-01 1.268237646209546821e-02 2.554233747068792582e-01
5.139976431164591242e-01 2.890170306714122672e-01 2.944981700452482531e-01 8.732987407129257917e-01
3.855984614888023909e-01 1.810556982692893002e-01 2.632209621871040572e-01 2.634795380290597677e-01
8.384505660132830496e-01 7.261306371763198708e-01 9.486501414671244525e-01 9.822822548449039459e-01
5.021553392156791196e-02 9.715069530739255388e-01 6.956185913703729629e-01 8.448683859314769506e-01
7.142064362479315642e-01 6.471973874693490725e-01 8.518799146930915445e-01 4.282774978782981634e-01
2.913154548985861791e-01 9.560429429053014516e-01 1.063601876000078161e-01 1.040740075986832380e-01
2.789575265917232372e-01 9.722362156397519328e-01 7.186577628445145471e-01 8.774248529225587845e-01
1.244257422359582033e-01 1.322402128709022628e-01 4.248486195347589423e-01 1.079891624394804239e-01
9.294216417738287994e-02 2.615828762529748275e-02 8.392903352827718599e-02 4.609597572125494480e-01
9.857984588082552291e-02 3.052930033718509462e-01 4.398369311039986851e-01 2.122338074259459972e-01
8.952531158687717650e-01 7.895370336001100720e-01 4.600015485643172419e-01 5.023217510897666216e-01
1.746542956100793353e-01 3.977781086246258702e-01 7.794350291771273698e-02 6.868477491661906242e-02
4.753970860650311714e-01 5.688090255840012599e-01 9.343397443965377747e-01 6.582418840844184160e-01
6.227361560573791976e-01 8.122583743515729982e-01 6.718521292999010130e-01 6.030171632301062346e-01
9.357518806691078606e-01 8.294460391256018861e-01 8.392599633770497780e-01 5.050935181789100170e-01
2.804876280247495801e-01 8.682385872278224337e-01 4.005261555110302130e-01 6.034512608312070370e-01
2.379667085587129916e-01 3.978446218658673317e-01 1.700164330670579926e-01 5.869912933558225632e-01
8.628298110129357656e-01 8.468951733797129844e-01 5.899945024461983323e-01 2.255048525985330343e-01
4.564274493252176157e-01 4.871561178167340689e-01 9.629126824210214597e-01 1.739821329247206450e-01
2.686244540082636800e-01 4.189370547174960935e-01 4.680929246225812301e-01 7.395488249603658915e-01
5.791419381981899317e-01 8.810667075289642103e-01 7.117514923896127721e-01 5.525444543454796076e-01
4.353525914062923441e-01 9.470923507019317622e-01 7.844556485732009365e-01 9.603453404270112514e-01
5.704480508530445082e-01 7.420317250302738143e-02 3.669191076126877005e-01 7.096664435230195522e-01
2.100919977639708613e-01 5.456503446635108112e-01 1.289787377331201301e-01 7.152560034301131964e-01
3.799269170671846219e-01 8.505704452448170638e-01 2.115635621003575384e-02 9.300857023335993290e-01
5.899761084037086212e-02 4.476406320358106150e-02 6.886093554997232413e-01 3.119084052741527557e-02
3.017930253764894433e-02 7.685516692629156266e-01 4.056987560967455497e-01 7.326378237921744585e-01
8.497173843754690648e-01 1.811246437891760319e-01 7.053335247641057126e-01 3.288338137790560722e-01
6.474391477237555481e-01 8.685128247989915007e-02 7.837303677083995446e-02 3.182307071983814240e-01
5.047331860458301733e-01 9.096819497879796712e-01 3.996242984273026266e-01 1.426528347656130791e-01
1.091350447330557971e-02 5.032524809834120205e-01 3.486558084101591404e-01 2.101272933650761843e-01
3.159715641712246281e-02 1.825971084567484248e-01 4.062334142422736050e-01 5.018314423505216837e-01
5.145469185171213100e-01 1.254972651310590215e-01 3.171403303630657144e-01 2.781555608380585909e-01
7.799470085036953604e-01 1.616414071480183900e-01 4.946838622325255841e-03 5.053441184572875500e-01
8.877845513735365124e-01 7.849195349557522849e-01 9.078813191565661134e-01 8.269773414358496666e-01
4.052661725757299438e-01 2.712051560572091846e-01 4.430107870781420654e-01 4.807665126863867044e-01
4.400203339021860893e-01 5.905956337716994353e-02 4.916979778179315086e-01 6.518559367395937443e-02
1.586225026716154285e-01 5.076621654737488720e-01 3.233809078324487718e-01 1.815575133077800274e-01
6.464686995656551138e-01 7.439958637153678556e-01 3.353988131755658575e-01 5.555174222681671381e-01
5.033583083410586578e-02 2.904085478707006951e-01 9.285838294456889574e-01 1.250652433373034000e-02
6.127255727060837431e-01 6.248849544933532396e-01 9.802191436052859475e-02 7.952457475475966930e-01
5.949750339773225427e-01 7.678731884582399303e-01 2.428938285775171235e-01 5.380652844905853271e-01
7.060167495767285528e-01 7.091677661063781057e-01 1.863682034742833449e-01 7.632411010563373566e-01
2.525740002007326179e-01 9.927822200926188501e-01 9.697415257489940821e-01 7.839969652704894543e-01
3.717121939475384051e-01 7.561828614701585627e-01 6.496458499883532856e-01 3.543306794017553329e-02
6.710927724621120749e-01 9.860745427970891708e-01 4.654344676212539555e-01 2.955004824325442314e-01
8.889033104282023645e-02 3.061567811409762752e-01 2.306747599686298500e-03 2.710328469984233379e-01
3.487692530493265997e-01 8.210771770486522403e-01 4.296648832553154884e-01 9.193082293495535851e-02
3.662054292866278038e-01 6.448458894278944475e-01 6.675954584773852174e-01 1.065769344568252563e-01
9.992147019001433872e-01 7.173585376409826742e-01 9.179414419374531953e-01 3.407124618533998728e-01
7.177433225393392568e-01 8.779558234206652489e-01 8.022617969263721172e-01 7.890183171257376671e-01
3.351834674744718079e-01 3.086469021772174637e-01 3.334236830199730495e-01 2.646456619258970022e-01
5.671142638910553480e-01 3.632055190038729897e-01 7.230387813866699931e-01 9.680026471614837646e-01
4.180466813135093052e-01 1.399009485649115314e-01 3.592123001431068996e-02 6.341316280886530876e-01
6.167571906343697341e-01 2.677738249146272009e-01 6.076051686417711650e-01 5.948348436504602432e-03
6.549816937926236093e-01 6.819941276247084572e-01 9.730050881675570418e-01 7.674498360138386488e-01
7.300840177360151673e-02 3.111770108649953848e-01 2.897213268136883402e-01 7.807322251610457897e-01
1.785744967215481815e-01 3.266461614480616893e-01 1.238648713422775827e-01 3.829260761849582195e-01
1.151004631223284669e-02 1.818022498351880012e-01 6.715182695241127542e-01 9.742682497017085552e-02
1.328453589453224004e-01 8.941321414433904824e-01 8.453934508009960380e-01 9.897425398230552673e-01
7.358632268918641195e-01 3.731756612236875048e-01 6.947253898161394048e-01 8.944084164686501026e-01
8.528400248156868813e-01 8.218980265870907687e-01 7.964881557090490727e-01 4.240716963540762663e-01
2.560187149516207628e-01 7.552122202388829031e-01 9.348785567521702422e-01 7.586597402114421129e-01
2.864479968625893713e-01 9.235302825724828191e-02 3.957081378035727792e-01 8.428228273987770081e-02
7.621612180397661085e-01 7.786810025811914393e-01 5.637967146614492053e-01 2.913657629396766424e-01
7.691740742501880224e-01 5.325043668395479379e-02 2.061547598426328731e-01 5.087632255163043737e-01
7.284284867502863747e-01 5.347069669968986805e-01 9.164465255100271435e-01 3.845688521396368742e-01
1.225849997487867826e-01 6.293533566896445386e-01 6.726799994124819104e-01 8.002809274476021528e-01
4.009930114051084016e-01 9.305728441290699315e-01 8.364238571234525743e-01 8.551156884059309959e-01
7.960254156244825907e-01 2.601552292351477225e-01 7.177759202901621283e-01 3.783652689307928085e-01
1.229530837577862967e-01 4.801060822226633218e-01 1.875421130070843434e-01 3.096014163456857204e-01
9.027586455581035896e-01 6.121553189208684964e-01 7.859515580939259172e-01 6.302843412850052118e-01
2.800811090137336756e-01 2.658137526266313166e-03 4.353369155650549938e-01 4.321468917187303305e-01
9.888522543769822093e-01 9.880076058740506761e-01 3.641875171169896008e-01 9.448010963387787342e-01
4.079432330686935670e-01 6.601438615023169643e-01 5.655253913089790530e-01 8.223896585404872894e-01
9.991762935036814230e-01 2.945331686195358234e-01 2.251929403282058040e-01 1.142791828606277704e-01
6.282109206395831702e-01 6.787331068729840489e-01 9.263450738760365955e-01 4.755063913762569427e-03
1.327770513583009793e-02 3.568884155968589100e-01 5.276562856908734167e-02 8.563276473432779312e-01
5.101218031699885636e-01 1.997313888288183570e-01 5.660358587883054238e-01 8.723384789191186428e-01
9.076680040907263436e-01 6.353609605941844540e-01 4.896792957976668914e-01 3.245208377484232187e-01
8.156492308444276418e-01 8.880337501642017184e-01 5.044984771341379792e-01 7.308846639934927225e-01
6.066060496532700297e-01 2.872941829291173477e-01 5.627908714925231592e-01 6.353446024004369974e-01
1.847499332643697811e-01 7.857478425519266452e-01 8.367171012928004137e-01 5.336564483586698771e-01
9.391535956979978339e-01 2.743709338680090926e-01 9.084083144476264859e-01 9.883139361627399921e-01
7.689116161926548010e-01 8.164883345138820303e-01 4.083078534217530198e-01 8.490871703252196312e-01
4.586779102823962950e-01 6.587895823641682913e-01 7.202514104396852135e-01 3.812176110222935677e-01
6.041762655711340191e-01 2.087049068498350035e-01 7.852024676444269158e-02 4.379430760163813829e-01
6.685275538387264183e-02 4.906906792045639953e-03 2.676777920837331015e-01 4.503874287474900484e-01
6.298105208195370341e-01 1.804075723818630017e-01 9.988224972275578928e-01 3.455888554453849792e-01
5.987216345609930324e-01 5.250480431780981672e-01 5.937729152599036109e-01 7.640689664985984564e-01
6.706289399810132501e-01 9.354856493854888377e-01 2.266065998452035379e-01 5.560211744159460068e-02
1.120578943386725257e-01 3.115645500458218420e-01 3.027811834694519311e-01 6.243576132692396641e-01
2.681966620312109528e-02 9.138838289687798433e-01 1.152809611281336299e-01 1.746907287742942572e-01
4.792154484833558992e-01 1.857482182835618612e-01 2.724221410654627529e-01 4.137527165003120899e-01
1.671116363234889102e-01 2.259233248628407797e-01 9.472897036112469804e-01 6.221545264124870300e-01
8.696862600150288003e-01 5.231698880911447302e-01 6.461221746563972079e-01 7.943342574872076511e-01
1.954635979166586268e-01 8.877605815893958585e-01 8.621580388068655898e-01 1.747160437516868114e-01
4.018998413742989606e-01 7.354958730637968234e-01 8.756374959169035410e-01 7.181960418820381165e-01
2.857568306404494329e-01 3.351055622737392214e-01 9.839926165786661016e-03 5.473190280608832836e-01
6.960921036286276120e-01 1.346960822874267438e-01 4.564036765301716647e-01 3.057433930225670338e-01
1.059755586518842385e-01 3.687997539521781221e-02 6.010603492113630875e-03 1.953737309668213129e-01
6.498546246465223275e-01 3.446545546981671926e-01 2.563057674818971510e-01 5.739871268160641193e-01
2.581638556845896049e-01 7.401318334449122904e-01 6.317781850227920382e-01 5.526626717764884233e-01
9.044471508368472357e-01 9.892320293989662616e-01 4.270809785961027782e-01 5.039718672633171082e-01
6.091001253030799978e-01 8.197089410267177634e-01 6.082775964362000520e-01 3.298764608334749937e-01
4.055568628231479567e-01 5.088507995104558645e-01 5.875613589843325935e-01 5.725751270074397326e-01
3.116973272452908672e-01 7.509559087815315115e-02 2.571332064515704507e-01 2.920662085525691509e-01
5.279417810116293630e-01 5.135992284162891330e-01 7.533372000991831463e-01 4.132598552387207747e-01
5.696339520664405187e-01 5.017830565839260792e-01 3.076703560036835317e-01 7.002734497655183077e-01
9.652027080545788618e-02 2.851567438820181155e-01 1.605974408034839818e-01 7.751126731745898724e-01
9.948948225328206885e-01 3.566279368998636068e-01 1.983495458482971707e-01 5.510544159915298223e-01
4.744454087443034096e-01 8.978529780352539902e-02 3.669421977373216182e-02 4.783313933294266462e-01
1.450699909244403396e-01 5.746312674428022405e-01 1.756177021962396778e-01 8.062083702534437180e-01
2.087578759075714996e-01 2.396810379105556166e-01 4.543625874315369018e-01 9.846636338625103235e-01
9.690344851102565826e-01 9.664465579246814819e-01 4.211317062040730308e-01 5.831652430351823568e-01
1.457116634578561887e-01 1.530767416483526100e-01 1.964160273563937964e-01 2.703556173946708441e-01
1.054707272182919264e-01 3.385945331938783331e-02 2.071362864567972140e-01 6.858546573203057051e-01
4.402380419880415063e-01 5.844192867554862669e-01 2.343851959557412545e-01 5.260954727418720722e-01
4.320384411482195430e-01 4.606211758957879931e-01 9.527756462930783155e-01 8.693423154763877392e-01
6.055104026370140557e-01 6.314040084549132903e-02 3.442882582638888134e-01 8.947735303081572056e-02
3.003808242985528398e-02 2.779390591990377191e-02 4.571910031814284681e-01 2.370121804997324944e-01
7.682648875506215003e-02 1.656013314559445782e-03 1.091486781984614129e-01 2.671123880427330732e-01
9.300314578841967217e-01 6.662176363965850445e-01 9.098408711260101978e-01 5.492668531369417906e-01
4.243370953091639697e-01 6.358914777120041606e-01 4.129272282736325961e-01 7.754900001455098391e-01
8.168297668536228517e-01 9.074022589252468407e-01 4.569750879586821357e-01 6.827283999882638454e-01
7.658191182532155805e-01 5.185383500488462971e-01 9.092377730902307942e-01 3.565019699744880199e-01
9.109369812745715667e-01 2.603567451988499926e-01 1.536983911197252195e-01 2.052685527596622705e-01
3.870940025621244507e-01 3.164484155468599846e-01 1.928201065644633005e-01 5.643141434993594885e-01
1.545703881572771388e-01 1.631663799835681994e-01 5.484665326661984919e-01 3.041076604276895523e-01
1.848541108833442470e-01 2.104066014895423220e-01 7.036455954338161067e-01 5.034499834291636944e-01
6.951324299484851199e-01 7.740748759697613224e-01 6.519199215988447094e-02 7.962898537516593933e-02
4.706915360597985210e-01 6.640579142708300520e-01 4.305149207013342361e-02 2.006780931260436773e-01
8.558914756874708152e-01 6.931461872282138614e-01 8.398954055528955465e-01 5.281400384847074747e-01
4.531677537236399878e-01 7.421198107072733974e-01 2.441998850142164668e-01 6.208030935376882553e-01
3.682306305479216002e-01 4.710271999526704501e-01 7.923421241969539341e-01 3.386412006802856922e-01
3.534476143103614243e-01 6.249858118453153200e-01 2.064537632439588655e-01 4.879428423009812832e-01
7.229192396227286377e-01 4.002954028188547841e-01 9.108406124795855874e-01 8.915229465346783400e-01
4.793235103291356158e-01 5.311096371751027334e-01 1.074838359966386880e-01 6.846011509187519550e-01
8.495776133444654654e-01 1.817009080310147962e-01 8.860793097616499470e-01 5.500401558820158243e-01
3.759397971774625091e-02 7.026617045383147797e-01 3.836361417001928897e-01 6.945934707764536142e-01
3.655111740610740290e-01 5.263314546369476377e-01 5.220298848658511126e-01 8.156523534562438726e-01
1.007806045708384834e-01 5.205333720692215671e-01 1.860897079411937827e-01 3.982074644882231951e-01
6.981448848896715242e-01 9.039311805305113579e-01 1.047195100047898508e-02 6.549024186097085476e-01
4.640803389981723592e-01 2.162757017980450058e-01 3.834369259865145207e-01 2.622688421979546547e-02
8.338109755286038371e-03 6.500547987992427723e-01 6.226031181239272128e-01 5.682341360952705145e-01
5.279253612691177100e-01 9.572317065732760533e-01 4.768564730775990412e-01 5.026947127189487219e-01
7.867317524744241730e-01 6.430536321196375082e-01 2.439839112542631638e-01 2.797683174721896648e-01
1.734885373138240761e-01 3.316327035235448473e-01 8.483628932426530156e-01 2.974113100208342075e-02
6.302920638303322054e-01 8.459337305647300909e-01 8.321781280889318788e-01 3.243766876403242350e-01
6.695888850291732419e-01 7.383907231015396366e-01 8.452760555018745681e-01 3.805956421419978142e-01
4.567223083151347729e-01 2.444126486476125848e-01 1.971595710968896964e-01 1.760418335907161236e-01
5.771359986821644750e-01 8.792119419951192061e-01 9.464934239946947159e-01 7.301129905972629786e-01
7.730483788701933978e-01 7.249805036588701235e-01 1.865849791144456593e-01 5.414701357949525118e-01
9.793547537647684376e-01 1.893478879826260286e-01 8.957327966636776662e-01 8.959065661765635014e-01
4.205826917189231517e-02 5.994544762695359630e-01 6.613810672835385152e-01 6.718802708201110363e-02
6.266371432321183876e-01 3.955651938953530511e-01 8.204565942697847891e-01 4.644928385969251394e-01
1.922944725720229231e-01 2.640238182057149663e-01 2.338311879482897204e-01 1.981542250141501427e-01
4.907916874359540826e-01 1.644126408041797771e-01 3.106817799483230225e-01 3.606355434749275446e-01
4.526866180609742107e-01 5.933408563549038561e-01 5.872454909189346317e-01 1.763237372506409883e-01
7.758114342538222630e-01 3.765273583658312884e-02 5.624409765458541210e-01 3.435339981224387884e-01
5.164968480054277222e-02 1.030068366136001612e-01 4.728649630667789983e-01 7.219083688687533140e-01
5.256504918277778993e-01 4.859513017307734439e-01 3.084445718461432673e-01 6.279549966566264629e-01
8.914816866286987551e-01 5.981303973850413680e-01 6.025482219807091200e-01 9.821639531292021275e-01
4.954246809270299035e-01 8.639071140473917332e-01 4.491051812197800475e-01 9.990236726589500904e-01
4.267190967765542298e-01 6.199914911955582975e-01 3.040143978272501490e-01 8.448876738548278809e-01
2.816621189361087074e-01 2.222560804685204672e-01 5.554610913958372143e-01 1.743385202717036009e-01
6.660593040055160508e-01 8.812065195399981787e-01 4.916411263664294817e-01 7.993631537538021803e-01
9.007580778279627998e-01 6.820556997736816340e-01 8.636335012132205780e-01 8.302642288617789745e-01
8.991770897466240253e-01 8.481569243393199953e-01 6.852793116007183105e-01 2.392669511027634144e-01
8.238044911972465245e-01 9.225377620330919015e-01 8.781775644127564062e-01 7.068138662725687027e-01
2.367754550794339274e-01 4.379577985658502648e-01 2.555751404064214860e-01 3.469879175536334515e-01
8.621608405173016854e-01 9.035639016111634003e-01 8.893714407436981162e-02 3.007410382851958275e-01
8.148220403012600421e-01 9.803596554128934937e-01 7.733413532407045210e-01 7.768947749864310026e-01
4.458763224160226524e-01 9.161806698146760519e-01 2.720377100282623806e-01 4.840253945440053940e-01
6.313637731206447334e-01 9.403129342243715660e-01 8.430424998660510649e-01 8.905867738649249077e-01
1.658268786959056773e-01 8.158870516383341931e-01 5.754207815425775863e-01 5.351787339895963669e-01
4.914851402707066108e-01 6.517843935602265493e-01 4.444274596555830570e-02 2.463621562346816063e-01
7.009217212767213656e-01 9.511405558963986762e-02 2.815087612801320804e-01 6.928463731892406940e-01
9.158327929235596798e-01 9.651506517260304285e-01 9.762052806582133258e-02 4.220014321617782116e-02
6.667540901519946051e-01 7.872150542871247936e-01 8.947270868141594669e-01 5.617638207040727139e-01
8.602785942850015299e-01 8.200231660485692853e-01 2.023455303859897358e-01 9.431624072603881359e-01
4.431647731583774341e-01 8.987438499573313644e-01 5.417138440905150398e-01 4.730305788107216358e-01
8.328326509675491041e-01 7.990772241902348583e-01 7.999547679836132019e-01 5.918497426901012659e-01
9.633583503539979720e-01 6.787565957008374617e-01 5.264740433796886165e-01 8.078587821219116449e-01
1.999355285063122434e-01 2.133140251097510043e-01 4.185816976919834453e-01 1.558895853813737631e-01
4.557813595955906294e-01 6.567413352381351599e-02 9.179226447824412327e-02 1.239907955750823021e-01
8.320557535945081185e-01 2.128525558307451382e-01 7.814774245854494428e-01 8.479901368264108896e-01
9.302065665560551588e-01 7.885874533515758733e-01 8.992725712131535154e-01 2.968195292633026838e-01
1.418786828875545636e-02 3.196559805745036176e-02 5.938580695525709219e-01 7.507197046652436256e-02
1.333214359622458267e-01 7.864229269745974804e-01 4.495202716291585299e-02 3.081594617106020451e-01
4.899020958647988810e-01 4.379087466073052215e-01 8.784832042093060345e-01 1.394808334298431873e-01
9.937252158844773753e-01 5.476840387747463623e-01 9.417225693343654891e-01 8.392830954398959875e-01
3.859678529315997420e-01 3.194200889276939126e-01 7.684052460160086806e-01 8.913745807949453592e-01
2.012322210343109319e-01 1.598504510445046267e-01 8.554106962282825855e-02 1.641675038263201714e-02
1.592436340033731024e-01 1.213194622287805946e-01 2.363364864213062799e-01 9.047234833706170321e-01
8.583689538446599432e-01 4.405754391936994030e-01 4.158563162920778100e-01 5.011576612014323473e-01
9.231584119141242883e-01 5.202969227640580341e-01 7.338796712480223361e-01 1.209688249509781599e-01
7.010190181542358401e-01 6.795529480180102500e-01 9.340397592740052879e-01 3.747552807908505201e-01
5.568368939879689838e-01 5.087749842300124392e-01 9.193862643052945760e-01 6.624041483737528324e-01
3.711204565488817608e-01 2.328401802686580480e-01 3.504772201836740542e-01 3.701661757659167051e-01
3.087778100724558605e-02 4.419543446219784677e-01 9.526605491447821539e-01 7.763187640812247992e-01
5.894906163904694019e-01 3.779634087568889411e-01 5.304162567649970406e-01 8.650262008886784315e-01
9.898207938537308959e-01 6.429203357630391968e-01 9.331141249286305506e-01 5.563048424664884806e-01
7.257489878600745792e-01 3.371348537009128954e-01 6.656858248606751793e-01 7.413635216653347015e-01
5.055120735506074547e-02 4.239550071605919790e-01 2.158783962172759474e-01 1.710626031272113323e-01
4.163742438551260028e-01 6.768636277604603846e-01 6.694323833747459762e-01 1.881711152382194996e-01
4.811214902027942664e-01 5.586322590100450958e-01 1.925523892452485897e-01 5.243108950089663267e-01
4.219348078294548055e-01 9.881491630878584953e-01 7.324852261843339818e-01 2.926530549302697182e-02
7.992404796752705654e-02 4.882786483651614384e-01 3.400933989741145025e-01 8.272018560674041510e-01
2.262611291932055124e-01 3.409879617441564092e-01 2.157069147555419342e-01 6.671049518045037985e-01
