7.816285569270697842e-02 5.939511831488344384e-01 6.451808969666643634e-01 3.516716477099812721e-01 5.830024855677038431e-01 7.337696289705827324e-01 1.876725012801230830e-01
5.877603971804352678e-01 7.915091261024875813e-01 8.937825418856875093e-01 8.978879821998921873e-01 8.513183547183871269e-01 8.135405389215083494e-02 7.440445833546679433e-01
9.339781588794642264e-01 6.138596286961804926e-01 7.193524548896013115e-01 8.622174592696291162e-01 1.249754102900624275e-01 8.081479657166059649e-01 7.607113749861218466e-01
9.225120933885653240e-01 6.294576504766917768e-01 4.751151199923266955e-01 9.067045463839553676e-01 7.737909681163728237e-01 3.147959054031893578e-01 2.410402879723970715e-01
1.581338999380080268e-01 6.912499167017220891e-01 1.143361324406384494e-01 8.162603686563275618e-01 6.145041014533489943e-01 3.906614885145688332e-01 2.388281994147004039e-01
2.036471581499436079e-01 4.506625136814159660e-01 2.346568473305256641e-01 4.018635374557431583e-01 5.274985430296510458e-01 2.014301930426803389e-01 4.682540845157147080e-01
3.592143350034930904e-01 9.304547851293236693e-01 6.809273846665601093e-01 8.729159851461922859e-01 3.416686437558382750e-01 1.796262815398569357e-02 5.448883634053425240e-01
9.382053691367026049e-02 4.329915196465870530e-01 4.896468418565164127e-02 1.057159171749995075e-01 1.979098343290388584e-01 4.540185171251390761e-01 3.009834364475033053e-01
4.437521454171455826e-01 9.024400331904884887e-01 1.444531504302836167e-01 3.981820360712455820e-01 5.875009405426681042e-01 6.521222515479458970e-01 9.562462349969187425e-01
6.299423862855273448e-01 2.763015380236630292e-01 5.265877411013292209e-01 4.338696105638210065e-01 3.070797766558825970e-01 2.483125400148523676e-01 3.677078263526717405e-02
7.177872684802879544e-01 5.217467947930465311e-01 1.073932211906661327e-01 8.305082459850466892e-01 2.645272826775908470e-01 3.345033672402260017e-01 5.003138597052145808e-01
8.882256760869872148e-02 9.346327915469950787e-01 1.835354226792380028e-01 9.745102099944263907e-02 3.959367680363357067e-01 3.779542175603502474e-01 7.582616743594841058e-01
9.775361855628934560e-01 3.179265435328050282e-01 3.643435134137997800e-01 7.842243140890322595e-01 3.457992209587246180e-01 3.678442001790998006e-01 9.653757302743605218e-01
1.570941831044208592e-01 9.178778248816799046e-01 5.503015623413639590e-01 6.729970589100177092e-01 3.334983231034129858e-01 2.600384741030410951e-01 5.893179640162956590e-01
3.233433260348685945e-01 8.956977801209691226e-01 5.748975868443649828e-01 3.756849450568540694e-01 8.768688719719648361e-01 6.743102379017932302e-01 5.380901559281723312e-01
2.208966668337392636e-01 8.353109749225888780e-01 2.063759930163840406e-01 3.738656702159562362e-01 5.099884108640253544e-01 4.478602286198513638e-01 6.536671781767919853e-01
8.483259814347672290e-01 9.770612455668411522e-01 4.146352609220463892e-01 7.338230049213387840e-01 7.342879020143300295e-01 5.671832141979836761e-01 5.731167456031057705e-01
5.892709111490187501e-01 7.516861745286773644e-01 8.292480900425360790e-01 2.723583607822576691e-01 5.212576254270970821e-01 6.703141829332882606e-01 2.412771328279478267e-01
2.850567253855507133e-01 5.975266252826113567e-01 1.319455852725622269e-01 3.378970135379359974e-01 3.628974617458879948e-01 9.141595570666881665e-01 3.426378048252509134e-01
3.747794343176935605e-02 2.923296801985846849e-01 7.620826906686432034e-01 2.487705212772700625e-01 3.385495520196855068e-01 9.472533335110197017e-01 1.945109248961582882e-01
8.250677016504330830e-01 7.359800574188211097e-01 9.115883894220710992e-01 9.912129045691209228e-01 8.616854022257030010e-01 5.808391511390803563e-01 6.510775405305148089e-01
5.803727558095658212e-01 5.806248787450526416e-01 8.596259576236718880e-01 6.099283706173066477e-01 6.104689559433609247e-01 2.771144338175108301e-01 5.931340175665148484e-01
6.786689356031239129e-02 3.550311724396043589e-01 3.557434029012440657e-02 4.543906445627080015e-01 8.573534004390239716e-01 8.940658810260004863e-02 6.400062433907259818e-01
1.625687638771821653e-01 4.919951232606042391e-01 1.243489132896081206e-01 2.531507925184736107e-01 1.568796962965279818e-01 1.223743185937334332e-01 8.107803034585164825e-02
6.670320232000848115e-01 5.434933307121592172e-02 2.690042871970356742e-01 6.190588046737539596e-01 7.406056928448379040e-02 4.976993650938055236e-01 1.067831718303064448e-01
9.820556161286260188e-01 7.462896105793267454e-01 9.488217184169506213e-01 8.621504428621504790e-01 3.240277206059545279e-01 7.923451787127795409e-01 5.340364327227288266e-01
9.729579784259598796e-01 8.424880459073527117e-01 4.560025647133295612e-01 9.125564748568595341e-01 9.784631116781383753e-01 7.469442118497371386e-01 8.485810143623517821e-01
9.640956375767228970e-01 6.695648408171076538e-01 9.484021132480535687e-01 9.441476425317147925e-01 7.775624045170843601e-01 7.729684967504816262e-01 8.745207813461601809e-01
3.115753406897394662e-01 1.781406598621431692e-01 5.528268565209498719e-02 4.768474758278020698e-01 1.327595124021172523e-01 2.710007510886903170e-01 6.182090074266339830e-01
1.757050578568205013e-01 1.841034424344489828e-01 8.361575102209347632e-01 5.784250139757667331e-01 2.866381702478975058e-01 4.390663574999775776e-02 1.550819455034382899e-01
4.911818602689604907e-02 2.349571216290742837e-01 1.701806384383711679e-01 1.339999549703346782e-01 7.815722629893571138e-01 3.659823126144901018e-01 2.920346636122556072e-02
4.597419048828998989e-01 3.263571723844501671e-01 4.730721844844884560e-01 6.382514842146690404e-01 8.634275642689317465e-01 2.589141647026939053e-01 4.062343337781999519e-01
9.293377373660136609e-01 9.062727774014902593e-01 4.668702115105842765e-01 7.262102840505391121e-01 6.131049909163266420e-01 8.753449508958655034e-01 7.592508752919663317e-01
4.625734485034436738e-01 2.284109745526245461e-01 3.507039659665566744e-01 4.901656985357803475e-01 1.749463868327438831e-01 3.259446088523060281e-02 4.756757085504713656e-01
6.940494195269930611e-01 4.197169233303892355e-01 7.034205952444714249e-01 9.453010257959133522e-01 7.425075063947588205e-01 8.581986650183486276e-01 8.919085864029201449e-01
7.304980535597521696e-01 8.574840434598756111e-01 8.568060167018829443e-01 1.219460825639969159e-01 4.887292813509702682e-02 5.283315035563699302e-01 5.999582529881701820e-01
1.070343180744933731e-01 1.552156011664087565e-01 4.507712453804162411e-01 9.320904865888213209e-01 8.750824809540063143e-01 3.336106629563895254e-02 5.894307413180555066e-01
5.325027146236133158e-01 3.154691580918727589e-01 6.068348657681521541e-01 4.616746786569122518e-01 5.931994689162820578e-01 6.355099869665779000e-01 7.529642995986295384e-01
4.198096517549540496e-01 7.672830247645849866e-01 8.444760922246823398e-01 8.665157025879808295e-01 8.659036217723041773e-01 3.640694142227409169e-01 6.756105087036479162e-01
3.268840109745129174e-01 1.841166674728405561e-01 7.899511302944357549e-01 1.325746613256638118e-01 4.520139358937740326e-01 8.455272043609423083e-01 6.019166514048441829e-01
4.174181905739844378e-01 8.675315791124704745e-02 3.239907534936581346e-01 8.403761408931542665e-01 5.953268604353070259e-01 5.911259111884165085e-01 7.501351907934616925e-01
7.393533542169270500e-01 2.831869046555992031e-01 1.327359420870948270e-01 1.366225056681552585e-01 2.320691423956304789e-01 3.103568883103318132e-01 2.883561563142628681e-01
3.956851888901495862e-01 7.447008090106504996e-01 6.606607347810647957e-01 7.271943047433699903e-01 8.463428714312613010e-01 9.419996572350409769e-01 9.643549485202508320e-01
6.682258744625291236e-01 6.398390541103837759e-01 7.367348005534282152e-01 6.367864695554867893e-01 6.325660585425794125e-01 9.791076538320411249e-01 5.056461750993099802e-01
8.020258931113191103e-01 9.915645795227351345e-02 6.472215889263862598e-01 4.938971875836478675e-02 3.677597749046981335e-01 1.638118715559272465e-02 8.494671468846548557e-01
1.396704698495584429e-01 8.085981807600288729e-01 6.722249077939338457e-01 9.701080905187112746e-01 1.090783295221626759e-01 1.530890472540165081e-01 4.944846247244155668e-01
8.872486891487330052e-01 7.276806003873725892e-01 5.479768932138339155e-01 6.182119941283301667e-01 2.461315647233277559e-01 6.505609888424764842e-01 3.658321519332469185e-01
2.872878264537152004e-01 5.644204560041763408e-01 7.919023067282613404e-01 4.970992384148900656e-01 5.512872908730059862e-01 2.776860197071812086e-01 5.400764791516788899e-01
5.521378912730434685e-01 8.566932438812796535e-01 1.335069338474972334e-01 8.649819972365810905e-01 4.410125012509524822e-02 7.492959842361586187e-01 9.276262423120994471e-01
7.945203725723599675e-01 5.890932520069538381e-01 6.057306787071323750e-01 4.643400895924157390e-01 4.834790041204541922e-01 2.334654228932831477e-01 7.335114222490168867e-01
5.337417932439575408e-02 2.914485402845601314e-02 3.758020660882772646e-01 7.771767969199113724e-01 4.412381926085799932e-01 4.647891406826674121e-01 6.493838740738921977e-01
6.092255436470661589e-01 3.612028291203442376e-01 3.568598458002050222e-01 5.651651499998218142e-01 9.407427231781184673e-01 7.670556390939554658e-01 5.748935975324686032e-01
8.327833031227860339e-03 5.051758582659285901e-01 1.729293994099014298e-01 7.303998727572540428e-01 6.412041210569441319e-02 8.958898791251709293e-01 5.478101018068640693e-01
7.146795677581783135e-01 8.972047408054036888e-01 2.867458804192953292e-01 3.039850789875938597e-01 6.673453685361891985e-01 2.917672995093872901e-02 7.024884854535744516e-01
1.289361438164795537e-01 2.131854079290133597e-01 2.222093567139349357e-02 6.864019417153209845e-01 3.976661625783890486e-01 8.518540993747689694e-01 8.814167137177103539e-02
5.953404889938044287e-01 2.904220637053157583e-01 4.210987157144260307e-01 3.201405382693602308e-01 3.260922811459749937e-01 4.790236103632150577e-01 3.486928361330801085e-01
9.866025842585601779e-01 9.901954896668712092e-01 9.165627593868197476e-01 6.254978979974341602e-01 9.472129549831151962e-01 4.557217639349089300e-01 8.947780043366933000e-01
9.675467618334219200e-01 5.299262068677632609e-01 4.570781118223199435e-01 3.803550851745285399e-01 6.536937896162271500e-01 6.769660865697402219e-01 9.056615266301223377e-01
4.692153811940041885e-02 1.383832856921256016e-01 4.363780390429439215e-02 3.957737460312825140e-01 7.241699013393372297e-01 2.133667918183459467e-01 8.347264574021850958e-02
6.013116282768296017e-01 4.195301130632239639e-02 7.526050805228817753e-02 9.983319295125361315e-01 3.696152595803141594e-01 4.821136894075908064e-01 5.418970625467385283e-01
4.195689307012811509e-01 8.133727050357648647e-01 9.487859729704234413e-01 2.729748159295595222e-01 8.861835813149809837e-03 2.900185425586406240e-01 5.425689769232153736e-01
4.084634787542528178e-01 3.652750996731928268e-01 6.527743513969299638e-01 7.876939663698416805e-01 5.864705203566700220e-01 7.643363722849525477e-01 7.333996148461209286e-01
4.981043154257445704e-01 6.011369887320376915e-01 4.331576314275497608e-01 3.882389308120852700e-01 7.421420568134635687e-01 6.858762294453694119e-01 6.568779977377405821e-01
8.237992618103352482e-01 9.089834591688046306e-01 9.728376611982407773e-01 7.235845652962941132e-01 6.609793833922594786e-01 7.729606750193779297e-01 8.939184828302784158e-01
7.175650539091760205e-01 8.764451059713092018e-01 8.817998113305809404e-01 9.708516099252300080e-01 1.089774507563561201e-01 2.733174768619315853e-01 6.173801028493878240e-01
4.637373601718556282e-01 1.382172142411011162e-01 1.143983747726828870e-01 1.629231799901244560e-01 2.124109261203557253e-01 7.442104553267425704e-01 2.339648239486304959e-01
6.920028703339606846e-01 6.236057757801451995e-01 1.940001551851279205e-01 3.642967449845464500e-01 1.787181443069130182e-01 1.499744199057078120e-01 1.618068104364649984e-01
2.827404185943409587e-01 5.627559174027683131e-01 4.023463001008933393e-01 6.091323589154939988e-01 2.703037543687969446e-01 6.240310225048617543e-02 9.456810625401437242e-01
7.762074634329532152e-01 3.804456127261566234e-01 2.613974324673673522e-01 3.449030743539083788e-01 5.188935745973140001e-01 5.601182900849955848e-01 9.126549418911630296e-01
9.673996388609367170e-01 1.774844918599204346e-01 9.559063850040985244e-01 2.340528980785948621e-01 4.431943385861814022e-02 9.149803806536898065e-01 8.129238668115268407e-01
3.900145713624749710e-01 9.072523134500150022e-01 3.655850748706511721e-01 8.188293832801556427e-01 6.181761878542602062e-01 2.898222118079854526e-01 3.532094928504155851e-01
6.412709061065686722e-01 3.003002083921219589e-01 1.823011060385191784e-01 4.377918846307975453e-01 7.245074911043047905e-02 2.065436891378332196e-01 8.532699824710584524e-01
7.926941937128599847e-01 9.258658262204479961e-01 9.996984545059655058e-01 2.301612401019495491e-01 8.629893364850431681e-01 9.184899804232384835e-01 3.127520437850326296e-01
9.125875711242568133e-01 4.199084011004165506e-01 4.493910956262286427e-01 9.307463906558504085e-01 8.535690973512828350e-01 8.150252782289209019e-01 2.724138365337597234e-01
6.007266575150280730e-01 8.698245114964636704e-02 1.668353368774511125e-01 5.795929394989219885e-01 4.630173305049538612e-01 8.667731672092250372e-01 4.172229934696501941e-01
9.036856196361220395e-01 8.145656666200944418e-01 4.422743002463108142e-01 8.901725560322701902e-01 8.345956695266067982e-01 9.599780407554081574e-01 8.383797771006769040e-01
9.316930360807436085e-01 5.129826402426730381e-01 9.812258462383580682e-01 7.373002040040497196e-01 7.212378007825464010e-01 3.763747406768782611e-01 8.599377639042969923e-01
6.393639099073545884e-01 6.738936121297960380e-01 8.105034091542651087e-01 3.142102922337078885e-01 5.825219124089926481e-01 2.671151931187510931e-01 4.637124887319534761e-01
6.846342361720322289e-01 5.242872745824804781e-01 4.082633757373769767e-01 2.645540684982777835e-01 5.919505811762064695e-01 6.958786528023939155e-01 4.188237343767417520e-01
6.484846339069426646e-01 3.068687325681745959e-01 1.116372032240336432e-01 2.931497995091816300e-01 7.512896230909973383e-01 1.045224010567190609e-01 2.841649558448122170e-01
1.332113108688525727e-01 4.158367378750335575e-01 2.873498442170753231e-01 4.801798165732045764e-01 1.024551449809223413e-01 1.876771751372378616e-01 8.026424811974063322e-01
8.587419105484301873e-01 9.899264386898956047e-01 6.237332466257122787e-01 8.112199297010007637e-01 8.404399564024060965e-01 3.395904934276406384e-01 5.264259167892816338e-01
2.107162540412692020e-01 9.649228968278715790e-01 6.720864379044498849e-01 8.491754674975220407e-01 9.302374348044395447e-01 9.831860947421493524e-01 9.298843021661138408e-01
9.751893797186299562e-01 9.149557359685229763e-01 3.060886983718699161e-01 8.780745291159491872e-01 8.397351712919771671e-01 6.996453508047809633e-01 9.933423442423368055e-01
8.895004089371236766e-01 7.762512792147779894e-02 6.341598186615480248e-01 8.225824260254449571e-01 9.853518167510628700e-01 5.939810965747098770e-01 8.617838935674453360e-01
6.173546530208109395e-01 6.866286893850835904e-01 4.347047016157931099e-01 5.110863832184319167e-01 4.924190421588718891e-01 7.004597820277937981e-01 3.929288926082191713e-01
4.367999079112404592e-01 4.873348569626135829e-01 3.072568060702225434e-01 3.343289977990882011e-02 3.007242663297802210e-01 7.030275154360445811e-01 4.305291655357316172e-01
2.054047672656608148e-01 5.690196404460889923e-01 5.630287890605119028e-01 7.917835504596002494e-01 1.050291953142732382e-01 4.920879999572616015e-01 4.363544348280306018e-01
5.589984880522218536e-01 9.978734712157798503e-01 9.396130774376389994e-01 8.356293840361644909e-01 6.689475162420421839e-01 3.760614391940593770e-01 3.197467418308238551e-01
4.494138351045198210e-01 5.227379950285093724e-02 8.649292667392769474e-01 9.479186986630194767e-02 5.563160341698676348e-01 5.752242367505235876e-01 1.863696919126680007e-01
1.184890082894766161e-01 6.785675711415698474e-01 6.843560662753113144e-01 3.175954619061215345e-01 5.915428998414427042e-01 3.552237601074071938e-01 4.100871779632703218e-02
1.604400886509598778e-01 6.928891307153141055e-01 2.591567349076917548e-01 9.560232712042822101e-01 9.868201750796288252e-01 1.497785948492011965e-01 4.810881391947261498e-01
8.322728775216157171e-01 2.361794709323624120e-01 8.270667782191521988e-01 2.679791258058930592e-01 4.070754006970673800e-01 4.737581511700910686e-01 1.075731378400779925e-01
2.223789445941265486e-01 5.712882324480937912e-01 6.284361473938117060e-01 9.864833666100165654e-01 9.860185794532299042e-01 3.173847278521882975e-01 8.050038599791452532e-01
5.042305780132927406e-01 2.261253695988402757e-01 6.379380447858280512e-01 4.586479130386492131e-01 2.388908220455050468e-01 5.131119658074230205e-01 5.052528253896770849e-01
3.363152350218717723e-01 4.942938200849241182e-01 8.537700445686913220e-02 8.404122043388206897e-02 2.213771755341440439e-01 5.039149848668595943e-01 5.604008773566733215e-01
1.408131564915856559e-01 7.741606837616049619e-02 6.380409045212811492e-01 4.947899031067869435e-01 5.700795277953147888e-01 7.501820261628721065e-01 5.850947314545105193e-01
1.114781555022682502e-01 2.106327322968122862e-01 4.946955173114909177e-01 4.113633060809016584e-01 5.180419003590941429e-01 4.017901928553513358e-01 1.088855300556490491e-01
9.280331726231433320e-01 6.492647859664737453e-01 8.326813297527499991e-01 4.491976498298436704e-01 3.168216855265200138e-01 2.873396175014524268e-01 1.715429728764699124e-01
8.514061946165918382e-01 6.554865394746177687e-01 4.183122508867689326e-01 9.454610742248306110e-01 5.715169021859765053e-01 9.218205827405354658e-01 7.908440376160630336e-01
