3.993217711312808671e-01 8.104987079378419557e-01 5.554760977596946425e-01 8.995602226350456476e-01
2.867443778483246275e-01 3.036205680005154006e-01 3.258356654121885576e-01 2.902198683004826307e-01
8.132842946524881933e-01 6.256502462663113828e-01 6.033602784232448002e-01 5.862201196141541004e-01
2.559135313000386880e-01 3.300415823647130376e-01 1.531874830619066041e-01 3.026357644703239202e-01
5.469872817572931645e-01 4.015697118027860002e-01 7.953697414886072847e-01 5.585954063571989536e-01
5.131752759908477790e-01 4.230451606554030963e-01 6.690937862908832301e-01 8.182184314355254173e-01
5.515026710090827899e-01 4.369148850828102337e-01 8.662758397551928446e-01 6.068880187813192606e-01
4.848225299121526333e-01 3.746414432959207508e-01 4.799294129810670051e-01 5.160339078865945339e-01
7.514696222037157147e-01 4.560778769389743914e-01 8.556185921387042814e-01 6.803503117989748716e-01
6.192717691489799670e-01 4.089701777869438892e-01 6.188429813418148129e-01 3.626684618648141623e-01
5.577254692734234798e-01 9.883015860522729179e-01 3.342773806352713484e-01 9.013040394056588411e-01
3.116564588937483782e-01 7.966652655450695564e-01 3.533395035904318693e-01 7.378652936313301325e-01
9.520581567805692647e-01 5.642945868234391371e-01 4.701002829021861396e-01 4.452631557360291481e-01
1.855472938229290880e-01 3.286281362902399583e-01 1.914925441390213645e-01 5.090989836025983095e-01
9.578862988748931828e-01 9.664899024898522262e-01 8.080235638843991097e-01 9.247869637329131365e-01
4.362027030320936860e-01 4.836801883651989376e-01 4.540367725600345516e-01 2.172689503058791161e-01
7.568915617047040634e-01 7.180242740611514352e-01 4.733157795396174539e-01 8.109128093346953392e-01
2.892476157634108619e-02 1.080770239647296273e-02 2.577089724687780734e-02 8.012530626729130745e-03
1.814865800945251739e-01 2.083467863300884071e-01 3.918156879188207098e-01 3.614427917636930943e-01
2.751853693999506412e-01 2.398364300167080132e-01 2.371105402706434606e-01 2.202572836540639400e-01
9.600342322780410775e-01 9.647087017585034285e-01 8.622526690048063491e-01 7.846411296632140875e-01
1.904762274660866672e-01 9.166254765474167454e-02 4.195572403842698916e-01 1.312952600419521332e-01
9.608899188149944148e-01 6.330287228026755253e-01 7.981447278341263774e-01 4.448722384404391050e-01
9.248793320131197815e-01 9.339082567306511429e-01 8.317631894017997185e-01 9.387386203743517399e-01
6.803342774830019313e-02 5.819347570065890735e-02 1.651170599652483362e-01 2.726308871060609818e-01
1.098057901093732608e-01 1.392392125751424348e-01 1.179802134070132569e-01 1.234388523735105991e-01
8.206571842125512939e-01 6.502070507506314545e-01 4.729976879098793940e-01 9.173712546471506357e-01
5.355146358999599565e-01 6.697439865915222335e-01 5.128013853224203666e-01 6.551448747050017118e-01
5.972065063011855468e-02 7.129734359066310090e-02 1.800666661864611384e-01 1.284518216270953417e-01
2.563170453474190036e-01 1.552144183279872136e-01 2.841884478143023030e-01 1.563659615349024534e-01
4.589242879368647388e-01 4.472404044787370858e-01 9.163249405375976098e-01 7.978769948240369558e-01
1.385483570754747207e-01 4.970322146439763444e-01 1.343724610782722761e-01 6.325948177836835384e-01
9.262855780652443638e-01 4.225185449083235789e-01 5.356723820339860387e-01 1.830088237766176462e-01
3.714635492057943300e-01 9.865570290397893682e-01 3.274437598634921676e-01 3.183184401132166386e-01
2.286134183377684995e-02 3.838876424114500557e-02 2.187148178921356767e-02 4.827055800706148148e-01
9.669253772306377614e-01 9.851697628932056805e-01 8.000934582650592874e-01 8.708198925014585257e-01
3.971766533549460632e-01 3.454904315383804936e-01 6.509453509905750446e-01 4.158694443758577108e-01
3.188589829733493031e-01 1.899066864243618424e-01 3.213367220852263451e-01 1.992772684898227453e-01
5.061258501932917042e-01 5.803708238772873340e-01 9.359039221087409599e-01 3.473828905262053013e-01
4.904940513574464200e-02 6.144000960689833396e-02 9.424836445781530070e-02 3.405371890403330326e-01
8.829328802326741332e-01 6.113561435894566687e-01 9.114793352965689932e-01 6.661025504581630230e-01
3.075421330952669563e-01 1.345943427445635276e-01 1.295397262704051089e-01 3.563049549702554941e-01
4.019716098797877502e-01 3.192817334311433969e-02 5.755478596550068354e-02 2.185673522762954235e-02
7.275178625165098500e-01 8.092148133777846697e-01 4.037435243007828078e-01 8.575063573662191629e-01
8.641561573004452601e-01 6.246968947177335973e-01 7.196774023131673470e-01 5.355376154184341431e-01
9.880537561760545096e-01 6.016551250623298763e-01 8.575452420521473273e-01 5.543805453926324844e-01
5.161399091311045240e-01 6.782330193119137096e-01 3.689186513925964417e-01 7.070610485970973969e-01
6.960884595909492267e-01 5.512327696454581982e-01 8.650270659082714975e-01 2.095012238714843988e-01
5.506590562629060104e-01 5.354100584703741506e-01 4.445060860214536946e-01 7.069214221555739641e-01
4.476927771204782802e-01 4.556060447692182880e-01 6.542806487100878421e-01 8.301309873349964619e-01
6.643203247796407585e-01 6.228244601785105639e-01 9.321293237605982052e-01 5.910860062576830387e-01
8.490474148472253457e-01 5.416583259505668435e-01 3.824656212036634528e-01 2.377347408328205347e-01
6.742563250498974092e-01 8.045445039006579036e-01 3.071998459750906463e-01 2.699282073881477118e-01
5.481654882317718025e-01 7.192257046217922500e-01 5.781536866039889144e-01 1.722665466368198395e-01
6.729606584099314670e-01 9.179613360323344295e-01 3.272901783470625880e-01 6.993671734817326069e-01
6.725564956420314600e-01 9.559476716817317810e-01 7.364116516396729262e-01 8.307641590945422649e-01
1.487096900005815681e-01 4.780507007090250005e-01 2.233946960634404511e-01 8.620565803721547127e-01
6.181985128254703366e-01 4.350669517630275651e-01 6.550440379178856798e-01 3.980325837619602680e-01
5.823622005352377951e-01 7.528577184274904965e-01 5.814015022275857980e-01 8.402364291250705719e-01
9.566075562648493347e-02 8.346740588949415340e-02 1.782424372307325477e-01 1.570079040247946978e-01
3.894095638125706360e-01 5.847014217340924525e-01 4.392081628049523401e-01 4.157771712634712458e-01
1.554838307320334234e-01 2.291596887090089074e-01 1.612394594360610500e-01 3.499679688829928637e-01
2.719673347805577346e-01 6.490279789793010901e-01 2.406352271719375269e-01 9.719107360579073429e-01
4.518447452037930856e-01 7.744366618435322147e-01 2.708011015718804759e-01 8.126528449356555939e-01
9.396601330899299054e-01 7.280760510497783500e-01 9.249886059097941482e-01 8.275073089171200991e-01
6.570110673177828042e-01 3.419143355443481913e-01 1.400212318209586304e-01 1.406818903051316738e-01
7.065743523010654670e-01 5.528144469159800289e-01 9.262345711198289866e-01 4.241263384465128183e-01
3.918628390071738909e-01 5.300603177255989173e-01 5.554102783035882451e-01 4.280715463683009148e-01
2.935656566705258652e-01 4.454755508085601612e-01 3.458847311675242175e-01 7.112535957712680101e-01
4.297823628283461428e-01 3.603325080637237998e-01 5.274020597984325764e-01 4.275927657727152109e-01
6.045705378980266165e-01 3.187662844496436665e-01 1.619349541087174715e-01 4.128604296129196882e-01
5.465898591477351687e-01 4.551340994673511164e-01 8.836424988617654908e-01 5.189813270699232817e-01
6.779761286249128549e-01 7.246861970481743853e-01 8.421225411966615226e-01 6.175847256090492010e-01
5.377695082475079102e-01 5.495527122830916600e-01 5.082694769104465493e-01 4.113642720039933920e-01
1.875584418848921797e-01 2.750012574957080291e-01 1.995693592451294462e-01 3.945091951172798872e-01
2.358686301935485619e-01 1.908429417849450693e-01 8.106384932788617270e-01 4.901893883943557739e-01
9.001682818148332155e-01 6.766812658062113517e-01 5.256113441547420884e-01 4.774563247337937355e-01
7.550154170447004320e-01 5.190476617406950544e-01 9.346907237936912249e-01 7.202044136356562376e-01
2.062439666213337630e-01 2.323271412725040064e-01 2.390948322153638173e-01 3.575069748330861330e-01
1.267832872010234979e-01 1.356375113965964940e-01 1.930825589962609501e-01 2.739539027679711580e-01
5.358128375904596119e-01 9.483007368972009576e-01 6.633840063946235821e-01 8.440362852998077869e-01
8.139654680158089350e-01 7.060265360137165658e-01 7.510855388837787139e-01 5.871838352177292109e-01
3.502786177165895243e-01 9.466426377590703156e-01 1.805598744298923808e-01 3.114940852392464876e-01
1.673008425227380247e-01 1.344367378474770058e-01 2.084047349000015537e-01 2.015817170031368732e-01
5.123910374288397351e-01 6.348061114024313722e-01 4.809700323163037528e-01 7.986576845869421959e-01
1.422405021748062715e-01 1.844920597893098813e-01 2.358440099181952909e-01 3.305957498960196972e-01
3.488010639050521111e-01 2.955715784271155666e-01 3.954904462294555612e-01 4.475837596692144871e-01
8.185401105017890699e-02 4.672244024975523435e-02 2.192737092026081913e-01 6.311250594444572926e-02
8.481365209471422029e-01 9.722892404694658541e-01 7.977303233944770255e-01 8.603204581886529922e-01
4.547501480279578789e-01 2.942749793015695947e-01 8.355418615749240496e-01 3.567618324887007475e-01
7.732262445018086572e-01 6.532642294815277362e-01 9.384602089244551415e-01 9.596827353816479445e-01
9.017330718613442153e-01 9.806240841681393983e-01 5.809719672208576435e-01 9.735409650020301342e-01
4.215334578873354276e-01 1.879242919951354673e-01 3.908124031611429627e-01 1.568597636651247740e-01
9.433925139062265819e-01 6.854576056069489054e-01 8.535463193987082864e-01 7.901109589729458094e-01
6.092672082613462825e-01 2.382379963825482783e-01 2.355027427976893462e-01 1.549413867760449648e-01
8.680887204605329810e-01 9.876545173465820504e-01 9.569344602743223849e-01 9.080305169336497784e-01
5.104958565719996955e-01 4.485348438396516979e-01 9.516229272285536833e-01 6.038851130288094282e-01
6.242168133860820367e-01 8.091443666571189741e-01 4.191072568406229437e-01 4.946658629924058914e-01
9.191751334083673175e-01 7.651116738491318126e-01 4.861001752674518617e-01 6.964683607220649719e-01
6.723510893562875124e-01 4.638921584060558545e-01 5.717059254388821010e-01 4.405657129827886820e-01
2.334505524211142602e-01 5.137976206159265979e-01 1.354057259294909055e-01 1.647777596954256296e-01
1.313428995031231117e-01 3.185608306481945151e-01 1.681507148203789936e-01 1.596764512360095978e-01
1.247635962322744679e-01 1.395456288383689070e-01 1.088074248501041119e-01 7.615747901145368814e-01
5.379185538165477398e-01 8.249251348060065991e-01 8.497508231084137664e-01 9.728475161828100681e-01
3.621194607628014928e-01 4.105658976849196895e-01 9.030951678637489932e-01 3.042264948599040508e-01
7.656534170830742170e-01 4.845991106221936850e-01 4.683555363479582900e-01 3.479928523302078247e-01
8.161045475689197026e-01 8.301060219037544874e-01 4.723928228834224918e-01 5.772842301521450281e-01
5.174634470996331004e-01 5.816734363710451827e-01 5.535640907805591260e-01 4.770918434951454401e-01
3.677333255920888777e-01 4.669860692505324873e-01 3.693417234428590934e-01 4.554048769641667604e-01
3.958766553915937236e-01 2.748983953988720641e-01 3.110020361405779199e-01 2.674107861239463091e-01
4.504512911783482565e-01 3.419427740662990822e-01 9.662964595524052847e-01 3.084414766635745764e-01
6.629294128787108775e-01 5.442601030379148330e-01 6.839877391885251789e-01 6.006619352847337723e-01
6.655136326510435740e-01 5.764007990828999839e-01 8.846241700387608153e-01 3.041371610015630722e-01
6.079782259376640408e-01 9.232447154113435639e-01 5.416078758478040100e-01 7.673912681639194489e-01
6.923129895585429516e-02 9.286247120562290958e-02 4.943232585776352606e-02 3.851030906662344933e-02
1.618674853417747528e-01 2.270421203417821165e-01 1.870760520301237295e-01 3.572839344851672649e-01
3.498114573970905750e-01 4.507339570158509501e-01 6.419427161135620175e-01 4.767240849323570728e-01
8.110337111773611163e-01 2.134771262446760187e-01 3.587721866486849320e-01 2.371641239151358604e-01
9.928797198143766156e-01 4.838330097898323467e-01 5.879250524372553466e-01 4.974115253426134586e-01
4.101076186615125185e-01 5.329821133912308051e-01 2.146738592673812784e-01 3.855425301007926464e-01
4.551891950911757800e-01 6.225356535400622393e-01 4.044118110267176935e-01 6.845878409221768379e-01
4.456185065613451068e-01 5.023175723502557588e-01 7.058555817934758503e-01 8.874487245921045542e-01
3.454981291326837956e-01 3.414702666856911928e-01 3.110335291274790026e-01 4.972956439014524221e-01
6.435706895237789382e-01 8.837891237581728676e-01 4.146504319576780340e-01 8.468979317694902420e-01
4.222622844941226750e-01 6.135455527998978642e-01 2.445660007897958454e-01 4.519624512176960707e-01
7.761630214837830222e-01 6.889807715512867858e-01 6.668206938896131808e-01 7.106746176723390818e-01
1.067845700411588772e-01 9.055227719147070087e-02 1.333199367545339353e-01 1.282416319008916616e-01
4.012589981218657176e-01 3.892050135501735619e-01 6.813945097223349512e-01 7.726557746063917875e-01
7.859273188237123620e-01 4.309405936642825563e-01 5.328165560944201351e-01 3.658330549951642752e-01
5.294897499140119868e-01 3.864371344101352745e-01 7.178188157021888616e-01 4.524966322351247072e-01
5.098633085520500874e-01 5.761249088538648033e-01 5.363011989430892523e-01 8.003306530881673098e-01
7.006259867362041316e-02 1.423714352286684637e-01 9.051633565052716324e-02 3.440072988159954548e-01
6.229544030191181969e-01 7.938328777959982041e-01 5.275989006127448366e-01 7.988820062018930912e-01
6.678721403931610068e-01 5.569498914138927281e-01 4.098085714651781841e-01 4.955674572847783566e-01
1.944228945823242571e-01 8.048976127149570781e-01 1.117073878052811525e-01 3.415283339563757181e-01
2.450658438890023633e-02 5.207914528196733173e-02 1.738701860396613119e-02 1.106532160192728043e-01
1.087639945014554493e-01 4.053259130283928813e-01 1.305759666322056645e-01 5.427803890779614449e-01
8.717696685885598651e-01 6.010629170004336830e-01 6.918437752862993673e-01 4.682410412933677435e-01
7.544102457095828163e-01 7.483251082528918907e-01 5.939453381678265753e-01 8.607925174292176962e-01
2.925817198942483599e-01 4.419055582397061199e-01 3.549054156048426778e-01 5.665674987249076366e-01
5.867500256765797451e-01 5.438042563189227074e-01 8.602000127423991005e-01 9.625633317045867443e-01
5.321884076626985927e-01 1.790497878226625372e-01 4.733043295543516993e-01 1.410954692400991917e-01
3.957331849137893376e-01 2.873435516874396356e-01 7.316604421251823309e-01 6.180259441025555134e-01
7.257581288016882182e-01 8.514286462196867245e-01 7.335580334879240327e-01 8.799513743724673986e-01
9.938222874500778348e-01 9.785727105028886319e-01 7.946120632451219024e-01 7.857463159598410130e-01
4.104950756205020257e-01 4.524936956417984213e-01 7.028147899691525868e-01 6.059393412433564663e-01
8.315667197725952198e-01 9.378136851059580836e-01 9.876999361636009667e-01 9.745246609672904015e-01
5.617731653661500041e-02 5.934091521701038291e-02 1.448339511009080760e-01 2.833683157805353403e-01
6.089232968812378910e-02 4.210865745751524863e-02 5.559269960725510273e-02 6.204220512881875038e-02
3.365642269945284260e-01 1.891204196484886357e-01 3.269224470269734284e-01 1.905188749078661203e-01
4.709569962520164244e-01 6.187806385681826615e-01 4.250183276239494212e-01 5.344466608949005604e-01
3.837468083583219225e-01 8.289527049162247474e-01 3.221292249958883636e-01 9.343466621357947588e-01
9.302149791544933599e-01 7.586711266488954664e-01 9.923885299381988156e-01 5.203537638299167156e-01
1.712291092037772269e-03 1.510185042709045154e-02 1.610922121843880563e-03 2.323940047062933445e-02
3.947986280576740864e-02 8.333525351203692477e-02 3.321381706366385161e-02 1.476108704227954149e-01
5.662179132352910260e-01 2.268020374821896057e-01 3.573688427537685119e-01 2.034087185747921467e-01
1.961663766522737939e-01 2.325886987512685022e-01 3.345865648794525971e-01 2.997592275496572256e-01
8.772692321049854192e-01 2.747570155140829917e-01 6.201366061267821195e-01 1.782577990088611841e-01
6.676342687821020805e-01 6.764917724818318989e-01 5.316530900588738451e-01 5.289520984515547752e-01
3.839692471617344172e-01 2.422146168209325379e-01 8.462362631742004204e-01 2.855896358378231525e-01
3.837635312862394676e-01 7.097020752097089602e-01 5.176494541117588888e-01 5.852439107839018106e-01
8.352915138975284259e-01 6.419873646025610059e-01 9.239710701076142563e-01 7.699780107941478491e-01
8.349191980308475758e-01 5.353793900019667706e-01 7.895391457011757819e-01 3.579974393360316753e-01
3.725442507280382065e-01 5.225575152859767147e-01 4.252314745073140778e-01 5.579648425336927176e-01
4.775300790618969282e-01 5.611317808926976625e-01 5.902952414293430872e-01 7.150019647087901831e-01
9.471084979176114249e-01 9.152246851603976774e-01 6.410631569969401644e-01 7.287394902668893337e-01
7.964315537104760256e-02 8.571218186702940500e-02 8.866838291432033170e-02 4.474211321212351322e-02
5.042151528310915287e-01 2.903919493950346542e-01 2.114480826737847319e-01 1.140707114245742559e-01
5.651722710338036304e-01 4.492807620346884190e-01 5.951078556793926166e-01 3.476712272968143225e-01
6.895471258873898668e-01 6.598866538434315920e-01 5.118259850856440307e-01 6.564883971586823463e-01
6.855440168818587032e-02 1.220671197117169926e-01 3.391284280836145970e-02 8.546997350640594959e-02
8.386193103480164002e-01 6.617843646067331775e-01 4.997894816991491074e-01 4.695139317773282528e-01
9.998506761587537817e-01 8.483599393419586354e-01 6.787641015396232991e-01 9.652223754674196243e-01
6.209746565075746627e-01 4.911481043515994460e-01 5.446008454425571577e-01 9.274440531153231859e-01
7.251235179183608548e-02 5.108019459733766782e-02 8.632542279967901633e-02 6.935907970182597637e-02
5.153259235981704212e-01 3.687336590415094539e-01 8.250227164873320529e-01 3.010553349740803242e-01
4.226152012407485836e-01 2.517169737229603133e-01 3.626846488164460203e-01 3.505752687342464924e-01
1.184080148078090894e-01 1.777619921884360243e-01 1.888090401128644513e-01 7.654092181473970413e-02
3.736589985734223296e-01 4.090992024368743096e-01 2.736571849008443413e-01 2.191612012684345245e-01
7.821846465416764094e-01 8.051962225614649471e-01 8.284313077745469878e-01 4.368100254796445370e-01
9.499251201768101893e-01 7.871616321971078856e-01 9.691621562582470872e-01 5.630356692709028721e-01
9.666893153821186635e-01 9.271867145567985746e-01 7.578600622352728022e-01 8.492765300907194614e-01
4.307373588758341421e-01 9.038469566033515701e-01 3.880684308967154994e-01 8.636293723247945309e-01
8.357174732485942448e-01 8.807596995626814085e-01 7.377855655776166532e-01 6.793517705518752337e-01
1.971094933118582859e-01 3.113003153398131162e-01 3.446424187128103167e-01 4.320599015336483717e-01
4.886939139322334785e-02 2.713031613738486544e-02 7.572773740340180137e-02 3.608087706379592419e-02
5.903325762033122953e-02 3.928952574695198513e-02 6.452150930682537533e-02 4.845382389612495899e-02
8.680557461036882971e-01 9.280326910750159586e-01 8.419339786555796179e-01 7.933787258807569742e-01
6.246366268703893443e-01 4.418872609412730079e-01 5.673533328683455501e-01 1.832138011232018471e-01
7.453663198608945217e-01 9.599016290928054085e-01 7.345918813370998501e-01 8.418554796371608973e-01
7.091378487552364440e-01 9.575356713561208322e-01 9.530871344844871196e-01 8.999262575525790453e-01
6.489072202794954336e-02 1.218018167762051351e-01 1.097323034528920604e-01 3.678728321101516485e-01
1.838113723600661165e-01 2.083408074696013190e-01 1.836817848395745079e-01 3.433216845151036978e-01
2.351983676837119674e-01 2.929737983303266624e-01 3.003856829139217588e-01 2.797617504838854074e-01
8.312391643238620231e-01 5.629967271328263356e-01 8.955549811080927292e-01 5.305485324934124947e-01
3.781994387920333822e-01 3.829230578817210406e-01 3.149798719798436175e-01 2.486299902666360140e-01
5.570257376018663553e-01 6.365995238560349101e-01 3.573649890231870296e-01 4.079375560395419598e-01
6.619476124859242638e-01 5.461436214216381924e-01 9.705104922217570040e-01 6.311103147454559803e-01
4.176713921147506836e-02 2.862321188835014601e-02 2.221878429168230584e-01 3.926091059111058712e-02
8.985827431685262656e-01 9.309341982976241381e-01 9.607934110978854081e-01 9.378050053492188454e-01
2.968688834995467651e-01 4.927803110443303991e-01 4.025844314799924550e-01 7.184722311794757843e-01
7.774315967977948327e-01 7.998531064254217338e-01 9.317482942644428334e-01 8.984363817144185305e-01
2.150706515581476130e-01 3.745482031152278513e-01 2.684057844267807025e-01 9.432615356054157019e-01
7.036116458731971335e-01 5.798878218664107465e-01 9.900594793300606655e-01 8.310791857074946165e-01
7.455353409402075693e-01 3.912185528936253931e-01 3.044222282445201433e-01 3.361544176004827023e-01
3.184969053291774373e-03 1.985211347324343512e-02 3.064763950885352091e-03 1.800962258130311966e-02
3.822405747510745910e-02 1.839773903392285734e-02 3.310904907837158850e-01 2.373214391991496086e-02
4.643740451824910909e-01 1.741137765900901968e-01 3.767933341170807693e-01 1.107901267241686583e-01
7.934533044522412704e-01 3.590022465964477494e-01 4.720368508612852176e-01 3.090307808015495539e-01
5.084418995030030031e-01 7.073539902480120434e-01 8.311518760923498617e-01 8.882519979961216450e-01
4.979691749538038281e-01 5.016765826142901563e-01 4.522790392580122165e-01 5.922327246516942978e-01
5.405440981796308941e-01 6.289781620673154938e-01 5.625892036604485114e-01 3.347751924302428961e-01
7.495225511684471265e-01 7.541282852262464198e-01 7.616829867103798168e-01 9.163384595885872841e-01
8.369854605815717496e-01 8.397501716565070051e-01 8.757834103978628937e-01 9.353209130931645632e-01
7.798065077947339274e-01 7.945430342824923997e-01 6.545282773623231076e-01 9.763950745109468699e-01
9.455379647542987848e-03 1.353676865136861467e-02 6.813898404102608670e-03 6.365610286593437195e-03
9.565733177395157050e-01 9.746124990185955905e-01 6.276083345904398536e-01 6.321363714523613453e-01
1.884973232561664921e-02 6.024311616639349554e-02 1.822460746512211821e-02 1.627291848417371511e-01
9.752022485139442143e-01 8.711747435571908227e-01 9.149145326290070157e-01 8.551713719498366117e-01
3.523638310934157913e-01 7.305399347947454380e-01 4.141697846029979146e-01 8.499455519486218691e-01
4.938537885245614101e-02 1.333592634827610382e-02 5.072678805993409423e-02 1.216665306128561497e-02
7.220976988079056413e-01 5.502594322051076459e-01 4.332971382558208351e-01 4.766805609688162804e-01
2.934544149942491242e-01 7.521674861502672949e-01 2.849829744642991547e-01 8.964720400981605053e-01
4.929393095925895807e-01 9.695528478199780809e-01 3.058376357182236993e-01 5.187216026242822409e-01
1.020403822817151501e-02 2.358069319016413076e-02 8.962889003567771004e-03 3.680522926151752472e-02
8.385123727174070840e-01 8.240550539967484989e-01 8.748761067460716356e-01 5.462122282478958368e-01
1.281291739837963350e-01 2.732745337315559686e-01 2.290047675343949152e-01 6.123280483298003674e-01
7.978320958609198543e-01 7.273524529590398302e-01 6.768970894788995940e-01 6.087839957326650620e-01
3.365015371065934180e-01 2.833528301769021041e-01 3.704112031133280358e-01 4.561204442288726568e-01
1.727701190191305025e-01 6.232140688744555734e-02 4.687059580870296394e-01 7.941749878227710724e-02
5.230743618173900877e-01 3.699948891274067453e-01 6.028780775808103565e-01 4.240277935750782490e-01
7.015392013251834369e-01 9.220432978666242008e-01 6.894781245760299715e-01 8.162577287293970585e-01
5.327462014387948086e-01 3.600046242274951847e-01 7.857743688199581023e-01 1.793524930253624916e-01
7.765868979370584846e-01 7.246104715508154825e-01 9.589376789446681926e-01 8.689672776963561773e-01
1.516872189612061272e-01 1.704383505019429201e-01 1.337558851791056935e-01 2.289386156480759382e-01
1.315479092889404733e-01 1.027165913524836632e-01 6.296521688561381724e-01 1.029776507057249546e-01
8.383713519413305004e-01 3.949954709918511719e-01 4.394442705613471611e-01 3.031416442245244980e-01
1.242677701730902917e-01 2.494113193586112998e-01 9.960798635771181408e-02 2.537282055709511042e-01
8.077124250684611928e-01 6.826099378227665770e-01 9.306931863521243908e-01 8.067491347901523113e-01
7.113785815763622455e-01 7.093912951262696387e-01 9.194227292872607649e-01 8.194159681443125010e-01
8.019392363850182948e-01 8.012622491440222205e-01 1.128755780470538650e-01 1.990151621866971254e-01
7.389641760006178117e-01 6.215258836630085382e-01 9.109621777056621239e-01 8.070303255226463079e-01
1.273507205925199504e-01 6.759699553039281994e-02 4.159807361705475381e-02 7.560726860538125038e-02
3.795310912936866732e-01 4.453295401422471267e-01 2.819529534069166177e-01 7.599369345698505640e-01
1.150001800377529332e-01 1.179786356558893967e-01 2.095450632408518976e-01 1.419155162293463945e-01
4.666700702949045376e-01 4.433538560899382142e-01 5.177167832041069673e-01 8.630126174539327621e-01
5.794072393877867100e-01 3.613286232981358093e-01 2.299289397779296640e-01 2.159825880080461502e-01
1.956044261031699982e-01 1.534385693831404329e-01 2.787293820886652118e-01 2.458055594470351934e-01
8.818758333719020071e-01 9.839576011279593803e-01 9.645712297152715387e-01 9.789297590032219887e-01
6.549866892585937128e-01 4.105827775930805945e-01 8.459538466626580488e-01 5.186361819505691528e-01
3.808095769868393710e-01 2.530000580898399964e-01 9.539640369903442663e-01 2.830867778975516558e-01
6.898101583217596255e-01 5.229547632785173095e-01 8.798018043906608021e-01 4.614404032472521067e-01
1.164254254614070783e-01 5.132512923051156806e-01 9.428090221999990694e-02 2.645880256313830614e-01
6.074717874217412383e-01 9.217609065232761356e-01 7.770563618971542130e-01 8.933456814847886562e-01
2.397104634162783854e-01 3.822430918765648555e-01 2.337610107711792784e-01 2.657943775411695242e-01
5.804980987487027289e-01 9.457909369945094458e-01 5.484257323617298674e-01 9.705181415192782879e-01
3.846617197117847553e-01 1.660572373196252671e-01 1.462945067742804639e-01 8.851083996705710888e-02
5.111716612288719208e-01 5.115459927165446619e-01 5.839764976283110531e-01 2.335314820520579815e-01
2.898664817168234986e-01 3.763802986837422870e-01 7.795204205870049918e-01 7.110406223218888044e-01
4.396572154439853386e-01 2.679234278617504406e-01 8.948314527409819696e-01 3.739646999165415764e-01
5.051706194911358416e-01 3.257898690601946368e-01 2.452564933675127623e-01 5.526256775483489037e-01
1.412379216766584955e-01 9.133878436340291118e-02 2.434861939414842413e-01 1.201248196884989738e-01
7.078519836907779528e-01 6.418283693567610193e-01 7.508309757776900906e-01 4.936298741959035397e-01
8.576614182998504310e-01 7.901608723974190562e-01 8.440129727249096048e-01 6.859267819672822952e-01
5.356192274505539030e-01 3.915170140901438334e-01 4.839429830196456117e-01 2.164217855315655470e-01
9.674631604664754581e-02 3.593191835018144653e-01 7.828995674808707228e-02 1.481046515982598066e-01
4.678403365622462173e-01 9.060599808478912998e-01 6.207710247697746375e-01 9.682848621159791946e-01
3.609895971691798877e-01 4.459623708692423971e-01 3.067002769286167330e-01 6.364262371789664030e-01
1.170311460977430801e-02 9.704311385241875046e-03 1.735786687781954579e-02 1.443964312784373760e-02
6.324718076175868398e-02 5.859775018581454831e-02 6.163546574659210103e-02 4.237747681327164173e-02
6.279933687197459813e-01 4.806292015349565294e-01 6.431930706630173411e-01 6.022048264276236296e-01
8.831967333672147147e-02 2.587010344625333413e-01 1.588067154459134322e-01 3.345466270111501217e-01
6.986029001572890973e-01 5.894637105317016568e-01 5.669443188144664969e-01 8.791114126797765493e-01
8.119077298272854293e-01 9.794221684956304630e-01 5.559482460872349208e-01 4.281978541985154152e-01
7.807339127639889576e-01 9.025470154251545862e-01 7.161810065003541004e-01 7.216594247147440910e-01
8.629104587371456969e-02 9.376981322207172953e-02 3.302435348000997140e-01 1.131410554517060518e-01
5.680379992043180781e-01 5.508805490126387205e-01 4.713655932739968524e-01 6.550054340623319149e-01
5.601957800605602555e-01 5.871641813818141431e-01 7.758605702820901007e-01 8.124532327055931091e-01
4.164772555195407899e-01 1.118969298733560186e-01 8.811798671192201393e-01 1.542014947626739740e-01
5.774989834929925708e-02 7.036485236144089661e-02 6.073853501484059031e-02 7.590150530450046062e-02
5.524137186376926190e-01 5.755860310689167036e-01 8.535414589728377299e-01 7.048155765514820814e-01
5.723848581593010687e-01 5.599553709584746963e-01 9.869743432927268190e-01 7.655125302262604237e-01
4.542934713221365439e-01 9.537852135461291070e-01 5.487202274323875750e-01 2.913882632274180651e-01
9.573604551311547528e-01 5.085370333894428940e-01 3.473148651664333397e-01 3.679546727798879147e-01
2.924065650169904163e-01 2.759446304044338438e-01 1.898469142884494920e-01 3.870633663609623909e-01
1.643010680298679889e-03 1.041908193841809601e-03 2.249246696878725183e-03 1.238866709172725677e-03
2.952355826934845995e-01 1.701630492535259886e-01 5.307692447834919669e-01 2.201053013559430838e-01
9.690323824118187712e-01 7.900607830795886022e-01 6.530207612542089368e-01 3.961808367166668177e-01
9.598520199205150261e-02 1.288952249893591806e-01 2.167356568639121628e-01 4.483966398984193802e-01
1.659222845940822311e-01 3.836331007369950252e-01 1.991452250238379129e-01 6.823513603303581476e-01
9.069202732308044856e-01 7.423458405077946187e-01 8.852575129885290606e-01 5.227436153218150139e-01
7.394527831643219473e-01 8.093993243132906468e-01 6.372267713170328696e-01 7.951211656909435987e-01
9.927957430578364661e-01 9.913962885165913397e-01 8.437860486081655287e-01 9.676230333279818296e-01
3.279299644509791056e-01 4.067916596044477417e-01 3.552155719913900889e-01 3.494036539923399687e-01
6.881823344276865040e-01 5.979841366934074420e-01 3.983264768707285297e-01 4.275107809808105230e-01
8.054466738787304791e-01 5.363601860498301566e-01 7.473376456612879082e-01 4.362625461071729660e-01
9.323322340464261782e-01 9.911235536157193549e-01 8.624697835119281564e-01 7.682474683970212936e-01
9.666499366099465806e-01 7.251475179327305787e-01 9.440952707595751114e-01 9.806467785965651274e-01
5.689106317671220880e-01 5.924646920204135192e-01 3.794960725345789543e-01 3.716331827454268932e-01
4.414010338355326968e-01 7.900563769950631476e-01 4.420825211770653129e-01 9.153551044873893261e-01
5.991994433263712061e-01 5.455814033296244592e-01 9.044400837658073122e-01 8.181509943678975105e-01
6.076359540565253597e-02 2.971036360772359719e-02 5.864009951580443497e-02 3.712355438619852066e-02
7.177532981633861775e-01 8.127143218334181851e-01 8.396066170547933361e-01 7.981875753030180931e-01
8.940466674160923999e-01 7.192785615220973483e-01 7.884994008093315632e-01 3.781855807173997164e-01
1.151915325755099723e-01 4.077331334721056577e-01 9.719166720851248054e-02 3.044938533566892147e-01
5.109729069263606593e-01 6.517977383586547324e-01 8.068667839368132144e-01 6.958791385404765606e-01
3.868812681691664035e-01 4.026988861436361922e-01 8.354297190775008541e-01 4.368882169947028160e-01
4.407662735276907107e-01 2.141122639383072623e-01 5.733856183395652506e-01 3.917615942191332579e-01
6.798309662255239694e-01 8.931833664889325952e-01 8.664942617854841656e-01 9.108945738989859819e-01
4.656487957116849791e-02 2.168888920981789856e-02 2.032466814136564548e-02 2.299354551360011101e-02
6.511606750265062082e-01 6.064694882272033682e-01 7.907539397186156283e-01 5.081678398419171572e-01
8.458017877859966838e-01 4.390864569128024586e-01 9.528694663338613813e-01 3.818623807746917009e-01
5.883360994972759439e-01 2.942576179961663985e-01 7.342651765189877056e-01 6.197559775318950415e-01
6.175552022031844945e-01 5.637028624481031924e-01 5.791101480059956952e-01 8.222939551342278719e-01
3.461440932166450768e-01 4.696440356995154608e-01 4.857574182524570516e-01 5.484694889746606350e-01
9.883798282584195238e-01 9.331186603578278671e-01 7.453499719739639096e-01 8.537583698052912951e-01
1.121030370924803871e-01 5.984001009522151027e-02 1.056311895237622145e-01 6.954119610600173473e-02
9.442816166232143038e-01 9.234556614929726459e-01 8.254992515997068292e-01 8.105499574448913336e-01
6.442591894145949238e-01 7.522908088707881413e-01 9.397609189482390990e-01 4.948122948408126831e-01
4.083912574180090238e-01 2.088452858260879119e-01 7.202890452411059297e-01 2.261938769370317459e-01
4.685280500783036151e-01 4.814865704018046477e-01 6.456255118208611421e-01 8.429792977403849363e-01
6.026646506460224817e-01 9.227737011132159939e-01 4.441638131477683160e-01 5.891045101452618837e-01
6.287829604453141208e-01 6.596574592940608328e-01 4.894017161133015770e-01 6.603200710378587246e-01
6.894465628428071424e-01 4.318015510782230448e-01 7.781484386204365888e-01 9.734759125858545303e-01
4.860874328412058687e-01 2.670338329553378909e-01 5.144581158075768323e-01 2.636567417066544294e-01
2.336469176201502185e-01 7.910438880842166620e-01 1.668406965279474741e-01 6.101811919361352921e-01
4.803870566846838996e-01 5.380390842022613196e-01 6.083008193258958585e-01 8.221662309952080250e-01
5.842627117038318163e-01 3.366619749536796657e-01 7.075663752710110721e-01 3.788732213433831930e-01
8.701632729720354398e-01 5.363801119784182836e-01 5.434303114262438728e-01 4.475542742293328047e-01
3.314786260684182695e-01 4.342931576914604297e-01 4.932173742681648654e-01 6.491941350977867842e-01
3.280343505778975377e-01 3.282028756068169906e-01 5.857272625510629993e-01 3.083447529934346676e-01
4.288855322411049276e-01 2.300010384144255127e-01 4.596632631135992297e-01 2.550812889821827412e-01
2.087379506081860348e-01 3.450717896047476863e-02 1.000947586818508039e-01 3.804606408812105656e-02
1.245193546286157832e-01 1.176348926938403927e-01 2.887352558323340590e-01 1.280335925985127687e-01
3.409788382459650879e-01 4.932267255010841511e-01 3.877234667785655620e-01 4.056112847756594419e-01
9.864799159391710592e-01 9.031011657863573516e-01 8.025626042336038157e-01 9.224669830873608589e-01
4.723902868792467236e-01 3.636674754366627793e-01 3.659867975379086369e-01 2.120450281072407961e-01
3.093296991929078352e-02 2.345713355504230532e-02 1.855976134999050980e-02 3.458107332699000835e-02
5.721167795336160600e-01 7.215698976298586809e-01 6.646727980002747893e-01 7.635045938659459352e-01
4.605369430747601744e-01 4.480893002098979006e-01 7.279751587857536954e-01 4.956130397040396929e-01
3.536029136877111290e-01 2.827114273992719085e-01 3.089771413681645096e-01 2.549446194898337126e-01
1.393794957057862272e-01 1.480889578393844164e-01 3.949298935330975979e-01 1.506745810620486736e-01
9.992945353157055566e-01 9.909200103549009597e-01 9.403293907904710647e-01 9.536337375175207853e-01
2.511520986157287152e-02 7.836451349430327562e-02 1.929589510777787037e-02 6.242909003049135208e-02
2.525032418906396625e-01 2.472515176969491135e-01 4.490393023323803745e-01 3.470189725048840046e-01
3.965765362102278146e-01 4.566447992596098238e-01 7.004791646199359789e-01 5.703257655259221792e-01
5.890702910466740772e-01 8.165164305188331584e-01 6.470468929318414775e-01 6.066677630878984928e-01
4.515955189785908486e-01 3.376640597574765423e-01 4.336724803750238721e-01 4.309731393586844206e-01
4.671788777950152127e-01 9.713731411672749116e-01 3.801426487121163378e-01 7.983247404918074608e-01
6.829374617736743147e-01 2.883615054306071235e-01 9.033689938427839072e-01 2.199216429144144058e-01
9.840036434289028966e-01 4.310601277916469298e-01 4.682245385072869026e-01 3.106671394780278206e-01
3.788323072942663405e-02 8.957255355218726733e-03 2.300437711862925519e-02 3.637072397395968437e-03
7.315572678525493755e-01 7.445864817253816659e-02 6.314263399177803826e-02 3.765282686799764633e-02
7.711854568615692518e-01 5.788327662154856279e-01 7.102171635346306022e-01 6.773126726038753986e-01
4.153900573258331730e-01 4.673234257739879438e-01 6.306586616407896528e-01 8.328823035117238760e-01
8.647036771523833876e-01 9.919363772878884156e-01 7.359720370029522174e-01 7.459659795276820660e-01
5.573930482952261789e-01 2.907034653948769587e-01 7.034127512529931847e-01 3.671635314822196960e-01
2.285304165964892609e-01 4.353995717986237080e-01 1.230803195037737940e-01 8.856628462672233582e-02
5.286492107450230238e-02 4.838851420978089457e-02 5.279488964006632395e-02 8.441244391724467278e-02
8.709960492919126551e-01 4.557496731516528232e-01 6.522374475648194947e-01 2.086338950321078300e-01
9.289744173834383334e-01 7.912885904980920815e-01 5.567899130057025747e-01 6.489684325642883778e-01
1.342132719410253361e-01 1.974090749529058553e-01 1.993138807738337182e-01 2.553899856284260750e-01
6.990303234797473619e-01 3.883707575457917005e-01 4.605638878318485951e-01 4.043304303195327520e-01
1.834252869763511595e-01 3.732659296435443252e-01 1.831865678868516978e-01 4.128714951220899820e-01
6.468440884332183893e-01 7.459632948511512041e-01 6.356909069074141438e-01 6.563202613033354282e-01
1.282765992854460468e-01 2.128097394532304509e-01 1.924495470292464372e-01 1.210567567031830549e-01
8.350386662770105106e-01 8.277517284370445871e-01 8.739267604729995531e-01 6.262668739072978497e-01
9.162352913985477576e-01 8.433172060534123160e-01 9.308798526246343519e-01 8.412162533495575190e-01
9.892455644397082359e-01 9.807914358416599532e-01 9.857908308033114242e-01 6.913057912606745958e-01
2.979723910977128409e-01 9.601108718112122409e-01 2.254044839178959148e-01 9.292080425657331944e-01
3.551231377558979330e-01 6.666585263809561290e-01 2.689948060587830647e-01 4.183459489140659571e-01
8.436451926055922590e-02 1.246216664188667805e-01 7.221223819143939016e-02 2.013789855409413576e-01
4.144578668038736424e-01 4.847231008648809070e-01 4.224407346773725869e-01 7.752128033898770809e-01
5.087718273872949837e-01 5.550523826841727848e-01 8.531315948053138642e-01 6.011294629424810410e-01
1.926254476569869423e-01 1.912996591530479462e-01 1.024547520994779637e-01 7.597414962947368622e-02
4.221773217973439074e-01 4.854877802145717847e-01 6.526771759236127401e-01 4.847894192207604647e-01
5.744454554843945182e-01 5.866275449411406662e-01 4.940807216288822246e-01 8.372069343458861113e-01
1.671534259289978730e-01 1.710918539539848515e-01 4.234042801803690748e-01 2.746245744638144970e-01
4.804862998878914326e-01 6.592640981416103552e-01 2.357569310925023975e-01 4.313770039007067680e-01
5.283503333145649350e-01 8.586561211396139814e-01 4.578476967144350929e-01 7.575617199763655663e-01
8.741477632930579889e-01 9.475894515581656519e-01 6.137546877977925197e-01 9.239921474363654852e-01
2.530591616230763452e-01 2.539200252543847847e-01 7.153540498544299631e-01 1.839256214443594217e-01
1.413130324673085580e-01 1.952741613884890481e-01 1.477945140088622045e-01 4.023526441305875778e-01
5.184858218954184750e-01 8.652587050018604176e-01 3.945340617122664040e-01 9.948827861808240414e-01
3.270103542918597617e-01 1.063894464442244753e-01 7.856945235308855358e-01 6.383325066417455673e-02
7.548469901918738456e-01 7.409867487551408116e-01 9.041383032071340642e-01 8.372210292145609856e-01
4.903372778861164738e-01 5.277056197090147505e-01 8.689979412621804400e-01 5.911267416086047888e-01
3.780668450818678861e-01 3.838400813432519820e-01 4.896577253999684354e-01 8.573506264947354794e-01
8.478740861338550372e-02 1.104079878654745522e-01 1.531852245072591323e-01 8.804313100408762693e-01
8.626519051784202752e-01 8.336734119675300869e-01 6.314453058417486275e-01 6.529099787585437298e-01
4.866698399179725798e-01 4.453021618261104320e-01 6.638165486686135042e-01 7.078084712848067284e-01
5.448926597684572437e-02 1.222984205676992397e-01 5.723273740351793315e-02 3.826192123815417290e-01
4.164391931195033369e-01 4.500248063121122244e-01 6.918952351093785591e-01 2.608821114990860224e-01
6.770279411562040162e-01 1.473078134938988204e-01 1.535131501381602759e-01 1.074834412429481745e-01
4.498853841155141531e-01 6.003754082629682021e-01 4.475203457776869009e-01 7.498871923889964819e-01
9.613436914320148130e-01 9.585625719966115454e-01 8.985597668446454467e-01 8.072097268886864185e-01
7.700793392577917063e-01 8.598091276922706916e-01 6.785725127455005667e-01 6.575366868637502193e-01
4.109380929724377740e-01 1.859682022194042994e-01 8.514368760596322527e-01 1.556141278706490993e-01
8.078801883113031490e-01 8.848297208029037852e-01 7.859546428973741561e-01 9.798525420483201742e-01
2.448653289629345309e-01 4.663240346286675608e-01 1.759779464203026500e-01 3.886228716000914574e-01
4.268218755202188852e-01 4.822160746308418178e-01 7.186225942550108492e-01 7.369407177902758121e-01
3.148386663096527233e-02 5.630584670336299946e-02 4.915004309279252803e-02 1.679287534207105637e-01
9.832685095450097723e-01 9.976336356260465665e-01 8.475408310250599486e-01 6.393542753066867590e-01
9.272934522819016312e-01 9.715090604606255731e-01 8.369551744266131577e-01 7.526288456283509731e-01
3.796142187050930428e-01 4.940621289477293843e-01 3.268444687975543550e-01 3.302937964908778667e-01
5.448380578746121472e-01 8.573187913298085938e-01 6.893985715547840121e-01 5.075767498929053545e-01
2.565220140491211165e-01 6.790492121054786390e-01 2.574768408279101695e-01 4.852290228009223938e-01
1.283913016178167277e-01 1.336150395494822563e-01 1.494028070331749614e-01 2.074284981936216354e-01
3.537117849716654994e-01 6.217260668234710907e-01 3.593925484672359505e-01 3.774823192507028580e-01
3.738150862770320271e-01 5.651561077838014313e-01 9.120960147340638757e-01 8.467157601844519377e-01
3.115232323993874508e-01 3.729352192059430249e-01 6.283445511092802249e-01 7.944829345215111971e-01
2.328630159216783513e-01 6.443186432997578539e-01 2.852700546021247896e-01 6.672026745509356260e-01
8.692117202131857123e-01 9.483763154690376673e-01 5.464531342953212745e-01 7.712849972303956747e-01
7.835279829364576454e-01 4.166951430050174210e-01 5.415102658526212975e-01 2.596675897948443890e-01
5.442162116066017186e-01 4.310587624351991387e-01 4.507680928172314028e-01 5.168184223584830761e-01
9.848311425914605399e-01 6.896722019140051341e-01 6.787390321866728637e-01 2.548507098108530045e-01
8.724450502765903614e-01 7.222450910597431051e-01 9.830277595100609389e-01 6.141575323417782784e-01
7.713280760563911986e-02 5.033429644312396173e-02 1.240186705370512205e-01 1.122732851654291153e-01
2.112353165257364607e-01 4.638867233536454748e-02 3.363111780797253814e-01 4.119195346720516682e-02
8.778137867137348893e-01 8.668781665988704033e-01 6.280903174943675005e-01 5.073662281502038240e-01
1.770876160875526628e-01 3.667761117445927366e-01 1.178046476950741356e-01 4.560320689342916012e-01
7.013475347643161051e-01 5.207901486724122453e-01 7.991850612068550630e-01 5.769704876001924276e-01
9.579349909498724447e-01 8.250759962852498575e-01 9.430863696052933509e-01 8.579740773420780897e-01
3.461488195568678261e-01 5.362717298677224242e-01 6.339879111636815834e-01 7.632695620413869619e-01
3.265977950272384578e-01 3.112802274113627976e-01 7.826440190830266097e-01 2.814229556825011969e-01
9.388319001461474800e-01 9.543548127160067507e-01 9.397488597831813451e-01 9.137707962654531002e-01
4.784350361758921144e-01 9.844210579703130959e-01 5.552381147358017577e-01 8.257148307748138905e-01
8.477085550518915769e-01 9.319377134212668556e-01 6.815150942203072049e-01 8.583672421518713236e-01
3.330556412824709489e-01 2.480425230095832656e-01 4.081762114987569356e-01 3.124109019991010427e-01
6.471279031578935914e-01 7.038234656327087002e-01 9.267005381238433426e-01 6.645294611807912588e-01
1.508317581021865195e-01 1.155466536625069929e-01 1.094034795530353377e-01 8.609968074597418308e-02
7.774053073897141397e-02 7.501008862530753052e-02 4.844623147992634937e-01 1.267897435463964939e-01
4.742532781128434571e-01 3.533848029618906761e-01 7.561129076886026201e-01 7.333776110317558050e-01
5.192627149808267673e-01 8.509660799175747803e-01 3.954344998401425615e-01 7.837845855392515659e-01
9.713278122581446572e-02 9.962230818749548411e-02 1.965120853755710495e-01 6.181621607393026352e-01
2.489080677209723202e-01 3.703335763888312426e-01 1.783507708093307331e-01 2.440012921579182148e-01
6.631974671291173129e-01 3.867290408119183343e-01 9.614151285887825304e-01 4.308985113166272640e-01
3.482488260959398230e-01 3.451345282533850312e-01 4.850027792818555339e-01 6.803234471008181572e-01
1.522833515843561858e-01 3.674909476553852028e-01 2.248692277562641395e-01 4.875177294015884399e-01
8.170856100215381224e-01 7.504544756115629767e-01 7.447273729698474787e-01 5.021019389387220144e-01
3.087362163881834931e-01 4.874084194581238538e-01 2.737262919375318404e-01 7.589717204682528973e-01
6.760214193654969783e-01 8.894997209845423303e-01 6.495948600446930232e-01 6.411269055679440498e-01
8.686956581935106891e-01 3.301827504293238236e-01 9.124741043004908070e-01 3.301280161831527948e-01
4.601303232279539412e-01 2.488929071517685387e-01 5.194422042810565854e-01 2.517876676283776760e-01
8.677727836469454337e-01 9.726333665682703744e-01 9.498191263056462441e-01 9.329056853894144297e-01
5.477005782097272846e-01 1.573456644029381790e-01 1.501806830401800630e-01 2.115170722827315331e-01
9.066696107858864817e-01 9.036058362431015345e-01 8.157590657545221724e-01 6.849214187823235989e-01
6.944526898499705503e-01 6.465580085604615279e-01 4.754677090327496525e-01 3.593030089978128672e-01
4.451100125822373133e-01 3.837205084489701545e-01 3.573130188462029788e-01 3.680612258613109589e-01
3.068105325202866718e-01 2.444706336597790020e-01 1.089875194404230641e-01 1.041965507902204990e-01
8.298178209644468950e-01 6.089355289671808391e-01 1.942788039370312025e-01 7.032879753969609737e-01
7.828090878408232589e-01 5.226492346671746114e-01 6.021332296534808171e-01 5.670872537884861231e-01
1.948157965877700404e-01 3.080265896222816879e-01 1.112831541323184986e-01 3.684990550391376019e-01
6.554493528941788272e-01 5.494377825789673597e-01 8.763128304722963557e-01 4.299007616937160492e-01
8.204276123109204288e-01 9.694200989592547391e-01 9.789465290667080932e-01 8.575318483635783195e-01
4.287884575015052380e-01 2.373345493345189738e-01 1.544935235161327969e-01 1.420505088753998280e-01
1.527027003879131151e-01 1.267500306841610747e-01 2.595219194073711266e-01 1.424185526557266712e-01
2.936930710264969435e-01 9.083862600094393114e-02 1.201915957575428878e-01 4.718375112861394882e-02
4.428770528257702233e-01 4.391769329269885613e-01 5.333774164956115449e-01 2.737505326513200998e-01
3.602502014184739143e-01 1.908627985165296803e-01 4.988577226961529720e-01 2.725399383343756199e-01
3.724356692447715611e-01 4.639485285496732225e-01 3.339080735274742029e-01 8.404542829375714064e-01
6.830659206571567665e-01 9.521960703254530589e-01 8.134619869951521531e-01 8.699438823387026787e-01
8.976531156099399889e-01 7.222987619126700620e-01 8.502553581545266859e-01 7.268673107028007507e-01
4.845606046753898055e-01 7.271141128468332493e-01 3.762199526247603232e-01 5.042481531854718924e-01
3.985026388250831331e-02 4.046547743443627138e-02 4.533577059318247282e-02 2.438064618036150932e-02
1.759915793025347563e-01 2.898473331865691338e-01 2.483909009213197960e-01 4.589574988931417465e-01
9.213470573408248931e-01 8.303377453884335235e-01 9.437123689425057638e-01 7.415845631621778011e-01
9.854969255715521070e-01 8.512998305390112597e-01 9.307085318069280300e-01 9.617493932601064444e-01
5.745245447190450161e-01 7.497810769799242436e-01 7.237613701383577292e-01 5.123938643373548985e-01
2.010227704780463975e-01 1.907311186997077967e-01 2.702091867421266280e-01 2.017875686287879944e-01
4.184429879352193904e-01 1.958868272632208474e-01 5.142877743070642937e-01 4.900439339689910412e-02
8.001944427582688979e-01 9.574546213868474487e-01 9.218354757493475438e-01 9.857855821028351784e-01
4.458311237687491713e-01 6.972025036286624289e-01 3.349458706764149585e-01 7.775155031122267246e-01
2.298221673107939400e-01 9.375712457054250493e-01 9.720848645347837658e-02 3.597648884169757366e-01
4.419022746067959861e-01 6.752192159079107858e-01 4.092936421550462112e-01 6.821019481867551804e-01
5.772093327220206849e-01 5.403939692206032319e-01 6.224782280017679970e-01 6.115381151903420687e-01
7.538260213862346681e-01 9.671783646998882711e-01 4.838647721030336912e-01 9.147639314178377390e-01
6.852421905635599532e-03 1.381763156477427978e-02 2.477606887587761354e-03 1.058397325687110424e-02
4.844108554283529933e-01 2.586818175853941026e-01 3.966546652623022529e-01 1.850554165430366993e-01
5.453378273113252961e-01 5.521967034324720691e-01 6.716667127224763556e-01 7.144974765833467245e-01
9.391457278138682918e-01 5.941433069857261495e-01 7.261903562184279792e-01 8.938512895256280899e-01
4.421585211473702537e-01 4.955916363262727886e-01 6.927709041267025025e-01 8.322722862940281630e-01
7.656816335222529912e-02 5.593204355309443210e-02 1.572686003621495410e-01 6.185211823321878910e-02
4.855622319807028631e-01 5.393895471675096420e-01 6.412107474438784038e-01 3.561286355834454298e-01
5.525957913689908407e-01 2.475001953995628612e-01 6.332731035556495858e-01 2.835908478591591120e-01
4.646908459251242185e-01 3.586440436123118358e-01 3.805080459983984920e-01 5.383591260761022568e-01
1.767555500137747149e-01 1.516992323304397761e-01 3.917180615890644702e-01 2.011241398286074400e-01
9.897946522589591289e-01 6.296724427643217714e-01 8.826892676326631992e-01 9.399626874364912510e-01
5.683159001486933759e-01 8.095707743346023388e-01 5.346187768314557553e-01 7.524399412795901299e-01
6.131866127761678165e-01 4.076080638551599078e-01 7.374698532617117719e-01 5.767475471366196871e-01
4.393670891546072599e-01 3.977011325215027981e-01 8.670316057743340243e-01 6.733038444072008133e-01
8.865559117741104167e-01 9.127682918674415724e-01 7.908134192804608942e-01 8.671163283288478851e-01
5.162857462993619695e-01 2.659825683879163405e-01 6.558878639687933942e-01 2.038435228168964386e-01
5.789955058173751334e-01 4.749692600855475177e-01 7.249597949667362373e-01 4.308864208869636059e-01
6.944776964002178365e-01 3.332596500628026148e-01 9.702662655876802544e-01 2.875715228728950024e-01
6.305150962350190014e-01 7.525974976254775628e-01 7.634015317473106244e-01 7.159448764286935329e-01
7.341272311524009442e-02 8.986018676789711557e-02 5.680410721692899512e-02 7.396678812801837921e-02
5.557166423374686470e-01 5.769687555960583136e-01 8.795503489148135401e-01 7.201219217386096716e-01
6.793754969795036125e-01 7.977041079023217129e-01 2.456272072570830634e-01 5.844645316246896982e-01
4.042645273095051839e-01 3.402975418105997352e-01 5.412995054821699847e-01 4.852212874684482813e-01
