3.972059914928986468e-01 4.804667346367435532e-01 2.790312397878800255e-01 5.197420106269419193e-01
9.831707851892339534e-01 9.863200012119534010e-01 9.861590969236906368e-01 9.959229845553636551e-01
3.358283575633802531e-01 1.549717781394535643e-01 3.791984591203881871e-01 2.498547313734889030e-01
2.987048960621727089e-01 4.663564679561781334e-01 5.719796269327491745e-01 6.931094722822308540e-01
9.571913276493848599e-02 1.134740315277621425e-01 3.472558608541829739e-01 2.806207444518804550e-01
4.572628188450960085e-01 5.866240507182323149e-01 4.848898180694177773e-01 7.256333080586045980e-01
4.128295018929981075e-01 4.049082553009083485e-01 3.615580796727924096e-01 3.375217569991946220e-01
9.757283251056680928e-01 9.573118768501793774e-01 9.848657690994153668e-01 9.945053984411060810e-01
5.666728907461857645e-01 4.289006154920277925e-01 7.096046047006361324e-01 4.229853169526904821e-01
7.874617585830731015e-01 9.257277839214508308e-01 7.406480616765790392e-01 8.787801794242113829e-01
3.833480965581070876e-01 3.497373602390885239e-01 2.845295033575174770e-01 2.508959628175944090e-01
2.237363994395148437e-01 2.055385579785862227e-01 1.999022907693901452e-01 2.731890871655195951e-01
1.327170724248478151e-01 1.218662182782028758e-01 1.477939351096418941e-01 6.833349214866757393e-02
7.703668856630099260e-01 7.710216806357796937e-01 6.966721189984315110e-01 7.704438557848334312e-01
5.816527064043569561e-02 1.465774248653374245e-01 2.181213935778469892e-02 2.042737912852317095e-01
1.585165054778591709e-01 2.557254956907762944e-01 3.561840484722268441e-01 3.627552194520831108e-01
4.735211098550813347e-01 7.484821693818574095e-01 4.095314018425832425e-01 7.700260032434016466e-01
4.489155375503766643e-01 7.883296142759377290e-01 6.795859245525519565e-01 8.937086565420031548e-01
3.108552263706908514e-01 2.583183160582578353e-01 1.924381536524104042e-01 2.010020292364060879e-01
7.695187549078137401e-01 3.729984845547865135e-01 7.656095187072186059e-01 3.749735236633569002e-01
3.064829699238494909e-01 4.397856219416058088e-01 2.557655680532939790e-01 3.853550932835787535e-01
5.302315740365458607e-01 5.121313469930687257e-01 7.409832318457612033e-01 6.776401901151984930e-01
2.318574591999332801e-01 2.337565059737358730e-01 7.921841575088772736e-02 1.471498524770140648e-01
9.064020533878789365e-01 9.213214764511008514e-01 9.234936683687458014e-01 9.058190283831208944e-01
9.464670104399399708e-01 8.704122644499119321e-01 9.282392426911302286e-01 8.092689686454832554e-01
8.327462595061431161e-01 8.194062499222974916e-01 6.671816633289622267e-01 8.038219269365072250e-01
6.512287500046152200e-01 4.995578761341433194e-01 7.327724678147450321e-01 7.346506798639893532e-01
2.435173448186013778e-01 2.605775221835208710e-01 2.136152039544321757e-01 3.640852372627705336e-01
6.867869331855791515e-01 8.302783577466799070e-01 6.692802207412937854e-01 8.257848331704735756e-01
7.614203914408557150e-01 9.224765134727378468e-01 4.430747589434976264e-01 7.670401872601360083e-01
9.612525089388415100e-01 9.671854483511506118e-01 9.542514130405939099e-01 9.431359644513577223e-01
7.562424252766917210e-01 9.459222545924421688e-01 7.829533689173286959e-01 9.435026356950402260e-01
2.891853134962670269e-01 1.513937034401625636e-01 4.953757950578642766e-01 3.244208225514739752e-01
8.812048364419580171e-01 7.565308012710618701e-01 8.010148849400278159e-01 6.646282810252159834e-01
3.883296458971242648e-01 5.304311713934657391e-01 3.529162655722252184e-01 5.096335434354841709e-01
6.457688287324450105e-01 3.775085041309639289e-01 3.595062055325427552e-01 2.326067679096013308e-01
7.761955854986211101e-01 8.008176469350584137e-01 8.277681990024404746e-01 7.891919461544603109e-01
7.074301610407175422e-01 9.146002126100030161e-01 6.818850384336185844e-01 9.224964482709765434e-01
4.413190008253677910e-01 5.882796339176835643e-01 2.060311659159246855e-01 4.051221422851085663e-01
7.344842702936005274e-04 8.889572377291932170e-04 6.191679024686091992e-03 9.697042405605316162e-03
6.187498776966063874e-01 7.579933234535706221e-01 6.434835733100092714e-01 6.884571195114403963e-01
8.126003602521376656e-01 8.331948578194775523e-01 7.662233446796591352e-01 7.254983526654541492e-01
7.154649229348191142e-01 7.120522387177533608e-01 7.090470230620056213e-01 5.751435940619558096e-01
8.554587341518032906e-01 9.621359376608509262e-01 8.449895574593876413e-01 9.501827827189117670e-01
7.025526937444279696e-01 8.123916704257367893e-01 7.609143941215856799e-01 7.059492855332791805e-01
8.254980235189939286e-01 6.219201532559059942e-01 8.278467097811251785e-01 3.896987263578921556e-01
3.761716782787012936e-01 2.768252239585097807e-01 2.771988739283294256e-01 1.372574735432863235e-01
9.640599199914541284e-01 9.630169382330758809e-01 9.847026686226332259e-01 9.472871823236346245e-01
1.885446365167011695e-01 4.217263118948026968e-01 2.505436644034129134e-01 5.642330597620457411e-01
6.842803039584092195e-01 6.869914767330571603e-01 6.475456545135706010e-01 5.852905770298093557e-01
9.186693212472298864e-01 9.305931862028506973e-01 9.208857124943503614e-01 9.638762050308287144e-01
7.483480116723908449e-01 7.108550359354165460e-01 8.393691879027718183e-01 8.691705309320241213e-01
5.002624701060037760e-01 5.433120477141175630e-01 4.682628995490091817e-01 5.322262826375663280e-01
5.750464517791769037e-01 5.217301834799386029e-01 7.470644437816474914e-01 6.021324822213500738e-01
6.022178650910621212e-01 5.183414711737228675e-01 5.664768459939142353e-01 4.173574652522802353e-01
4.560935418566990363e-01 3.041858500544861732e-01 2.717751170888699774e-01 1.992585714906454086e-01
3.553975206444504042e-01 4.051580636162417925e-01 5.152607198014430567e-01 4.967048349790275097e-01
8.151066718785536791e-01 8.773175514383644291e-01 8.966674849396876201e-01 8.670937060378491879e-01
3.273457243974757236e-01 3.542243582961505100e-01 1.256937774303504840e-01 1.532589001581072807e-01
1.705060730326660723e-01 1.631784239167694550e-01 1.237438505627853624e-01 1.121943320613354445e-01
6.916641905719809191e-01 5.066363160192537407e-01 7.647009971071059287e-01 7.477950293105095625e-01
1.405124249007995152e-01 2.418682143884949842e-01 2.416955177041185121e-01 4.663751779589802027e-01
6.858465667848051561e-02 7.905046178392122203e-02 2.582047822282979022e-01 2.291113759856671095e-01
2.356149050574273263e-01 1.379584721543448689e-01 1.275431849932815442e-01 4.564124997705221176e-02
5.783916703119024172e-02 4.079041745230693738e-02 7.746197582198721676e-02 1.572851792443543673e-01
6.414860171990244275e-01 3.215176091070125475e-01 6.840777421042807394e-01 1.740524533670395613e-01
4.555097350381727694e-01 4.765205323382363800e-01 5.134644063843966100e-01 4.905652592424303293e-01
7.558474842514928405e-03 3.161624112677186016e-02 7.355330536347959303e-03 1.489899563603103161e-02
3.509959448285304706e-01 5.375147409480268701e-01 3.959462517921882863e-01 4.695473294705152512e-01
2.231119624547317493e-02 1.357293779457034999e-01 5.419489503939078912e-02 2.848502900451421738e-01
2.962757172551253593e-01 2.170697596248054029e-01 3.336538790011466249e-01 2.552642503287643194e-01
7.126822763317647302e-01 7.491707137966571173e-01 6.177246819333781502e-01 7.485800508875399828e-01
1.267717936884589780e-01 1.968988911616902926e-01 8.726718106218067650e-02 1.756678943056613207e-01
8.097988969197460474e-01 7.343726211713150764e-01 8.119780747920786190e-01 7.071760774124413729e-01
1.941197986470144521e-01 2.826189307823121499e-01 2.864722870489185835e-01 5.826857297215610743e-01
6.528050202043450545e-02 2.673983092059761812e-02 1.156940379879929370e-01 9.148092474788427353e-03
7.690514197366091764e-01 5.610769201945345896e-01 6.204119706486121988e-01 4.049997585825622082e-01
4.340042267070621795e-01 2.375792344578552817e-01 2.427573328662408492e-01 1.090201579499989748e-01
8.389554469534781234e-01 5.161783821014662710e-01 9.333066094654713929e-01 5.589440497569739819e-01
5.841187200461384066e-01 6.828744832721538316e-01 6.404458871531499842e-01 7.376132709905505180e-01
3.552678862144723615e-01 3.924667515681259378e-01 4.355415783681703124e-01 3.845870885998010635e-01
3.432740322144731682e-01 5.018088000875666754e-01 2.094925037490298347e-01 3.324065888300538063e-01
7.376796973731962748e-01 9.044782818880476860e-01 7.649981691649981874e-01 9.457662159111350775e-01
7.694667335265059638e-01 3.302767252038042445e-01 8.450162129003742084e-01 5.284114072564989328e-01
1.184913135612658541e-01 3.456449931650500407e-01 9.054654773693265879e-02 4.412603543605655432e-01
8.656786198682557831e-01 8.850735147694840377e-01 7.926952689371357108e-01 7.974677071906626225e-01
8.499835851020948185e-02 9.942300570119128045e-02 3.868778774224568284e-02 7.910211104899644852e-02
4.263657834142063896e-01 2.791773189690245349e-01 4.469230924712672137e-01 1.697156515438109636e-01
2.233611467940417872e-01 3.367297870055163678e-02 3.757144900210859229e-01 5.024071736261248589e-02
9.361962917252439897e-01 9.299420386975307817e-01 9.363977342635040335e-01 9.697080771438777447e-01
1.793820774873690627e-01 1.867284178111880411e-01 3.536306447402575159e-01 2.762986975722014904e-01
2.785248743995928367e-01 3.689590596445978532e-01 3.386305502628498276e-01 3.533371719531714916e-01
6.271247794251406660e-01 8.625019623178693529e-01 6.855005837814180936e-01 8.710715954657644033e-01
7.504456213331047731e-01 9.068924218882850052e-01 5.669139982202832106e-01 8.210096620023250580e-01
7.928880050049648132e-01 9.372918048454020878e-01 8.465783036278620166e-01 9.805125680286437273e-01
7.410672675973647427e-01 6.441340479338014680e-01 8.554340395053384727e-01 6.987617188133299351e-01
1.452778127311549206e-01 3.527440861840103747e-01 3.179960227243496806e-01 3.319490430876612663e-01
1.170058225760962078e-01 1.842191649089071070e-01 1.807681708803666742e-01 1.442742869257926941e-01
1.018633653610925838e-01 7.907097812622165822e-03 2.858705213933708800e-01 1.071940758265554905e-02
9.238186562232876264e-01 8.990096498971948957e-01 9.459992222578874621e-01 8.866748788859695196e-01
6.266741133642641515e-01 7.269603246461979751e-01 6.790068014543878538e-01 8.473690710961818695e-01
8.764293264055991184e-01 7.460055939535273906e-01 9.081665529079205879e-01 7.739360069390386343e-01
1.530916258294715004e-01 1.684666438209591055e-01 2.608498357326176631e-01 2.337004111614078283e-01
6.093900855606493305e-01 8.750048043209219806e-01 6.874674251391228452e-01 8.551832148805260658e-01
8.138902220238610763e-01 9.295579168842857953e-01 9.280308937615642240e-01 9.895967086777091026e-01
9.086636186517917935e-01 8.584270137418654745e-01 9.782796658139760737e-01 9.458458509761840105e-01
3.305854583110425238e-01 1.690127811499198551e-01 1.342254126839141914e-01 1.100429629441350698e-01
8.817919549317622119e-01 4.621219652318467319e-01 8.890374207076415791e-01 3.537545385770499706e-01
3.505859206871221323e-01 1.973624514624405801e-01 5.308280298468497360e-01 1.889735665172338486e-01
3.682231935690160607e-01 3.235806716474285971e-01 3.737865328317994118e-01 3.730381594505161047e-01
3.709842514987101159e-01 4.012784287216065171e-01 4.908002605823417186e-01 4.242380417417734861e-01
8.059854788146196825e-01 7.305149009848695973e-01 7.748308484990519274e-01 8.309631929732859135e-01
4.923266363458645434e-01 5.593119361856565552e-01 4.592520014713374898e-01 4.245951909106224775e-01
2.186814542239395309e-01 2.052804768887939169e-01 2.063555621351109148e-01 1.404911337886005640e-01
6.192878431634674108e-01 8.836569594031253860e-01 6.221876215380464092e-01 9.253075984306633472e-01
3.875336897046431917e-01 3.661925356923303454e-01 3.935358074534303086e-01 3.121564022731035948e-01
6.334798793144352791e-01 5.830836010545148440e-01 5.630087004534247708e-01 6.265779214445501566e-01
2.080709127040780149e-01 3.820526606789874102e-01 1.436999987118943167e-01 4.673906955868005753e-01
1.119486996156961456e-01 4.802542846131602206e-02 1.503033258577681219e-01 5.667291837744414806e-02
6.193705430286432501e-01 6.446648729556652135e-01 6.186256841472534962e-01 6.975655199494212866e-01
5.628978822981294261e-01 4.667174212664479405e-01 3.918731428777189052e-01 3.545888203661888838e-01
2.667166940151111110e-02 8.609155030673781850e-02 3.135586004978119234e-02 6.474767229519784451e-02
2.683390528895867599e-01 5.264679704548591577e-01 2.787789317483102547e-01 5.732681849040091038e-01
5.906999091883137210e-01 2.269142751487755461e-01 6.045558721442964023e-01 2.478323872201144695e-01
1.802771065013986651e-01 2.252888290937922755e-01 1.085328040442084530e-01 2.154943055938929319e-01
8.564339421862939838e-01 9.496222252046344625e-01 8.275221542176292022e-01 9.879626960027962923e-01
9.573632094075328336e-01 9.905266157771031033e-01 8.748911569005437538e-01 9.920153263956308365e-01
2.196397262171889686e-02 5.788383259465956776e-03 1.052958514701434201e-01 3.621586854569613934e-02
9.466748528654409522e-01 8.532352498979767219e-01 7.347297268027916939e-01 8.269563866779208183e-01
2.424977894169796366e-01 3.441263858256672359e-01 5.287781403723122997e-01 5.683845882304012775e-01
1.075254730301666295e-01 8.069121489260883129e-02 1.207584637373718683e-01 4.093948053196072578e-02
8.319709310880409880e-01 6.053224461144706137e-01 9.498025278335945343e-01 6.368218690622597933e-01
2.539110824026081792e-01 9.585858591670837203e-02 3.198260613444395828e-01 5.081277037970721722e-02
4.346447097960821626e-01 3.483509947513508398e-01 5.041271410351666482e-01 4.206530074588954449e-01
2.387228016351803372e-01 9.496434951150550807e-02 2.282960903285198295e-01 9.522774862125515938e-02
5.439015613904962798e-01 4.621230755806091106e-01 5.861185623621052443e-01 4.827090131584554911e-01
1.357113227133648348e-01 2.027200539337599139e-01 1.087406570611066936e-01 1.543678662274032831e-01
8.594188425626642092e-01 6.608100613490092146e-01 8.044910155728259848e-01 7.947793274652212858e-01
8.300291764298202146e-01 5.372843274028934468e-01 9.286533397063869710e-01 7.904294412583112717e-01
3.659748648861666509e-01 3.388600864092005671e-01 2.200882941976090579e-01 1.723436650354415178e-01
9.495678171463339812e-02 1.508379491731834388e-01 9.351130617039660198e-02 2.638255080673843622e-01
5.437890715220624616e-01 2.367165814716443717e-01 4.980928072252924776e-01 2.159640402533113956e-01
3.321982788834976774e-01 3.700435644665188706e-01 4.260917727097222052e-01 2.381770885549485683e-01
6.103339676147003789e-01 4.298478402551355604e-01 6.240809169091149355e-01 3.463176214136183262e-01
3.352385892997570838e-01 4.995579559219767152e-01 3.640468018370900949e-01 5.532306674867868423e-01
2.546820932809541471e-01 4.020908746084111973e-01 4.236037919576906008e-01 5.543098598718643188e-01
2.799620135959745570e-01 2.108342885143651424e-01 3.768337434727836444e-01 2.212865334004163742e-01
9.254827009958372930e-01 9.708791180032703139e-01 5.815162462625140805e-01 8.101878289598971605e-01
1.033856061274198157e-01 6.960015169964539616e-02 2.839313550134542341e-02 3.330697515048086643e-02
1.791638395566061970e-01 1.203156810845480984e-01 2.463826093497147873e-01 1.024792317766696215e-01
3.602856507151491749e-01 1.623365211825927301e-01 1.406877057444690937e-01 3.606325713917613029e-02
2.338098876282996286e-01 3.492571429446091891e-01 1.285915016825250889e-01 2.252585617825388908e-01
2.479036454009891921e-01 6.180105218544923451e-02 3.860699216961288593e-01 1.604146771132946014e-01
9.234045061224565032e-01 7.494268353021877882e-01 9.600692311203764540e-01 5.547223191242665052e-01
7.682648894914327897e-01 6.146133009246390611e-01 7.808124915395263654e-01 6.501719637308269739e-01
1.861182023120276363e-01 2.996726040932720103e-01 1.800670109574775690e-01 2.248945161700248718e-01
9.961312936248989391e-01 9.846801207632637221e-01 9.986664226255957955e-01 9.987393666524440050e-01
2.850267513589488932e-01 1.310253738698051174e-01 2.522498041537820090e-01 1.145594452973455191e-01
9.299735302093864453e-02 7.625951849727846676e-02 1.465344819908813156e-01 2.041250758338719606e-01
8.334787032288131225e-01 8.445329316997174374e-01 8.121643002773331066e-01 8.906031155493110418e-01
6.365240410285256667e-01 7.799690708739888123e-01 4.413693490799829311e-01 7.235400537028908730e-01
7.261031686966603615e-01 2.542293227173229031e-01 8.645994354820701888e-01 4.050114611163735390e-01
9.755995367282529473e-01 9.908162328683864928e-01 9.662067441995523254e-01 9.851919959764927626e-01
1.110841938164969234e-02 6.122074815733069553e-03 1.453350867200514651e-02 6.743904436007142067e-03
7.564362263228588956e-01 8.167840301131613634e-01 7.292030839879948267e-01 7.204406999517232180e-01
1.503498928447786209e-01 8.532643713266191421e-02 2.500983523349860072e-01 9.446847625076770782e-02
8.365807194259244906e-01 7.496555344955448952e-01 8.609191280942309898e-01 8.174789329059422016e-01
8.423389231339863947e-01 9.156468021986399197e-01 9.259629868644804196e-01 9.668653367552906275e-01
5.636338598191934501e-01 5.236472741615700865e-01 6.761819856199859924e-01 5.794293375220149755e-01
1.093988592867040088e-02 2.326239424573922632e-02 7.194685095300135114e-03 1.059971819631755352e-02
5.951835560125269264e-01 5.002541119376789913e-01 5.438225165358684388e-01 3.370733305346220732e-01
4.128992206759429795e-02 1.474082891737676371e-01 2.267817159310742126e-02 9.565334394574165344e-02
3.813384262474084352e-02 1.935107185454870704e-02 3.005951991168098747e-02 9.079711744561791420e-03
4.916136892443611073e-01 6.558835081482674578e-01 9.410187019133925412e-02 4.153904234990477562e-01
3.253873514865252004e-02 6.112006632992017519e-02 7.410432282720202934e-02 1.065972929354757071e-01
4.935780432712854604e-01 4.922262344380617383e-01 4.546793039088912747e-01 3.384944100398570299e-01
7.237255217436957544e-01 7.357473325098380368e-01 5.619137123473101347e-01 6.739106739405542612e-01
3.199919308796048689e-01 4.690366126709049621e-01 4.631808166411366945e-01 6.386422060895711184e-01
8.701849348939452167e-01 7.985608697119975785e-01 8.727361721619988355e-01 6.290284581482410431e-01
1.995537597620618553e-01 3.967872671329629175e-01 1.699996575382320962e-01 3.325307727791368961e-01
4.784361113519723929e-01 6.396306582874382585e-01 2.891972866181002910e-01 4.794099030550569296e-01
4.648417228050667482e-01 4.788562098523755917e-01 4.082500469859734471e-01 3.329720422625541687e-01
1.015728124304324798e-01 3.125437559739387972e-01 8.495773575280074486e-02 2.400175586808472872e-01
8.775908493347652772e-01 8.965258500073574055e-01 6.672052336146511164e-01 8.124538494739681482e-01
9.311368506596042760e-01 9.897350510467481932e-01 8.679623249426701159e-01 9.891273872926831245e-01
5.255375655357579223e-01 5.570517644277691582e-01 6.344812458599549121e-01 6.736734590958803892e-01
5.356390436241378339e-01 6.269915820823971364e-01 5.426228350641910669e-01 5.414327508769929409e-01
1.560790673202579470e-01 7.510212910584623813e-02 1.545519664408557259e-01 7.179906964302062988e-02
8.977231437858996799e-01 8.481041200801776592e-01 8.392709735295365014e-01 8.374309358187019825e-01
1.666305726178890501e-02 5.960177982884717895e-02 5.369519371791897644e-02 1.174909186083823442e-01
8.671705117180188438e-01 8.364711295243250078e-01 8.929606238650232841e-01 8.579140761867165565e-01
1.670638998782653095e-01 2.408592174632573912e-01 1.665287639529893782e-01 9.948553727008402348e-02
6.312747655501815824e-01 5.095171856000016986e-01 5.647867890088139609e-01 5.195553705561906099e-01
6.132331477149025600e-01 6.761293995291766112e-01 6.372455489641735138e-01 8.622638992965221405e-01
6.086141178491586423e-01 2.580877976686616337e-01 5.492022708461078428e-01 2.363529303111135960e-01
7.198082198557107514e-01 7.346066565341580201e-01 7.543364634316703787e-01 9.141077545937150717e-01
6.417261705928690718e-01 6.438667442874368430e-01 7.221820471759035076e-01 6.401498548220843077e-01
4.553545909243261747e-02 5.909189584266932860e-02 7.559073149133921365e-02 4.243369703181087971e-02
2.461408477783323945e-01 4.203113966456889505e-01 1.034193762849860421e-01 3.032533160876482725e-01
6.336795379909154757e-01 7.973408919381302917e-01 6.135691190687757590e-01 7.045155919622629881e-01
1.975541236673912238e-01 3.932203905448348191e-01 1.413225980132187254e-01 4.061677958816289902e-01
5.841604409284943955e-01 6.118100397431904813e-01 7.918484551349527223e-01 6.908616067375987768e-01
8.363912807244324732e-01 8.120162560256001250e-01 8.652723331001024309e-01 8.624696433544158936e-01
5.682144906831041453e-01 4.454318189649772441e-01 6.385471397684977513e-01 4.374995538964867592e-01
9.469490399436764072e-01 9.787031956623817308e-01 9.008900064090916704e-01 9.827261618338525295e-01
6.811433752882170012e-01 7.629160384577291509e-01 5.935931191111391003e-01 8.576384403277188540e-01
5.731703129139589237e-01 6.259630846038952701e-01 5.037460230968625607e-01 5.590917975641787052e-01
2.574308968139457643e-01 1.930353511228233288e-01 4.713058941853242034e-01 4.009119505062699318e-01
1.623446020448362503e-01 4.485842782458326905e-02 2.648752576779509482e-01 5.488330405205488205e-02
7.574263747277014680e-01 7.361524893760200694e-01 5.493191984663727823e-01 7.884253277443349361e-01
3.636196640916639633e-01 1.295760931948144457e-01 5.608457015569853210e-01 2.405778286047279835e-01
5.084806930827050486e-01 5.548356780073295802e-01 6.859954529034686388e-01 6.687485582660883665e-01
7.843217359629404140e-01 7.982871786735769026e-01 6.732224479038689813e-01 7.533338468056172132e-01
9.490175083043561610e-01 9.950935267497487136e-01 9.376758789935767391e-01 9.988581384532153606e-01
8.444585056571578541e-01 7.151152364980177811e-01 7.998600662678472251e-01 6.172847049310803413e-01
4.717208378403577318e-01 5.769842590441691677e-01 4.637300552674924470e-01 5.959108474198728800e-01
9.846703616128321679e-01 9.761236156037180756e-01 9.895617885904475219e-01 9.815371960867196321e-01
7.879323807412605962e-01 9.042695289215294530e-01 8.030830773207529028e-01 9.592152163386344910e-01
7.889093642732329936e-01 7.361796474219979292e-01 7.990577731441314002e-01 7.756366743706166744e-01
6.557212205513986980e-01 3.803161237008885198e-01 6.476489536387528556e-01 4.471579177770763636e-01
9.796949335120748170e-01 9.811157677351306505e-01 9.540048842797821393e-01 9.689197789411991835e-01
9.142584339957711137e-01 8.080897620666436243e-01 8.840725622152935115e-01 7.021211688406765461e-01
6.043061288531521580e-01 7.556932513540848273e-01 9.116065338365695325e-01 9.401231536176055670e-01
5.972612167965768437e-01 7.005695088607661880e-01 5.724650303318423727e-01 7.856674659997224808e-01
8.299323445110817765e-02 2.800722038085057264e-02 4.595848844191402494e-02 9.197157109156250954e-03
6.704654101803017019e-01 5.178112636702622007e-01 4.601208384150760056e-01 2.925777495838701725e-01
8.696683747331487302e-01 4.796222758018207633e-01 9.191251381725225045e-01 3.676145146600902081e-01
7.111045743492769855e-01 7.417681053136937486e-01 6.546238451541732672e-01 5.179403671063482761e-01
2.536061102289106639e-01 3.902538350010504309e-01 3.191490920004382836e-01 4.060754026286303997e-01
2.759185307420687350e-01 2.924779366864631025e-01 1.990404526945865893e-01 3.442675981204956770e-01
7.230444797879693741e-01 6.954864940719935884e-01 7.028608221173464621e-01 5.961015736684203148e-01
1.662710698694843670e-01 1.248996533875026405e-01 2.974097741424584496e-01 2.243620269000530243e-01
2.410206019123593002e-01 1.145403487867906467e-01 3.127421134402151859e-01 7.083240896463394165e-02
3.821424638442200150e-02 1.694028304257594320e-02 1.626535613178120565e-02 4.807042423635721207e-03
8.305475155225672257e-01 7.936832140821141746e-01 9.475346195255548443e-01 8.935983986593782902e-01
1.698056966151650360e-01 9.095352462930889059e-02 2.337701225125929927e-01 8.698049653321504593e-02
1.099355254992576691e-01 8.405890897469620038e-02 6.246100107764401832e-02 6.197627563960850239e-02
7.793439375963129301e-01 8.301911787321569758e-01 5.666161128184074025e-01 6.139184392523020506e-01
2.516908013210036321e-01 2.839117844178601358e-01 3.585652396342661197e-01 4.759484017267823219e-01
8.417731006338831090e-01 8.935750738989948205e-01 8.151279367448508451e-01 8.657811547163873911e-01
6.863885735683159517e-01 6.570461175718744773e-01 7.667928229583516053e-01 7.435131652746349573e-01
9.001446856643490202e-01 9.074033119832003447e-01 9.691767019694830232e-01 9.615350570529699326e-01
5.434860550593232364e-01 6.672082475820140246e-01 5.131124047982105196e-01 5.680538623128086329e-01
8.410936262167304500e-01 5.616410919252944334e-01 8.937211284212609463e-01 5.568816403392702341e-01
3.294309991589053910e-01 3.640716679512953080e-01 6.264249759032407550e-01 5.454590970184653997e-01
1.419747510751076525e-01 2.809601842473122280e-01 4.195857206396935712e-01 4.653449438046664000e-01
8.033850533904850488e-01 8.125686169342247744e-01 8.654811137064943871e-01 7.709529052954167128e-01
1.331158507694840676e-01 6.810165164413511940e-02 3.619465751871949744e-01 2.617214031051844358e-01
2.766756187051123694e-01 6.749150934317884598e-01 5.170719623303221546e-02 4.834837156813591719e-01
8.619241655324343387e-01 9.462782003607621562e-01 6.392725543053143777e-01 8.096782588399946690e-01
1.035110254938478302e-01 4.051483500588332065e-02 6.899185361925452842e-02 3.466723766177892685e-02
1.216541393959840733e-01 2.060963352829944251e-01 2.649038836491496296e-01 3.244562631007283926e-01
1.942027975682047991e-03 5.370885605520642203e-02 2.580683669912819944e-03 1.192973467987030745e-01
7.862302125022548882e-01 8.194979957680796900e-01 7.704513165388349183e-01 6.966257183812558651e-01
3.288955415500589563e-01 2.227581363018943383e-01 5.602321791392435024e-01 3.896726120728999376e-01
3.177841268461114588e-01 4.240049323790216484e-01 3.403703274300101111e-01 6.148126674816012383e-01
3.868680021303662064e-01 1.656727115564942121e-01 4.290081391615325201e-01 2.848440902307629585e-01
1.112807240860597124e-01 1.856970210070922334e-01 4.762583647768629524e-01 4.070610105991363525e-01
9.428612680677257440e-01 9.055927565755272912e-01 9.475636726720590985e-01 9.029925647191703320e-01
6.221799297142478480e-01 4.503616592956350417e-01 6.343026245067869828e-01 4.708678282331675291e-01
4.198882872703579849e-01 5.667197410662976331e-01 4.474244729475776450e-01 5.101050285156816244e-01
2.700932293638270698e-01 1.520430328190118252e-01 4.829931534580335639e-01 3.836992068681865931e-01
8.300489192144948625e-01 7.360462490315067274e-01 8.692521892627795843e-01 7.473084249068051577e-01
8.391584537609878547e-01 8.668672995034629736e-01 8.513827196963206223e-01 7.599977666977792978e-01
2.056264619586524178e-01 1.317976955257417204e-01 2.883414515034572467e-01 2.087935048621147871e-01
4.626017017751878901e-01 2.390994127869515706e-01 6.424137155767002394e-01 2.506687953136861324e-01
7.892515511466186018e-02 2.305896127254107308e-01 1.156470018386394072e-01 3.450852397363632917e-01
9.965222174525156795e-01 9.980384174777936490e-01 9.798639093564179836e-01 9.888200524728745222e-01
8.310508206515094809e-01 7.409056508628563131e-01 7.639509938974230474e-01 7.127148197032511234e-01
8.057446744090048796e-01 9.758769605252468615e-01 6.872870037738668669e-01 9.564710063859820366e-01
8.576797937345510547e-01 9.154123377027321151e-01 8.975884602968469128e-01 9.455190051812678576e-01
2.216853447447854064e-01 9.854724160492422946e-02 1.486960102017516050e-01 4.038075474090874195e-02
4.667596200990388189e-01 1.758616897191876971e-01 7.670588733680407945e-01 3.791241908911615610e-01
5.294455423168802355e-01 4.173241825811717098e-01 8.116050547364512813e-01 7.662152114789932966e-01
4.071715410106147570e-01 5.039582288370516583e-01 3.435247330204066474e-01 3.162033995613455772e-01
6.425131651611761807e-01 6.869072171569776675e-01 5.957646675758156984e-01 6.061200681142508984e-01
4.955959357929525799e-01 4.459942438192308067e-01 4.204063017324267681e-01 3.957322400528937578e-01
6.467822690104521044e-01 8.757267010592295620e-01 5.959582789359370025e-01 9.188946506474167109e-01
9.993516285441464975e-01 9.984531242053070743e-01 9.975106395459110153e-01 9.832971766591072083e-01
7.463880617242938387e-01 7.401286017016944774e-01 5.605876243233853806e-01 5.680896204430609941e-01
2.245202809330152371e-01 5.352712543651150234e-02 2.868508816874420497e-01 6.045164819806814194e-02
2.730059393457641703e-01 2.162540585960751605e-01 2.254927086891088117e-01 2.140496603678911924e-01
7.234266659257135856e-01 6.167856417501853539e-01 7.042343024628170411e-01 6.182883202563971281e-01
3.070929734019311463e-01 2.660774235685433586e-01 2.950687255843044143e-01 2.816992886364459991e-01
5.380750814894401657e-01 5.498444663004437016e-01 5.401026473713079756e-01 5.573938158340752125e-01
4.401779150513707162e-03 1.221150937346404675e-02 2.650036034992531153e-03 3.791073570027947426e-03
5.470496446709590677e-01 6.053915291568998658e-01 4.491044375366208263e-01 4.860584377311170101e-01
9.154453643503686067e-01 9.328854662369225892e-01 9.149619602977491217e-01 9.880821967963129282e-01
4.362907607312847547e-01 2.057090147895158649e-01 1.675256001264318617e-01 9.673884068615734577e-02
2.252379163457262079e-01 1.825914586564592601e-01 2.753470829951154553e-01 3.401606366969645023e-01
4.495664725732094746e-01 2.697154387768997408e-01 6.583606229334714177e-01 3.520566346123814583e-01
1.939536095807958271e-01 1.005746329188852428e-01 2.311840736374592975e-01 1.776326673571020365e-01
6.122523043439971335e-01 7.445104669112243556e-01 6.285050037864008399e-01 8.249533309135586023e-01
9.074043706923501373e-01 7.918537698696862526e-01 9.683831816313894780e-01 9.106082736980170012e-01
1.044377479996670965e-01 1.500071587267858275e-01 1.510739932364880134e-01 4.309735340066254139e-01
8.930119428614147203e-02 2.561698183081742020e-01 4.801272697201403039e-02 2.398014045320451260e-01
3.007743504934011214e-01 1.683458383828088656e-01 3.069581377488694862e-01 8.256479888223111629e-02
1.796614013966446599e-01 5.411755904149184726e-02 1.284819087878354416e-01 3.346070158295333385e-02
9.166900701309703692e-01 6.830878842727652334e-01 9.664882766483938736e-01 7.324757757596671581e-01
8.089569994777964235e-01 9.592620350308995736e-01 6.735762133023148746e-01 9.612102117389440536e-01
1.778621160766047371e-02 7.882380789900855778e-02 6.955572749141769595e-03 7.664715964347124100e-02
2.623543090604141259e-03 8.791509263235131044e-04 1.668814439578708564e-02 3.600284457206726074e-03
9.455844397362982434e-01 9.681251630108724804e-01 8.976344719658406746e-01 9.409590458963066339e-01
2.709513871191409073e-01 4.396096951902065397e-01 2.071909927362255988e-01 4.609432662837207317e-01
1.770784129795264783e-01 1.852890070521635568e-01 2.153264272105225863e-01 2.924603132996708155e-01
3.752092840377516114e-01 3.133807732166166149e-01 1.692185092617062847e-01 2.165055733639746904e-01
6.484541586065213359e-01 3.694185825203357143e-01 6.200570116500908613e-01 3.538425853475928307e-01
2.199352021811293301e-01 5.258648052232262060e-02 2.654784708064407139e-01 6.166744767688214779e-02
9.698029382812933807e-01 9.583064678788275614e-01 9.600020680430974007e-01 9.688126523979008198e-01
2.437377004776131728e-01 4.819259018987647747e-01 3.028413031406702038e-01 4.426153935492038727e-01
6.844253068129924067e-01 8.472452084476980172e-01 5.392953462918553820e-01 8.207117083948105574e-01
4.141534542568516275e-01 6.324104992991047558e-01 4.921585429134379130e-01 7.665590383112430573e-01
7.345228559275176483e-01 7.835512386637393245e-01 9.120383155556495147e-01 9.365856181830167770e-01
7.508115756995273893e-01 7.312699587924319511e-01 8.668845909780024117e-01 8.787410620134323835e-01
4.602352017621244018e-01 3.552411015502500713e-01 4.323689426618729237e-01 3.444313514046370983e-01
4.472213662246601329e-01 4.737307958185107970e-01 5.331613101686363265e-01 6.178485311102122068e-01
6.570734174665266991e-01 8.372885364984361534e-01 6.329110572569326409e-01 8.199257194064557552e-01
3.982621859168807288e-01 4.408687690421643213e-01 5.850575934222831398e-01 4.900907413102686405e-01
9.916101285018246170e-01 9.350391001132871693e-01 9.462764220492797529e-01 6.370525981765240431e-01
7.620883173970366409e-02 2.503733446797123952e-02 1.100645003338908690e-01 1.908222259953618050e-02
8.371664121305146811e-01 8.553085428395046375e-01 8.435062096840603152e-01 9.351897675078362226e-01
8.877261899114989863e-01 9.169181632413735406e-01 9.054053011222054081e-01 9.600682789459824562e-01
5.405413843556277076e-01 5.703048822266507667e-01 3.819498585942804336e-01 5.929533517919480801e-01
5.289880727846023589e-01 5.190940326090470736e-01 6.252060057009629634e-01 7.189708549994975328e-01
5.663280385610550693e-01 4.145358090790250971e-01 6.456593072783733955e-01 4.746601020451635122e-01
5.126175415116516199e-01 6.754171869607736856e-01 7.348343544803952465e-01 8.314971895888447762e-01
2.421550506324667285e-01 1.627523199773850404e-01 2.672354234491750580e-01 3.460004373919218779e-01
3.858373536328673636e-01 6.131020632130036452e-01 3.390053289486446575e-01 7.532320462632924318e-01
4.942702210012624997e-01 5.347055357022757471e-01 2.458081208965863240e-01 3.795753838494420052e-01
6.497130823112546860e-01 7.744787908530788023e-01 6.234211807805558614e-01 7.064046764280647039e-01
6.404075645125324456e-01 7.159797481825767029e-01 7.116404691179623043e-01 8.059237529523670673e-01
6.601007802775575861e-01 7.074771050571587727e-01 4.563856106417984448e-01 6.014183643274009228e-01
2.250008413844365451e-01 5.052425726026377184e-01 1.924845752913357244e-01 8.069118566345423460e-01
7.430540041900933756e-01 6.961797170767919374e-01 4.261811180496224982e-01 3.729132085572928190e-01
9.857681404920367596e-01 9.667355596733040457e-01 9.904904810223338352e-01 9.748763483949005604e-01
2.681916918359012469e-01 1.577437363855674901e-01 1.392915995194485834e-01 4.448283370584249496e-02
8.084660344909748719e-01 6.598413782487347889e-01 8.112525000542851750e-01 7.516652999911457300e-01
8.293300022321847820e-01 9.162212553214121868e-01 8.231664742595533601e-01 9.199170535430312157e-01
3.433707471561541213e-01 4.180413570450032812e-01 3.942355954777230775e-01 5.891773623879998922e-01
2.654642068514402875e-01 2.491830017282827825e-01 3.927195989447722635e-01 3.776623439043760300e-01
2.905071930154334847e-02 7.255446874461857210e-02 8.638265976000686353e-02 1.137742125429213047e-01
7.025638662848205929e-01 7.480558442860835155e-01 5.618174846800537692e-01 6.466587709728628397e-01
4.441149579866638941e-01 4.269645021940040031e-01 5.624023602271490674e-01 6.234873423818498850e-01
7.852309254063309929e-01 5.924743050474414741e-01 8.778545799338612898e-01 6.504893405362963676e-01
4.940632882154233352e-02 3.029931145573006024e-02 3.886058071542908277e-02 2.964209509082138538e-02
9.167839165647043709e-01 9.524469980436155447e-01 9.397484720440929529e-01 9.621724265161901712e-01
6.473934505863457867e-01 3.260825954198208199e-01 8.345682150535872479e-01 2.067768699489533901e-01
1.968048369840493805e-01 8.510170360279600832e-02 3.385679962089337414e-01 1.388179657515138388e-01
1.880998315240515750e-01 9.233430798755848379e-02 4.099490404754929651e-01 2.416113868821412325e-01
2.060336264662518402e-01 1.829135934514684592e-01 2.775560634304662377e-01 2.638624075334519148e-01
4.839656267565295433e-02 1.317702766817201443e-01 8.460338071387218939e-02 1.383564148563891649e-01
6.574634135219787900e-01 7.387165135213445977e-01 8.789440785886319940e-01 6.911139017902314663e-01
8.964063786539967493e-01 8.862711096490551999e-01 8.602756059776213160e-01 8.130409521982073784e-01
4.459213920137071185e-01 3.661866796517100342e-01 1.820821671899551797e-01 2.825502788182348013e-01
8.164156616810704925e-01 7.502220633277386641e-01 7.943447810962234179e-01 7.700296884868294001e-01
4.056772305670098278e-01 2.295222893222286786e-01 5.479816853079936267e-01 2.117267351131886244e-01
6.362512532871892335e-01 5.115236134944578517e-01 6.925246127463158263e-01 7.100706424098461866e-01
6.026614233973097701e-01 6.043378036900387551e-01 4.545213561873435171e-01 5.667975742835551500e-01
5.206419863421967165e-01 4.280164328815432295e-01 5.320191040133960270e-01 3.723112384323030710e-01
9.915199167573198746e-01 9.870852337473701166e-01 9.919735612685098847e-01 9.811951867304742336e-01
8.299977037894346044e-01 7.966031796413668431e-01 8.111818915118842455e-01 8.288943998049944639e-01
3.622078941117612971e-01 2.742963307499518555e-01 2.080555720961579924e-01 3.835145295597612858e-01
5.112825275000225655e-01 5.271890269503187731e-01 4.360403188370778893e-01 5.641877695452421904e-01
3.983869721155934851e-01 5.355131728138765590e-01 4.240310620615450610e-01 5.740463258698582649e-01
3.686370015963943425e-01 5.455080441806570146e-01 2.113623044227612713e-01 5.500375900883227587e-01
1.193866077380782986e-01 2.162414926736714871e-01 9.137151253785846805e-02 3.165841279551386833e-01
2.989292780828675666e-01 5.155458178019701743e-01 4.103974011425099988e-01 5.416137361899018288e-01
4.702725032888776524e-01 5.167599012117690682e-01 3.490166144726410957e-01 3.848824740853160620e-01
9.438321428402139945e-01 9.764113350126439883e-01 8.818497954144620676e-01 8.907434795983135700e-01
1.177412225896157794e-01 1.921811164311042486e-01 3.640082112553294502e-02 2.170847184024751186e-01
2.608583845843899240e-01 3.341708248747341514e-01 3.107524593872244556e-01 4.676287977490574121e-01
9.653035099106672678e-01 9.815628665752842430e-01 8.965474779047051257e-01 9.895871365442872047e-01
9.392292133285972122e-01 9.247957362727755593e-01 9.370566487119824650e-01 9.234879605937749147e-01
2.644440080689602901e-02 2.929287369544092412e-02 4.338752977767990071e-02 4.386668838560581207e-02
1.837487774609737889e-01 1.857575071860614324e-01 5.204707930344109057e-01 5.039908590260893106e-01
6.077758575949988584e-01 6.927943831496674587e-01 5.628563305832322561e-01 7.141821272671222687e-01
2.373682503355377116e-01 3.933031743336149466e-01 9.513912060111062718e-02 2.723633788991719484e-01
3.946939110458880240e-02 1.397343711158842150e-01 1.948575057978121916e-01 3.453736992087215185e-01
1.934359144429571575e-01 1.149077483735435612e-01 1.435727572274420605e-01 9.296518820337951183e-02
1.144574057200781203e-02 2.600797282098882279e-02 8.665204439881946108e-03 3.976497822441160679e-02
2.799529732231172408e-01 5.810396846228697010e-01 2.348299436400275164e-01 6.186724388971924782e-01
5.587365320961720228e-01 5.571063853645706887e-01 8.344815868818211690e-01 6.431798620615154505e-01
5.512675041218416672e-01 1.879611694791062382e-01 5.599822378820199509e-01 1.515965233556926250e-01
3.405683743191270096e-01 2.561666168778017338e-01 5.596326713578265721e-01 4.110893290489912033e-01
3.199115197317371484e-01 2.137276702936005135e-01 4.781175412795257706e-01 3.023604447953402996e-01
8.649773392914762438e-01 7.342983722503612087e-01 8.355372759172976505e-01 5.956413920503109694e-01
3.859763034401791915e-02 1.532976336224944891e-02 7.811291598731445740e-02 2.916174521669745445e-02
2.039899054913071885e-01 6.925673147771183036e-02 3.566604779581923346e-01 8.628332079388201237e-02
7.501110848829379840e-01 5.692648393465702394e-01 6.758140077216223673e-01 3.875746161211282015e-01
4.928322536288585187e-01 4.746547165454599870e-01 4.846298284567234771e-01 3.907593674957752228e-01
4.702770697072070627e-01 5.029848035560716690e-01 3.931033708006103078e-01 4.891205953899770975e-01
6.391707123972284466e-02 5.680124161839678054e-02 2.878113617048738693e-01 9.561136853881180286e-02
2.759425096991132142e-01 2.446682323663660896e-01 3.913402773265243773e-01 2.738042576238512993e-01
4.391747065201722644e-01 3.702350754660623244e-01 3.743694158183833998e-01 3.754734429530799389e-01
5.633375996174910805e-01 3.888595246035875808e-01 5.920258494409613714e-01 4.167991294525563717e-01
6.649136039099352580e-01 5.787392159040682937e-01 7.638136244206339409e-01 6.121024861931800842e-01
9.505037627882149120e-01 8.871842846264537119e-01 9.266549732543345463e-01 8.837228647898882627e-01
5.752445747286687450e-01 5.880607779378199673e-01 4.988509749807086835e-01 6.009927538689225912e-01
8.717901788217197190e-01 9.254349485524505647e-01 8.788019439961890500e-01 9.239166257902979851e-01
8.534146009147214329e-01 9.306611850919037643e-01 7.754029417424214143e-01 9.335288538131862879e-01
5.411297264886982816e-03 2.252873150632417332e-02 9.265139925995813375e-03 3.507087402977049351e-02
4.973528915822036933e-01 7.255282830636770042e-01 7.294038409054498517e-01 8.149119231384247541e-01
4.740407352222027471e-01 7.610066740046224076e-01 4.622131371061802829e-01 8.931801223661750555e-01
8.695106830561283306e-01 8.793944015083097199e-01 9.508203806353139331e-01 9.141248271334916353e-01
1.347518619397571893e-01 2.730386713514817432e-01 2.075561345330924623e-01 1.616409907583147287e-01
2.630464900105283776e-01 2.302877395442982089e-01 3.788029828977713676e-01 3.927584027405828238e-01
5.815525064937474564e-01 6.576785868410428559e-01 2.967994881509934402e-01 5.982362981885671616e-01
5.273960887993620616e-01 6.942337878060269585e-01 4.424689294369169024e-01 8.073760217521339655e-01
1.437975981782578794e-01 1.673691943677255156e-01 1.448682742763651721e-01 2.050311530474573374e-01
9.359720625981610143e-01 8.803142889785418035e-01 9.270649118161301550e-01 8.732315350789576769e-01
8.463141928154305216e-01 9.509409104053935247e-01 8.698479514564847470e-01 9.625282974448055029e-01
4.093637877842328243e-01 5.537718706113500255e-01 4.262906028569172223e-01 4.607415408827364445e-01
4.093399973957962401e-01 4.906246651916972845e-01 2.503505255382254546e-01 5.344356920104473829e-01
8.326452869921663336e-01 9.216638279242530540e-01 7.158294562512496073e-01 8.695405577309429646e-01
4.468980210790607366e-01 6.800011735095781162e-01 1.379185502583006318e-01 3.992882953025400639e-01
2.331083850265989188e-01 3.382860136927220429e-01 3.417560155692535573e-01 3.293254210148006678e-01
6.377009781633025121e-03 1.601635956328839594e-03 1.471225930197422871e-02 4.549537086859345436e-03
7.320651310163273084e-01 4.868518073433049653e-01 6.918041879479132072e-01 2.556549159344285727e-01
6.951831191871535864e-01 8.010948149061836165e-01 5.394888287290382500e-01 7.602378597948700190e-01
9.492302631497573362e-01 9.502966754348638467e-01 9.308673277438925808e-01 9.380745920352637768e-01
2.624575260659575138e-01 3.343444729411200744e-01 2.021059983866875243e-01 3.592528325971215963e-01
4.311547474755177967e-01 4.792356023778970298e-01 3.249458855463033813e-01 3.333980077877640724e-01
5.975936648677698804e-01 2.467898904601990573e-01 7.457323710659037319e-01 3.541128560900688171e-01
4.483933353817778911e-01 2.848948418652734182e-01 4.009605136314280394e-01 1.890911234077066183e-01
6.518948434470770437e-01 6.551262957905923390e-01 8.382924689494219983e-01 8.735559026245027781e-01
4.723298400797084629e-01 2.674166773696360910e-01 4.152930495563265656e-01 3.089479238260537386e-01
6.511486476380536903e-01 6.960237744889385958e-01 6.419614725797267996e-01 6.352707315236330032e-01
4.511253323773667390e-01 5.643561655663749121e-01 5.734978233813542436e-01 5.695515691768378019e-01
5.398926710716267507e-02 2.696948463252968331e-02 1.173514596294848999e-01 7.496703276410698891e-02
1.775015831609366157e-01 3.344456072607349117e-02 1.893813528108910793e-01 2.352500543929636478e-02
1.255449062769402602e-01 2.402994291423010687e-01 1.137749488594087532e-01 3.395802869927138090e-01
1.293846899407395945e-01 1.268458946938891274e-01 1.084317962854449147e-01 7.288044341839849949e-02
9.083366761938141964e-01 7.505141937692010323e-01 9.614606430908472223e-01 7.762505176942795515e-01
8.976029248555266182e-01 9.790060064085438496e-01 8.661986141030758590e-01 9.193652300164103508e-01
1.503348430481178943e-01 1.445882223218598051e-01 1.766041364634965416e-01 1.237873130012303591e-01
5.259413836120779839e-02 1.003672037727402766e-01 2.157343622017215967e-02 2.373817679472267628e-02
1.620087350586549291e-01 4.035478044505552142e-01 3.105784542096422518e-01 6.500043687410652637e-01
7.443769007178597796e-01 9.648213259538287456e-01 6.170953924066169272e-01 9.358604555018246174e-01
2.794749471239884042e-01 1.465945703148876511e-01 4.795054861729458606e-01 2.570143577177077532e-01
7.434543569967927423e-01 6.886452032747597540e-01 7.683455180397504858e-01 6.728611479047685862e-01
2.110882624358422222e-01 6.074752680945149086e-01 1.534417456576521732e-01 6.940750461071729660e-01
1.216366501525706911e-01 4.959737720533169414e-02 2.151360057788415658e-01 3.755515511147677898e-02
6.196305459629312118e-01 8.910742875088395465e-01 3.196213861965790382e-01 8.113615580368787050e-01
9.921598782600975497e-01 9.539504239235397920e-01 9.874792338779115886e-01 8.074028883129358292e-01
9.589662927599735820e-01 9.813078307211992035e-01 9.705280080101568174e-01 9.924431510735303164e-01
7.127977106906244753e-01 6.542855778786169640e-01 7.731736618292908148e-01 5.932719076517969370e-01
8.189300793840013082e-01 6.991592961740953349e-01 7.741559649810076937e-01 5.948003621306270361e-01
8.572712812988840803e-01 6.095865055280068612e-01 8.790018698420780652e-01 7.182544858660548925e-01
4.206966628804509334e-02 2.302164185020822984e-01 8.983945574957219460e-02 3.893301328644156456e-01
8.334107663728335114e-02 2.490908307607303529e-02 5.180160249043530563e-02 1.585762854665517807e-02
8.218592224977097072e-01 7.048584526854773102e-01 8.105791059181148839e-01 6.948503525927662849e-01
6.279039022552610483e-01 6.108248593164966600e-01 5.359295646073736208e-01 5.332933743484318256e-01
8.984120685843416387e-01 9.284234381885350107e-01 9.231204490448474687e-01 9.702157066203653812e-01
3.324686121213685230e-01 3.899596320227078916e-01 3.923493715704878815e-01 5.607149351853877306e-01
5.006207264871531670e-02 1.811506822252353377e-01 2.799086516662208091e-02 1.849033010657876730e-01
2.456643029769828845e-01 5.691841456285833267e-01 1.356168124040414424e-01 5.255904051009565592e-01
4.070265041436367248e-01 4.217065177451949642e-01 3.941778360397726333e-01 2.878596298396587372e-01
2.946446821559687845e-01 1.263970005432459853e-01 3.605419736710241407e-01 1.003487901762127876e-01
4.678049047954455641e-01 4.940405334602055998e-01 7.674229725675647540e-01 7.604655490722507238e-01
2.628865090173195251e-01 2.077888558051244616e-01 3.779866814333467939e-01 2.939114568289369345e-01
9.437939168545877999e-01 7.827573007210819611e-01 8.916097816544734656e-01 7.984833011869341135e-01
9.626248312136449492e-01 9.572994265508196765e-01 9.319230776035487551e-01 8.291546404361724854e-01
7.010606287621516941e-01 6.069026503749406221e-01 7.929871839085586016e-01 7.608916994649916887e-01
5.282733546663811453e-01 5.789310332369567158e-01 6.742093509921688321e-01 7.590635335072875023e-01
3.951364230993105742e-01 4.278789833037002777e-01 5.358664140938110831e-01 7.266255498398095369e-01
2.041085487157383027e-01 9.787954581661112430e-02 1.577174804925337570e-01 1.300181762780994177e-01
3.264307664068011317e-01 3.022834891034798521e-01 1.973957769549945507e-01 3.203147421590983868e-01
9.948518340040548580e-01 9.825748892217363029e-01 9.893718995679789963e-01 9.758322264533489943e-01
7.604462434804027948e-01 8.975427498974750673e-01 8.536359091735377103e-01 9.781124219298362732e-01
8.761496019394687806e-01 6.744138809983052374e-01 9.116034427767882864e-01 7.183767559472471476e-01
6.805257770595320999e-01 6.776292553662137674e-01 7.277912968432398433e-01 6.720450706779956818e-01
7.507742902036862453e-01 2.495381993828085232e-01 7.806820613321974189e-01 1.383285475894808769e-01
2.959007286207093745e-02 6.344952218043597991e-03 1.326454527619417845e-01 2.751604374498128891e-02
8.479049857377881638e-01 9.311193305879251758e-01 8.786916149861971892e-01 9.681420123670250177e-01
9.897546250239624976e-02 3.894587029888263441e-02 1.263466999265028257e-01 1.266221625264734030e-01
9.057833648105158009e-01 9.165690660042281612e-01 8.446309499686683875e-01 8.732277080416679382e-01
2.406507776204336868e-01 2.826439035589451421e-01 5.775361165751431436e-01 3.005173597484827042e-01
5.664089166296920608e-01 5.191715912279659673e-01 3.590251468224413545e-01 4.280795457307249308e-01
7.945192195422250414e-01 7.547514113385381807e-01 6.448704235862100509e-01 6.687944727018475533e-01
2.702394099585589959e-01 5.802447614271331044e-01 2.387003316845389689e-01 5.165840068366378546e-01
2.571886029934600248e-02 5.472853928156212744e-02 1.702516023439160087e-02 1.221912894397974014e-01
9.040406613882288056e-01 6.408470896017545160e-01 8.941641958392935186e-01 5.935610956512391567e-01
9.751784210922929130e-01 9.886103162342287920e-01 9.892531210495997263e-01 9.725536846090108156e-01
4.947423979266273308e-01 3.346190129203052144e-01 5.198583232526606812e-01 2.165556703694164753e-01
8.474700715385274918e-01 8.178935931214648125e-01 8.005201923564331246e-01 8.059168555773794651e-01
6.474733153927059170e-01 4.250106991391420230e-01 6.169516998272580599e-01 4.628093906212598085e-01
2.321918486122825920e-01 1.905738486257951281e-01 1.501808161698769961e-01 1.476871930062770844e-01
9.626280802007928239e-01 8.569210096912516228e-01 9.514239392001069273e-01 9.128125959541648626e-01
2.899597961816346992e-01 2.173952415597547594e-01 3.599857475273879892e-01 2.752915779128670692e-01
6.155984364680221477e-01 4.253850199303601531e-01 7.962460934859343364e-01 6.386374125722795725e-01
5.165670479041969410e-01 7.999796605718150211e-01 3.542975151517092081e-01 7.465648844372481108e-01
3.222538294126664482e-03 2.444823806699492064e-02 1.448105750616268672e-03 2.423717058263719082e-02
3.342635261645279243e-01 1.044550914105713546e-01 4.458825075532154569e-01 2.069496028125286102e-01
2.759850843751715521e-02 1.235296051276809082e-01 5.149025800291828769e-02 3.682639361359179020e-01
1.740054480935354086e-01 7.521380028205970625e-02 1.110925728693237247e-01 5.637338594533503056e-02
4.680182255172086747e-01 3.764100278352988105e-01 6.020766247704325558e-01 6.892515814397484064e-01
4.132353263050594361e-01 3.366517348495261519e-01 5.093740697333224432e-01 4.035048196092247963e-01
4.965965263328456780e-01 6.541550138829105299e-01 6.304990237566926448e-01 7.648822499904781580e-01
3.807774060157435581e-01 2.535142643641321025e-01 2.423439756983463145e-01 1.908211125992238522e-01
6.406228792291461804e-01 6.509392021659401451e-01 5.358112577932317988e-01 6.738303161691874266e-01
