6.411590668235707113e-01 8.861789209093176023e-01 6.177140649475802991e-01 6.860847815002329986e-01 4.512377975042909384e-01 8.018926890884042757e-01 7.240435471648332122e-01
4.457790627998813870e-01 6.838809082404272432e-01 6.330495014857083769e-01 7.911454443324650310e-01 6.609206742141395807e-01 4.814096188109767138e-01 4.457014829654639687e-01
5.666601980417579343e-01 7.088429822320005957e-01 5.917370406959919782e-01 6.490609813202854461e-01 6.366709026042371988e-01 7.700315226068460417e-01 7.418639499234229717e-01
2.738081777806478656e-01 4.666100334816144501e-01 4.442684064802139288e-01 2.641199710659744571e-01 3.048357965890318155e-01 4.656682702799910256e-01 8.106255573278592363e-01
8.013851142083490142e-01 8.674770324239533537e-01 9.621931494726876366e-01 9.711383105182975761e-01 7.305870985146611929e-01 7.338569658917576399e-01 6.329476901320912896e-01
9.492197622248893518e-02 2.000959098108647249e-01 1.121423943399609408e-01 1.060144836130100798e-01 9.463993296958506107e-02 2.981421572436184220e-01 2.410412939913858521e-01
6.671101788894917561e-01 7.913075335679849998e-01 9.691633440895219831e-01 6.347672540810443964e-01 7.424787285272032022e-01 8.774981063110642854e-01 6.228416203564718368e-01
9.548466972328377711e-01 6.134280805976705109e-01 5.247706907806245491e-01 9.004840317380757853e-01 6.115520936436951160e-01 9.529708822646629773e-01 8.359704498287184871e-01
7.563833571362810204e-01 7.818685407911147855e-01 7.520091233014206678e-01 7.637658599967741546e-01 8.268175539560616016e-01 8.297088255178447502e-01 9.461621957068624411e-01
3.935862828756708787e-01 5.433450331961704460e-01 6.264048521989736829e-01 4.296337931491474582e-01 6.289449010509997606e-01 4.234493371637707004e-01 5.858844229631022804e-01
9.995098922772508443e-01 8.429424826790212766e-01 8.631280381065805640e-01 9.378530960485395029e-01 8.863859588745981455e-01 8.674945832514263655e-01 9.767990931842314151e-01
6.513077398467601586e-01 6.991328786348666169e-01 6.953601141301594124e-01 6.349149797604842771e-01 8.396028887946158648e-01 8.374724319369136749e-01 9.675877186763267579e-01
5.337923746377623013e-01 9.786706706851833193e-01 9.643210947809720546e-01 7.334571491958856715e-01 9.168657823465764523e-01 6.015673875104200485e-01 6.363836514591475479e-01
7.408582470639134276e-02 4.126082559770462010e-01 1.964243078056906733e-01 8.954955449138533863e-02 8.401622693054378033e-02 1.852676165821792453e-01 9.416133586907014796e-02
1.419916990380896138e-01 3.638670700066166247e-02 2.469459338633669607e-02 1.342605697780700769e-01 3.698189859278500080e-02 3.004406192827063435e-02 4.089914339643994923e-02
3.436689793843981100e-01 1.428297818714006351e-01 2.592905971757948347e-01 1.565393021918491945e-01 2.706720293499529362e-01 3.045249512215436605e-01 1.906531653885472632e-01
7.921016595648878722e-01 9.221765109688780937e-01 9.239932259322228836e-01 8.892793882588743148e-01 9.873431446030735970e-01 7.564560515268511365e-01 9.160081417711679608e-01
2.287855651908369398e-02 8.246102176172714904e-02 1.650790475080358699e-01 2.089583626625100832e-02 2.323761908337473869e-02 1.410417833541161847e-01 2.282524696383209789e-02
4.111778252698740088e-01 7.188128920491564378e-01 4.627008302855616373e-01 6.208126230091987052e-01 4.375994284637272358e-01 4.956992190211372273e-01 5.165464680380598139e-01
9.339130658789410733e-01 9.679459737488383952e-01 7.779930311468366000e-01 8.356886168040916774e-01 6.358764418400824070e-01 7.962968327824081483e-01 6.584776769142959285e-01
2.378076073116515698e-01 9.603491238024772225e-02 1.497872507925523677e-01 1.339073197164931672e-01 5.213695208076387644e-01 1.852898286173730036e-01 3.003380102159593501e-01
6.967714832938269875e-01 6.734795880307403726e-01 9.878958473755157232e-01 5.931085362392257698e-01 7.249721514526754618e-01 9.170731093194942618e-01 5.534079939117259039e-01
6.698513876087971441e-01 7.316464278355766515e-01 8.918069749613927177e-01 5.771069431132763716e-01 7.283638014923781157e-01 9.267311340062878156e-01 6.750647570484050730e-01
8.807926644699556329e-01 5.741901225011130094e-01 6.036608347751253323e-01 8.835422156715582176e-01 9.532414833083748817e-01 6.097553792410183027e-01 9.259083279429787261e-01
2.740354466130370814e-01 1.228902760174120784e-01 9.076406705476912362e-02 6.082024957384400965e-01 1.503125322051346302e-01 1.676209128762606304e-01 2.200713539844391942e-01
7.748422931115876988e-01 9.993441880728002324e-01 8.817362896011553541e-01 8.206333587813037234e-01 7.512936659622937441e-01 8.238322939207405327e-01 7.996476125638790622e-01
6.983677323385214519e-01 6.979892905590173724e-01 9.695480607645714510e-01 5.593106105714544807e-01 7.904693968594074249e-01 7.124605341436256456e-01 9.346801244173961187e-01
6.480926590648086183e-01 8.281099929123254544e-01 5.501365917232879932e-01 8.889138469375448270e-01 6.874859025701880455e-01 4.869248996774408478e-01 8.343030886775183452e-01
7.844107729416681662e-01 9.410015100399451438e-01 7.001050024899204693e-01 9.096232582426851954e-01 6.494851110037416220e-01 9.630784855533445210e-01 8.569072534550334908e-01
8.378258687425883533e-01 5.609130917483141632e-01 7.948055714681452333e-01 5.505888682625733610e-01 7.809304606635123491e-01 7.041108655253203175e-01 8.060522488682088094e-01
4.265469468260655317e-01 7.466207097323521724e-01 3.369487291343620239e-01 9.448555233896472894e-01 3.978139702230691910e-01 8.711839792362997548e-01 8.084042386572483085e-01
3.530508181558001946e-01 6.117923634274273770e-01 6.245073195438340941e-01 6.810518569093221286e-01 9.073812360875308514e-01 2.939505980214519587e-01 7.314619537717873543e-01
1.865277670805262356e-01 3.343270804878189506e-01 2.892255857750318793e-01 2.575217777015508802e-01 2.759148634504526854e-01 2.659080082718177085e-01 2.221664534520578771e-01
2.531203735611107231e-01 6.170303081823517166e-01 2.877798269503769046e-01 3.323559103054294361e-01 1.906020420137792826e-01 5.439770155977259325e-01 3.593219721413323242e-01
2.149387388163027657e-01 3.925491213940685009e-01 2.856464419751154615e-01 7.609916401058219870e-01 2.979328390210866928e-01 1.711254187502190272e-01 1.847363631042248655e-01
8.823799402492763511e-01 7.940165830946669390e-01 7.894177281987402317e-01 9.488798473336468309e-01 7.154264412820339203e-01 6.494111351748629302e-01 6.202134251958225653e-01
1.767050037971945042e-01 2.871023082364633772e-01 1.320748646914549906e-01 3.185842335264794656e-01 1.471948032267391682e-01 3.070515678256301451e-01 3.028379261522988752e-01
4.802649849063260201e-01 4.845030719529676011e-01 4.161775361129616546e-01 6.749794390499623820e-01 6.792927761562168598e-01 4.628092767860066403e-01 8.266675807220659200e-01
7.743119404699961850e-01 6.170210433019625018e-01 8.246651877912124506e-01 9.909289978361826012e-01 6.035532548557966948e-01 5.360009356771954225e-01 4.170144888853870579e-01
7.866819711806471993e-01 3.834859366994889385e-01 3.994553312889938534e-01 2.826080671138703759e-01 2.607064831536263227e-01 4.885981260072636556e-01 3.397037686406396140e-01
1.289674846958015209e-01 1.569984117944795976e-01 1.330383952689097038e-01 3.583663715765876834e-01 2.039765613153576851e-01 1.079224487768110224e-01 1.243700852833981435e-01
7.996279522384595051e-01 7.997009173046265573e-01 8.321429200118485303e-01 8.651708300634121107e-01 8.646302858833223581e-01 7.725773071795534186e-01 7.931538603804059173e-01
4.513648447382935247e-01 3.356601854675285712e-01 2.594801180081529601e-01 7.787641893239993784e-01 4.405266409739851952e-01 2.816448835902907732e-01 5.517968358582731048e-01
8.729741733213163268e-01 7.753934460751384927e-01 7.499579267583921238e-01 9.130946448325801823e-01 8.551027714274823666e-01 6.991761206596630585e-01 9.448243029842863239e-01
3.277275057205662478e-01 6.958515476437671099e-01 2.999950922792470887e-01 6.068651765008340471e-01 3.744410176295787096e-01 5.716492805566878443e-01 9.312871048256013973e-01
1.482689967224897765e-01 2.297651222633279589e-01 2.900794912336934206e-01 3.138553390031514900e-01 3.528257259167730808e-01 1.026744220956133102e-01 1.246693816672496125e-01
3.946039377240114221e-01 8.469824536893078015e-01 7.651991388193090105e-01 4.598162817368882105e-01 5.130974806379526854e-01 4.667666619074610224e-01 5.915922680569172254e-01
2.422231546073616570e-02 3.931964020896996925e-02 3.819235132390774029e-02 4.666996489108202195e-02 3.430793900042772293e-02 2.512206715151074632e-02 2.122325741617771613e-02
1.857249639722657053e-01 1.437144725939740741e-01 1.494779658805412137e-01 6.756988090168901673e-01 7.613905740436166525e-01 7.379502118551595213e-02 1.715343879853518383e-01
8.712853142621319602e-01 2.975664481055627641e-01 7.605282953945482483e-01 3.451927956143121534e-01 9.656836402136832476e-01 5.505062162816476423e-01 5.230251828555908533e-01
2.675381294373522234e-01 4.876151315771382611e-01 2.219234835756334068e-01 3.881061852805277601e-01 2.256776578724384308e-01 2.891887416775392738e-01 3.476300005342959909e-01
6.568352900960193752e-01 8.725776865232293122e-01 9.526753986286512488e-01 8.463398559192740755e-01 8.191186396870762110e-01 5.879488384584796723e-01 5.558663693703644881e-01
9.091433074166317685e-02 8.973702673032585286e-02 9.956167702968105049e-02 1.223791257250469305e-01 1.419967669062316418e-01 6.769061020988546840e-02 1.017944533441272614e-01
6.593132286431782063e-01 7.972193314960902555e-01 7.401494754683394239e-01 7.952833647746447854e-01 5.858942545019090176e-01 7.849482009040986696e-01 5.538568309547036161e-01
4.782814535801179767e-01 8.842923135565508019e-01 3.897058059378883943e-01 7.348072697632876960e-01 4.492780400905758142e-01 5.124128181418112771e-01 8.657952583514149092e-01
4.284035962516866136e-01 4.420250349682878221e-01 4.319658039135689243e-01 7.598750173366055627e-01 7.683012259658426046e-01 2.692691825634868086e-01 3.619195357905908850e-01
4.112239690757536481e-01 4.007777346048591594e-01 4.277840502748309626e-01 5.808162656228325060e-01 7.552572912536561489e-01 3.052063753405688806e-01 7.385793975843466530e-01
4.547059087643595121e-01 6.831371406808934843e-01 4.885743664621978732e-01 7.837605598481068858e-01 8.241774158086627722e-01 4.041874293725812306e-01 9.673879407435639344e-01
6.581207139238043347e-01 9.819711280905113471e-01 9.544721468405252818e-01 9.082025354294177566e-01 8.235730272717773914e-01 5.277056664991932600e-01 5.760946902865551333e-01
8.521944077375372961e-01 8.515507599562177621e-01 9.076563995505072535e-01 8.450964972984902346e-01 9.969864329323172569e-01 8.466278272716006859e-01 9.370034350423638303e-01
4.914035364976959003e-03 3.866057264087505337e-03 2.641410358466275178e-03 1.030763932485870109e-02 5.922827403992414474e-03 3.757288149152399320e-03 2.364248376469830007e-02
2.868686511696880159e-01 2.641734238543614333e-01 3.447002885430124342e-01 3.597353755235037087e-01 4.973571151494979858e-01 2.000126640531680600e-01 2.693715678243692735e-01
2.327967711943747242e-01 5.077351271149453948e-01 1.891643392795971934e-01 5.591065007979483248e-01 2.202422560658305883e-01 3.397094722981993109e-01 6.267188911451797573e-01
6.372315797375620594e-01 7.509333032689702314e-01 3.871819804162663914e-01 7.568138565152183750e-01 4.021952692419290543e-01 7.308192046017465415e-01 8.798601546735281831e-01
4.261195382637948392e-01 9.584148180759731739e-01 4.084079143781680910e-01 4.918744783096497541e-01 2.348283370956778526e-01 7.581474558008433062e-01 3.437659235442471206e-01
2.875350571210875672e-01 1.826825988775208076e-01 2.800607983695776459e-01 2.042095009006522910e-01 2.645610561594367027e-01 2.124383965641528371e-01 2.076371828856131974e-01
6.378256381875712089e-01 8.433303676942148774e-01 9.914907304508118191e-01 7.039670909216833028e-01 9.647556461859494448e-01 7.084830340284589134e-01 7.410852125554376890e-01
2.638807220610923654e-01 5.094948284042983833e-01 5.403713974962227606e-01 2.890006167151796812e-01 3.453747218009084463e-01 4.627346004227392284e-01 3.235257923079697395e-01
3.971167861916653496e-01 3.133760969122333928e-01 2.591871044052130313e-01 2.641276282302036371e-01 2.003831842448562384e-01 6.821178144196329285e-01 2.863506944042436553e-01
5.996696694078311740e-01 2.100435221237639816e-01 3.335139310970003379e-01 3.387035978958382598e-01 4.777810242958366871e-01 2.614170273668584565e-01 2.406144746579881311e-01
1.795546110069512202e-01 1.845054488510667334e-01 2.460664781269592538e-01 1.173096746004515106e-01 1.469368459656834602e-01 5.159047686406486033e-01 2.648480305607890384e-01
8.721046646006443970e-01 8.510498985542105377e-01 7.630471958352150752e-01 9.274976242173705865e-01 8.318362643476575613e-01 7.785101063587553938e-01 9.090600787681384354e-01
5.513523162240565600e-01 6.973304948565752781e-01 7.178182517723258327e-01 8.227372312202481108e-01 8.429907085373997688e-01 4.538363875688605775e-01 5.505147264885249525e-01
9.439978181510970678e-01 4.721269647670337521e-01 8.367032111359362645e-01 4.965555182165700132e-01 9.301506078336387873e-01 7.655175591718390571e-01 8.816235678361379335e-01
1.420795041223437694e-01 3.308110898443252790e-01 1.400544919598241678e-01 3.682419195392572786e-01 1.832583718933165073e-01 1.551418916901997624e-01 2.648035987783959322e-01
2.458279721806056611e-02 2.031180421261367247e-02 1.024392752951040590e-02 2.445998760619065571e-02 1.089493487961590290e-02 1.977338443949599317e-02 2.624295638560489308e-02
3.845144795050655651e-01 3.130431017194700849e-01 3.005756034519777575e-01 5.139618414321862616e-01 6.506143053993582726e-01 4.008070424734716530e-01 5.445629302145105211e-01
5.620750395540067279e-01 2.527193983039313641e-01 2.852952493401792466e-01 1.761195008150092944e-01 2.177709720563143492e-01 2.712728201144552487e-01 3.974323032189994720e-01
8.342855468963553678e-01 8.752225178096841862e-01 9.078167134876720112e-01 7.025629530051700211e-01 8.645721459761261940e-01 8.307091232162880923e-01 9.128570978669791058e-01
7.849174342878012522e-01 9.960060584735412892e-01 8.900652562662568767e-01 7.683344695684963810e-01 7.726397116202861071e-01 9.512410576884305913e-01 8.759463585679512221e-01
6.431885162242610976e-01 3.293970733885426272e-01 6.767190172080548294e-01 3.655757764729914983e-01 7.959888870827853680e-01 4.672055958035677969e-01 4.585921289216072227e-01
8.331099898868427056e-01 3.799205073077167039e-01 7.312716476468438254e-01 4.982668470999220278e-01 8.624032530933618546e-01 3.961410962945664527e-01 4.757196274346989773e-01
6.280934269090928668e-01 9.654636505555883597e-01 8.335128066443988626e-01 7.789904379954598612e-01 8.207903555594384670e-01 7.941863396293088462e-01 7.503908888195848226e-01
8.945521805059820641e-01 1.404192502165392820e-01 2.648281209191851726e-01 5.553996295630148072e-01 7.322292574681341648e-01 1.244794705707839427e-01 1.655113508781858589e-01
1.457754625552410699e-01 1.750686459443364928e-01 8.569733718213606855e-02 1.623490466507405694e-01 8.953464217483997345e-02 3.295571824830727525e-01 3.412567136942292745e-01
9.428224105931774790e-02 6.795705069397691700e-01 8.516178857058392948e-02 2.734548796656266489e-01 9.101261966861784458e-02 1.904658667841400144e-01 3.588656727407393832e-01
4.224749007316387639e-02 2.123109774195498234e-01 1.874055578465103067e-01 8.694440916580134515e-02 7.668467354960739613e-02 4.518340100606704074e-02 4.065710720634591047e-02
4.897624163293376465e-02 1.546101839150291479e-01 4.229726568882227755e-02 6.770728672435408213e-02 3.850870230235159397e-02 1.031800832766648912e-01 1.985879419518654654e-01
6.959384349843378281e-01 3.093192608995163906e-01 6.144347793087553411e-01 2.402801413784403650e-01 2.218812135979533195e-01 9.624923511313175917e-01 2.193666328692590317e-01
2.054672403791581170e-02 4.244458461464603073e-03 3.825490655443714461e-03 4.931113632338956360e-02 2.106640115380287170e-02 3.068971602607929033e-03 6.078872236364186825e-03
2.376008333459833921e-01 3.397860549738064839e-01 4.931485099045759268e-01 2.210926759344164494e-01 3.287542664911597967e-01 2.827764061005672014e-01 3.289354520952946226e-01
5.152318947229590496e-01 5.904636181865586392e-02 6.823047007383969964e-02 9.766525668929801340e-02 1.068861945532262325e-01 1.539103555322583194e-01 1.889878789010218108e-01
8.304319832656719136e-01 6.410612115228645491e-01 7.445192706906585967e-01 7.588130849102439068e-01 5.552417289000004530e-01 8.062878198394165530e-01 4.909132122290481570e-01
6.177693673953953829e-02 8.862475216808260448e-02 8.657763921826212850e-02 4.911292928700713989e-02 4.269253951497375965e-02 9.238503035200011648e-02 4.811773288303893698e-02
2.431068738038630606e-01 3.170940291090759144e-01 1.575910927340459511e-01 2.378315327115164690e-01 1.441305975895375013e-01 5.731689113844319339e-01 6.040346908655771507e-01
6.822518675147967171e-01 2.778638947187611619e-01 2.787128550770556212e-01 4.582935244415878850e-01 4.616861357353627682e-01 3.185842622520380640e-01 8.185508950165727438e-01
3.870367331673220668e-01 8.544235022143179537e-01 4.435350285059377895e-01 3.785671929237335864e-01 2.834857618436217308e-01 9.087337937822872469e-01 5.591500164312673826e-01
5.557399060280283631e-01 6.825380307596627949e-01 4.469785102058910775e-01 4.993688528956207184e-01 3.532869678456336260e-01 6.756083652818335450e-01 7.645124133041951708e-01
9.420988628124100928e-02 1.572942863097020333e-02 5.921596349997815950e-02 2.722015232916250374e-02 3.345949412323534489e-02 1.730211259264297086e-02 1.375999139031461489e-02
1.972435395627016030e-01 1.725375704093812801e-01 2.373562318118990766e-01 9.276280295623094696e-02 9.126709331758320332e-02 1.808765700231629026e-01 7.380007163451790531e-02
2.968413463111791994e-01 5.534022633033062188e-01 3.264834478230738690e-01 4.158921735840223621e-01 3.051212332211434841e-01 3.459899309293920644e-01 5.627352066163870958e-01
3.286017820371694431e-01 8.917113400468178463e-01 2.998626988618703360e-01 6.223312896529711313e-01 2.953300944063812494e-01 4.316418506223621554e-01 5.671092134370619986e-01
1.619852049967944463e-01 1.172582042236144928e-01 6.012159038684284917e-01 1.271304136646964622e-01 5.394773979205638170e-01 1.216280373505089218e-01 1.006983295911762083e-01
8.144860801637269221e-01 5.599866242376250192e-01 5.213991322601098100e-01 8.457523738117614931e-01 7.714171812403947115e-01 5.634899623340081654e-01 7.772689581905356526e-01
3.929418437825503152e-01 5.123417963098680916e-01 9.635932152494536274e-01 4.201403386333380507e-01 4.236606718041002750e-01 3.730614667652503158e-01 2.666311298340983127e-01
4.043659563414541136e-01 2.168199282977876785e-01 2.971859161654639148e-01 5.975267471008537390e-01 5.918086897581815720e-01 1.987114840782332748e-01 2.315287782721608401e-01
8.694066251917296206e-01 8.542245979844655945e-01 8.275157035496960578e-01 8.456056201877596434e-01 8.631630553863942623e-01 8.849072592607862831e-01 8.965555338199332480e-01
4.225342538488228161e-01 8.994399393575047696e-01 4.488576047175288353e-01 7.274908179649409723e-01 4.471295685507357121e-01 3.503876551085919333e-01 4.939304985864869657e-01
9.874951349066465323e-01 7.139452680438693744e-01 7.407766677004782307e-01 9.514435942766953369e-01 9.555618921294808388e-01 6.981355853220666541e-01 9.398134614703004264e-01
3.128970204400163130e-02 1.049554307625262667e-01 7.053430599200924411e-02 3.863607566224529222e-02 4.712062189355492592e-02 7.927087200828945857e-02 1.183377733318608793e-01
3.005293807512610105e-01 3.882711587881153559e-01 4.544501039955237132e-01 2.377800695875118553e-01 2.464525345712900162e-01 5.032098414778044537e-01 2.674467348413038237e-01
2.257007104509591716e-02 2.118378397831551657e-02 2.110291511741007806e-02 2.080128097171612955e-02 3.090011142194271088e-02 2.505410957085401485e-02 4.808426845373854619e-02
8.486893947830828067e-01 7.025313036626869012e-01 7.393261688620591521e-01 8.451550486437937604e-01 9.272693339735269547e-01 7.761970329745048192e-01 9.036962112864207475e-01
3.635804974241479415e-01 2.874786149566342375e-01 3.558743756160709371e-01 4.136451480487133847e-01 3.375906718429177999e-01 2.226626846453938213e-01 1.906845274951159963e-01
8.164892994574687313e-01 7.438854166982299398e-01 6.370725332379837402e-01 6.708130797897123854e-01 6.320242627989500761e-01 9.126627664295237086e-01 9.195520066266373860e-01
2.604381354777660640e-01 4.580151565689888904e-01 1.768339063610398221e-01 6.105239864648779324e-01 1.628466316033154726e-01 2.870385272038771807e-01 2.357596589970931134e-01
7.072532851014281530e-01 8.842571339455955748e-01 9.059509247448209734e-01 7.822017271543901806e-01 7.696062338072806597e-01 7.825502867991608325e-01 7.617742028876076654e-01
3.781531643338389981e-01 3.940588708819667274e-01 5.724121289098346166e-01 2.638147261577727942e-01 2.895932395476847887e-01 7.334012127745952458e-01 2.786792544658693305e-01
8.199165515697359741e-01 5.310457635969118018e-01 4.807231663213185069e-01 9.155161542478513770e-01 9.908072082325816154e-01 5.561346223850808235e-01 9.214618045196968366e-01
6.122594826537430812e-01 7.068851930596129485e-01 6.228509309432607166e-01 7.053366801530096541e-01 7.468660597223788500e-01 4.790482421175710770e-01 6.046733783371416315e-01
5.822474211808998934e-01 3.404518594585703162e-01 5.446275647048964830e-01 4.931941577057850634e-01 6.673196253832429647e-01 4.784648542146816008e-01 3.487569789272992327e-01
1.721401436009780406e-01 4.194790682977855290e-01 2.440328536590246900e-01 2.750996895355679039e-01 3.000689428299665451e-01 2.815612387869795841e-01 3.331178246159564593e-01
5.656726368767425184e-01 2.748974351268509420e-01 5.642170699996876815e-01 2.458265150544574618e-01 3.471847469918429852e-01 5.858387169328705957e-01 2.817324355890185039e-01
1.377889522616063678e-01 8.794941793205561520e-02 2.747830427219196681e-01 9.660358641086237708e-02 2.051843034569174051e-01 1.052465706788923844e-01 7.920883647446951004e-02
5.874034262956583374e-01 8.077694006499251955e-01 5.759615430911215750e-01 9.335480349562603752e-01 6.800797691103070974e-01 6.046566821832201066e-01 7.663182286236355223e-01
7.216386688899611990e-01 9.929490559731346533e-01 8.725343347652195769e-01 7.670866662911030032e-01 7.642899847123771906e-01 9.089824114821780654e-01 8.420804951187528253e-01
7.425937118282835980e-01 8.532161141066119114e-01 9.679711560305013229e-01 6.458723779950135135e-01 8.044109956827014685e-01 8.166497203676790217e-01 9.724008595402743316e-01
9.077722754325544541e-01 6.347936538960862185e-01 4.508089350147775898e-01 6.638999914465625318e-01 5.444460497237741947e-01 4.629069404255163334e-01 6.596736462015192481e-01
5.425948052212679062e-01 9.027874035683920717e-02 1.064686599975599168e-01 1.317902898525226685e-01 1.770635314751416445e-01 1.391238968821534028e-01 3.206123963306274360e-01
9.802957017186588740e-01 6.779126208841071977e-01 8.097266143892154489e-01 7.967859784346861263e-01 9.335115219000726938e-01 7.061136888884720353e-01 9.127222107118428962e-01
5.851596376033056934e-01 3.008343509201016897e-01 5.563005207043250078e-01 3.719745678162537650e-01 6.385670329909771681e-01 4.033620993919380115e-01 3.147866395552102459e-01
3.286178984597243335e-01 1.439629385182108756e-01 1.585717769750844275e-01 3.640671427491079526e-01 4.311183684039860964e-01 1.704534490728879526e-01 3.576436477636809608e-01
7.578753816987474634e-01 7.545892807929068802e-01 3.459743649257885911e-01 9.103913734495558963e-01 3.513727835379540920e-01 6.062368549433805320e-01 6.725757671896842593e-01
2.707049616088059718e-01 3.089047439097691305e-01 2.283336569863221033e-01 2.927754382620266216e-01 2.491609449498355389e-01 4.153146285395339921e-01 5.144538544936505531e-01
3.443844239957266629e-01 7.513511923622556710e-01 4.712508797781299608e-01 3.521570048877288306e-01 3.293558654841035604e-01 7.867403414101034054e-01 4.993614308942778135e-01
7.530782971064738929e-01 6.409923092471021544e-01 7.894683084887611502e-01 6.251789366142439519e-01 8.994745458476245403e-01 9.102040630297675294e-01 8.293444449163471788e-01
3.740898599262201252e-01 2.358999521673787181e-01 5.082015108538302517e-01 3.239978207119872944e-01 9.407178361434489489e-01 2.569418093396095282e-01 2.858204216372955964e-01
9.624781168956120236e-01 9.820612750688177961e-01 8.323779562437575441e-01 7.774418407629253291e-01 7.352720878552645445e-01 6.768096375148883181e-01 7.280847974801416544e-01
4.419310107446154934e-01 7.363665739188410830e-01 4.777276942943191607e-01 7.287443497228037748e-01 5.810086650308221579e-01 5.924149478915262668e-01 6.933062411949881820e-01
2.356335248326283938e-01 6.075287313598154437e-02 1.139268483521565789e-01 8.232064983535176961e-02 1.115466414485126734e-01 7.392095607952821334e-02 6.020794786663170861e-02
6.188602126084138400e-01 7.271153169815220974e-01 9.755713813133268797e-01 4.771666451977287227e-01 5.898658763617277145e-01 9.765578659156395336e-01 6.921571316264681917e-01
1.585146931287575722e-01 1.006425161837041365e-01 2.124593386219685298e-01 1.035831855516511496e-01 7.470262886490672827e-01 2.732229604268184842e-01 1.624344769305535174e-01
6.511966129735713427e-01 6.809558271483626690e-01 8.737025582965517456e-01 5.436732550224876448e-01 8.961622563656419516e-01 9.642303462051755591e-01 8.759715330389918897e-01
8.467297905819149983e-01 9.377715731557116907e-01 9.487857113948685583e-01 8.397423948267763727e-01 9.701323600020259619e-01 8.133484943266671152e-01 9.512616215401950015e-01
6.625381983591434043e-01 8.652442347833477765e-01 8.544134748824843140e-01 7.995035843316360413e-01 9.545589471235871315e-01 6.507554702567279747e-01 9.319550701100806078e-01
8.644738432237587533e-01 8.893280325972147127e-01 7.363594494485827813e-01 8.097247395105167111e-01 5.413982868194580078e-01 8.261817035322179814e-01 6.224654410797534343e-01
3.104428550483592231e-01 3.747904855295356441e-01 5.809183582216016495e-01 7.279864407233384016e-01 9.485231314320117235e-01 2.159956318173058276e-01 2.548379000746111567e-01
4.250946736926015102e-01 8.136729653408989460e-01 4.189535639963171687e-01 6.047487166885336940e-01 3.841245586518198252e-01 3.711567050924242106e-01 3.850490968465983821e-01
2.267403534738176019e-01 4.636941473377606537e-01 1.427440725044396286e-01 2.417193604217192093e-01 1.180818297434598207e-01 5.604945368526764726e-01 2.923853018894869704e-01
9.131941905072075150e-01 8.655793453754548894e-01 8.400657094324935903e-01 9.175697328167826683e-01 9.830106869339942932e-01 9.740322299741051015e-01 9.779283250245898174e-01
1.537368348787367944e-01 1.712636753088176700e-01 3.229888471612225587e-01 3.467573930244127745e-01 2.988891920540481806e-01 1.036533010180361730e-01 1.047466669028339764e-01
5.023305182458374096e-01 4.282237951996105130e-01 7.917833518502301882e-01 4.615011718238091198e-01 8.942426820285618305e-01 3.175565917972052454e-01 4.565428354162533453e-01
3.805516958147878714e-01 9.827976069381934021e-01 4.965565397024816474e-01 3.703062820541920264e-01 3.198513812385499477e-01 9.480268066084324152e-01 6.683124785439602533e-01
3.523389567579753301e-01 4.612945160485615870e-01 8.725748787747462654e-01 6.189111112815623983e-01 3.564355697017163038e-01 3.131834742973327868e-01 2.144734334969179979e-01
8.047419100934579683e-01 7.695416278723212766e-01 4.868412506699500431e-01 8.853211111625906016e-01 4.775677884463220835e-01 8.194116606720980300e-01 7.347748114155744359e-01
5.373158094626235837e-01 2.999297911179549803e-01 5.693361742201273890e-01 3.365069173686020543e-01 4.727783044800162315e-01 3.706893138668789778e-01 2.663604752507882645e-01
3.369891576818668799e-01 4.553373483388812315e-01 4.136425046150826179e-01 2.834212518770276024e-01 2.760422432329505682e-01 4.973425952948493656e-01 4.228362723913797749e-01
3.858171815010637551e-01 8.340714060364105009e-01 6.014135131631315190e-01 4.647489865592125957e-01 3.415861413814127445e-01 3.602672512095000390e-01 3.064731519226313594e-01
9.769453695045320352e-01 9.322337802218261249e-01 9.870102654356618377e-01 9.713397728661440356e-01 7.158564322162419558e-01 9.703358982323693205e-01 7.024097199525030089e-01
3.239950076675822688e-01 7.756225021691035559e-01 3.046692228088749288e-01 3.660602770836181574e-01 2.231547459959983826e-01 7.111598940652597012e-01 6.954957066838447499e-01
1.781511390328003597e-01 3.890296844961067535e-01 1.852421159869309941e-01 4.006162231722959488e-01 2.657930431887507439e-01 2.646444359268516622e-01 5.266911516496282086e-01
6.504813536750869707e-01 7.219260262762354774e-01 4.706760420319913152e-01 8.939996498691701321e-01 4.853221531957387924e-01 6.172552856424503576e-01 7.640971792868032075e-01
1.343060560040493234e-02 6.964275438446784761e-02 1.911778212418466585e-02 3.390286870184573004e-02 1.854155631735920906e-02 1.711104166413732197e-02 2.721213946291011279e-02
1.856338374909568822e-01 6.959647672502078386e-01 2.694831261538356282e-01 3.923940553142509224e-01 3.621440432034432888e-01 3.278363184168970323e-01 3.223457193538426524e-01
9.174267857986531105e-01 5.373850455141130356e-01 7.515551386502350439e-01 6.616692512405664139e-01 4.542990445625036955e-01 7.147060041110989692e-01 3.701321059211243325e-01
8.592660696517027130e-01 5.517436881703670082e-01 4.302816522810009592e-01 8.002352503106535675e-01 5.752761426847428083e-01 8.720264704568491121e-01 8.449113590235838300e-01
6.227315559846936521e-01 6.024860864325555232e-01 6.233064256142103465e-01 6.765045581672856079e-01 6.418239586055278778e-01 4.762718108504036540e-01 5.044399998928168483e-01
1.543503166443726815e-01 6.010603746146587767e-01 7.075269468531152350e-01 1.620859943039176521e-01 2.355258206371217966e-01 4.886004197787633951e-01 2.343880000251554740e-01
9.978186580903962710e-01 4.885652125991275518e-01 3.475175187509048635e-01 6.805617393734955112e-01 4.264338910579681396e-01 3.040276226169444374e-01 3.948046876602050448e-01
3.958666443741478136e-01 4.526314126311296038e-01 7.769658387174853686e-01 4.239011333514868807e-01 7.619298161007463932e-01 3.461291318595083877e-01 7.925647057613379731e-01
2.081861154425382054e-01 5.172002810178685239e-01 6.522641739652134119e-01 5.821441973819291293e-01 3.649912911932915449e-01 2.046628481252993903e-01 1.721580892179510880e-01
5.440775328577093228e-01 3.099169512026823670e-01 8.707838644615972790e-01 3.355206940341484145e-01 6.614000801928341389e-01 3.509479455838342421e-01 2.672155020694970129e-01
9.674492832336789583e-02 5.711456904071284812e-01 5.692952942991750254e-01 1.133475111269620361e-01 1.129709170199930668e-01 1.914327208263051638e-01 9.109084033180069040e-02
4.344475810125801307e-01 2.677329440583497977e-01 2.921164685086991009e-01 7.137448375774482212e-01 8.273409304674714804e-01 2.224738879758234034e-01 4.073217542907648925e-01
3.007762196286332124e-01 2.924605413969610379e-01 4.078874687550679834e-01 2.940630801802293637e-01 6.197939265985041857e-01 2.859623025261381901e-01 5.817962562845924168e-01
5.974291855272556573e-02 1.160726138430784593e-01 2.616896609390416129e-01 6.021400500882021639e-02 8.327495609410107136e-02 8.581792604936654134e-02 6.387220831565500190e-02
2.050818718809921115e-01 1.464058433474105247e-01 2.100363333767737983e-01 2.146702738863432713e-01 1.693358730990439653e-01 1.487198209547024585e-01 1.023199328146635195e-01
6.970589217456584219e-01 9.705662171712453601e-01 9.296265531976480867e-01 8.958380911869038288e-01 9.159861274529248476e-01 8.070451284615314247e-01 7.559670299634748680e-01
9.780377620438437392e-01 5.282948174960553356e-01 5.659225411782451420e-01 8.369009602930942426e-01 8.374574210029095411e-01 5.042226911287992497e-01 6.566761459792528344e-01
4.589788609063819025e-02 8.815253817236427814e-02 4.976485389615586952e-02 4.668726799249437592e-02 4.290701611898839474e-02 1.087207416841350083e-01 2.956081352262288076e-01
6.582802803525390489e-01 1.299953688650253292e-01 7.905010735283901635e-01 1.081712744658024361e-01 2.108101472258567810e-01 3.580703241445156171e-01 1.630032936168148427e-01
6.116112523338257390e-01 3.629349042897537791e-01 3.683373703469914884e-01 4.979328622779736757e-01 5.461553889326751232e-01 5.936823020651933458e-01 7.196661048207977363e-01
2.849231353053876398e-02 1.008596256867612395e-01 1.731544402167421448e-01 2.761079713287085957e-02 2.820319728925824165e-02 6.863615921681026633e-02 2.654121531050101720e-02
2.371961597877882133e-02 8.044621923219223703e-02 4.294106815414671513e-02 3.247521148607032671e-02 2.542394632473587990e-02 4.668575249140669708e-02 3.033631318744680824e-02
7.353649689218206831e-01 2.336663981659965750e-01 3.413106142198297221e-01 3.883395869401632949e-01 5.271282563917338848e-01 3.613594694147100328e-01 3.230091472511134598e-01
9.567288435923159140e-01 3.116483867768549687e-01 7.680329660333671260e-01 4.415782087083971463e-01 9.117655376903712749e-01 3.603343247078291678e-01 8.420675310903337207e-01
4.065997926617991309e-01 6.625920940107729029e-01 9.474812405373984614e-01 3.613490559174640793e-01 4.903406591620296240e-01 8.439772861369542190e-01 5.135164561616749612e-01
2.331344369343343881e-01 2.112259435724415935e-01 1.745982639585992036e-01 1.188207502047614605e-01 1.136649618856608868e-01 5.418538540958374172e-01 2.648396304575936777e-01
9.707961466525591998e-01 9.096605880405276290e-01 7.369419272560941980e-01 9.708713040245124937e-01 7.047850920353084803e-01 9.060861217975999526e-01 8.768187638942773754e-01
4.978908275844399212e-01 4.231426973940873304e-01 3.526320526007733491e-01 9.589063819881692430e-01 8.736952962353825569e-01 4.064088459877975290e-01 7.221310046273657912e-01
8.473331696676980052e-01 8.925073493034583194e-01 8.807985425583289008e-01 8.104912884354082969e-01 8.278050406370311975e-01 8.331949697121148191e-01 8.877510544674279691e-01
6.396801047897398007e-01 7.147517717101645740e-01 7.171373077113045724e-01 5.444231550367554240e-01 6.447871048003435135e-01 7.947469621890714819e-01 9.890749650909582691e-01
1.315285460751911828e-01 1.500592736365518598e-01 1.205945259188955648e-01 1.692501092922482631e-01 1.861741791944950819e-01 1.485862820414968755e-01 2.600378174765144434e-01
2.554832435516013467e-01 3.445969044999707687e-01 3.182292429490631847e-01 7.470892212480916283e-01 8.632896903436630964e-01 1.928175454189853533e-01 3.728538508511625160e-01
3.975502927142089415e-01 5.325172200193726280e-01 9.201991702884316782e-01 2.983422887778378052e-01 5.489251287654042244e-01 9.435341773636343188e-01 5.408801841998336357e-01
4.813564573456465823e-01 8.829689938739798682e-01 6.936725625586386279e-01 5.340232879021516998e-01 6.077845587860792875e-01 7.692047535518137247e-01 7.979020419793498853e-01
8.908550044864631534e-01 8.979289446268047259e-01 9.495914126830110602e-01 8.732733845985273247e-01 9.955126431304961443e-01 8.069716311915620111e-01 9.093962070766495875e-01
1.233210544289385299e-02 8.406420795872800167e-02 1.441370011685052556e-02 1.784595135704346303e-02 1.003064098767936230e-02 2.439415976964874957e-02 2.048390127161145782e-02
9.485297558796860207e-01 7.512370808774100350e-01 7.779433887654271240e-01 7.991303530700396562e-01 8.415792405139654875e-01 8.323384921036862671e-01 9.209317963990542033e-01
5.765715013882319884e-01 5.352667328816159698e-01 5.644642678555069626e-01 7.933523658092351827e-01 9.202141049318015575e-01 4.304964133364757028e-01 6.078922982192221935e-01
1.733711054378027361e-01 3.954311747254622422e-01 1.674440477101374058e-01 2.388419076964981846e-01 1.608630795963108540e-01 4.418819680828312557e-01 8.981313989831017919e-01
8.501146556963886658e-01 3.921289753587451354e-01 7.495406345343547105e-01 3.222867942229728500e-01 4.708302463404834270e-01 9.816953661541349963e-01 4.575822913957422466e-01
6.188508154971221753e-01 9.220831702107520345e-01 6.944921007316752215e-01 8.092982781810127424e-01 6.182064996100962162e-01 4.775311935069176394e-01 4.845223366403817455e-01
9.521766003498979281e-01 3.589706380330572877e-01 4.743866748643098541e-01 6.238263907256874630e-01 8.983790038619190454e-01 4.996267604773671489e-01 6.767253776973080059e-01
9.365105836036506648e-02 7.566978241963379093e-01 1.263206394184202830e-01 1.228275763756145611e-01 7.832148694433271885e-02 3.240801336396665899e-01 1.670302378172624225e-01
3.432332321773599038e-01 8.096860672246474211e-01 4.556188955623106662e-01 7.203738156922754321e-01 3.460757378488779068e-01 4.875307871843240215e-01 3.647968190931812349e-01
8.786479592568537944e-01 6.196395652975201784e-01 5.432822567616155673e-01 8.470882615613217759e-01 5.910814008675515652e-01 6.650170065202124503e-01 7.182769345154130791e-01
8.076092800488982038e-01 6.314182795369649437e-01 8.938286308982710260e-01 6.775233848303583439e-01 8.197535697836428881e-01 7.442115265332412966e-01 6.220605279866661119e-01
7.977975229801298473e-01 5.592691208736302322e-01 6.888628195419559397e-01 6.908824442397770715e-01 9.848482867237180471e-01 6.815950977819488221e-01 9.034488111284307843e-01
1.103997727446119487e-01 9.094108530144255909e-01 1.431843133457305350e-01 1.812231087726414724e-01 1.301806594710797071e-01 3.101005917280462154e-01 2.311316294074482469e-01
6.344500981762147829e-01 4.431879582778918691e-01 4.807738650783974221e-01 4.295184554519945741e-01 4.672732469625771046e-01 7.737981061821769257e-01 7.736740524622568449e-01
2.239254169593856980e-01 7.620891624344074133e-02 1.422047709727613796e-01 1.355905621005118744e-01 2.110541430301964283e-01 1.091578756361225727e-01 8.403183880361791980e-02
7.698139897705360557e-01 8.635760358474005027e-01 7.818782786074742752e-01 8.965467927724166675e-01 9.333730665966868401e-01 9.349747308031824966e-01 9.224500028875960433e-01
7.183615036175117208e-01 9.161165733737153261e-01 9.257536861119100013e-01 7.013018120860795568e-01 9.919638810679316521e-01 9.318827482597176193e-01 9.586735059378725943e-01
9.683820238736370323e-01 7.331321964251674705e-01 6.120260116803080130e-01 9.745198460668654805e-01 6.932118309196084738e-01 6.414632028115904161e-01 7.370122033455559496e-01
3.996281846929870540e-01 3.062325955952919232e-01 2.757717273775329159e-01 4.155973307284241969e-01 4.077027479652315378e-01 4.081035231948257902e-01 6.516338174037599185e-01
1.090026541574567465e-01 2.479089167314884046e-01 1.091657313332391188e-01 1.114443114947844954e-01 7.808898878283798695e-02 5.423264447955876699e-01 1.898088456301333382e-01
6.487429416571931506e-01 9.097880049953931403e-01 6.681131379064474407e-01 9.768361134954182123e-01 6.697357702068984509e-01 5.724400757934928752e-01 5.939851205197949069e-01
5.479614789180131673e-01 5.267249154682620560e-01 5.170798611246940624e-01 6.393178077917777147e-01 5.768089620396494865e-01 3.733837007260518148e-01 5.657437093809696282e-01
8.393548397666320549e-01 6.225830558747554866e-01 7.818904542221495335e-01 5.871645855253946333e-01 8.538920942228287458e-01 9.523688910770046201e-01 9.651893845022605500e-01
2.708904729595558170e-01 1.825907931918797356e-01 1.715944707219483056e-01 1.941287457540388783e-01 1.162625525612384081e-01 2.363163922178353749e-01 1.320735045115999096e-01
5.915894522477379569e-01 2.122447922363288331e-01 2.461171587687372708e-01 7.829119501175497708e-01 8.226565711665898561e-01 2.130356857240356672e-01 3.088362395692251794e-01
9.158361984052754146e-01 8.556917828935651782e-01 6.853653549822025237e-01 9.474548476801558650e-01 6.591473747976124287e-01 5.639951309304824800e-01 6.592317557848520471e-01
9.050179539875362611e-01 7.397244190340521719e-01 8.933828951883489022e-01 7.363504896876267303e-01 8.924964810721576214e-01 9.453034316710823282e-01 8.113197836048274825e-01
3.637912563135436983e-01 4.574880500671100747e-01 4.929640414481917809e-01 3.935616959744707155e-01 3.727585524320602417e-01 4.544670844909615148e-01 3.170913297605342240e-01
6.090968006636502396e-01 7.720069340542964342e-01 5.710485413835021395e-01 7.552615048388177099e-01 4.344377741217613220e-01 6.972266993071327690e-01 4.844531327499420614e-01
2.221389695253889185e-01 3.852918332110150113e-01 1.998249066639163352e-01 3.588729451495020761e-01 2.368285094853490591e-01 3.287177901705335414e-01 5.247726538019312770e-01
6.589840257716840510e-02 7.134138529726097300e-02 8.440072885437933936e-02 4.427813980696674451e-02 4.229484079405665398e-02 6.494596548939540748e-02 4.456872231738084195e-02
4.905944644220094908e-01 5.299889909103102648e-01 6.288930305441164936e-01 9.071504992939254386e-01 8.822428109124302864e-01 3.626912926346938515e-01 3.956366548507812553e-01
2.354213013580213065e-01 1.088462564662892873e-01 1.686154194752116364e-01 1.115034785199856826e-01 1.892543220892548561e-01 3.668736071836654622e-01 2.277205596216823058e-01
2.518979897864400130e-01 4.250676409550258605e-01 7.519620326098769292e-01 3.719559976666746426e-01 3.538175369612872601e-01 3.020042074155444567e-01 1.956308716214970322e-01
6.398529801417575553e-03 1.464199558188347509e-02 1.311711911024672668e-02 1.636064426034087790e-02 5.243594734929502010e-02 6.126197369252152185e-03 8.485391581041282910e-03
2.114170670449737610e-01 2.593935823557166898e-01 3.360734648782718326e-01 2.550408075247104778e-01 2.655926079023629427e-01 1.780796473645579470e-01 1.685222180572094330e-01
5.967753395420682949e-01 6.586634884786853883e-01 5.763952590560890155e-01 7.150157387530189368e-01 6.798258183989673853e-01 6.265858113791097361e-01 8.639369903759132052e-01
7.230033861540944295e-01 6.195227681458577162e-01 6.527254725193430973e-01 5.660026749495289389e-01 6.120670121163129807e-01 8.808649311657937853e-01 8.744156322953978711e-01
7.279928837522466889e-01 3.079084508891615779e-01 2.716923974444921952e-01 3.586169081812782267e-01 2.512716711498796940e-01 4.992453663220229321e-01 3.508480347988426340e-01
8.937618413835466402e-01 5.774776304904900570e-01 7.439762042921646001e-01 4.668864208794098469e-01 5.264221692923456430e-01 9.134324225888381665e-01 7.377329754617472091e-01
1.918574096520355918e-02 1.827967045311330516e-02 1.378648123474461237e-02 1.635440037226615351e-02 1.317386049777269363e-02 6.951216941101791280e-02 2.673148817784858078e-02
8.473724587927911056e-01 8.854379800541366530e-01 6.018828757688889919e-01 9.075905640094686921e-01 5.993279302492737770e-01 8.828666009628185485e-01 9.737307104533492463e-01
2.662743702777796706e-01 2.918332878360447302e-01 3.370391326283170286e-01 3.396902897608798377e-01 3.536100941710174084e-01 2.434869009346340984e-01 2.174472995849090484e-01
3.810648388725836333e-01 7.531111214606178716e-01 3.642698563173085158e-01 4.350631688278078779e-01 2.910653580911457539e-01 9.867785737630354603e-01 7.118412499564492624e-01
3.374062539675187766e-01 3.219911506928895273e-01 2.131781188541999605e-01 5.979046247478716491e-01 3.971869468223303556e-01 2.595275669946906505e-01 9.785678889781732614e-01
3.819073281585838031e-01 4.768001293919511552e-01 2.070009758018088175e-01 6.296860474431261734e-01 2.685569378081709146e-01 2.841546235212529803e-01 6.502699102583092694e-01
2.033823162745553026e-01 1.668439133592314882e-01 1.984952528688260498e-01 2.331180004964077956e-01 4.118602885864675045e-01 1.678514608188952373e-01 6.343807955721416647e-01
3.583934978842786331e-03 1.450374288333079568e-02 3.878017819502403533e-03 4.702270405029555615e-03 2.976939314976334572e-03 8.021602828857461037e-03 9.456237239876248354e-03
4.515260424993893795e-01 4.428387770447699823e-01 5.763558452916562880e-01 4.069970764901018057e-01 8.042339442763477564e-01 6.362500797895813687e-01 8.184636985324332814e-01
9.104739479039325456e-02 2.536469940391993250e-01 8.091538556897340251e-02 1.593122396215388981e-01 8.435739018023014069e-02 1.427968847776024675e-01 5.290436598122205680e-01
9.169207863311583662e-01 9.309720911495599216e-01 8.826197490445215621e-01 9.833020816544176812e-01 9.974933096673339605e-01 9.745046346670881432e-01 9.876107545089179984e-01
5.776237688221976807e-01 4.645615922285888932e-01 5.766974881434042688e-01 6.791399125865100750e-01 9.382302032317966223e-01 4.860348367278956583e-01 5.443012811996085221e-01
9.649551578010528985e-01 6.629987858033790094e-01 7.751689801025064552e-01 7.941869194177777480e-01 9.334927473682910204e-01 8.622161809330162185e-01 9.517410558690133637e-01
2.293039734717297329e-01 1.557443037985836998e-01 4.136585663171901128e-01 1.262207552431759139e-01 2.411709201987832785e-01 3.114608440397262368e-01 2.251530367708286240e-01
9.242915093044379304e-01 6.714356400784194934e-01 7.812896395290077622e-01 6.948498851853582847e-01 7.134721719194203615e-01 8.893923776837959760e-01 6.952157222166471806e-01
1.015422380362345223e-01 4.058458951148057325e-01 5.395602197509126174e-01 1.596101436629805415e-01 1.475546862930059433e-01 1.603600728465423286e-01 9.539236915620075141e-02
6.297074214887302679e-01 4.387712145820980014e-01 6.644051018099766948e-01 3.897944812492372679e-01 4.436188933905214071e-01 9.981472073996744410e-01 4.246531897299676284e-01
1.526696032733828867e-01 3.605856454475676043e-01 3.716432258914296183e-01 2.058027460465638170e-01 2.935829898342490196e-01 1.958469520422363719e-01 3.900459901262539608e-01
8.135939939580205671e-01 5.287345823900119202e-01 6.060426471806191762e-01 7.238190892757518924e-01 8.016376404557377100e-01 6.010503579101270644e-01 6.354189578426705509e-01
4.573743777579116210e-01 7.043791777751841066e-01 7.041289228467128014e-01 7.389144357143249131e-01 3.752460235264152288e-01 4.014789687177398592e-01 2.999656627532765740e-01
9.657482878411437488e-01 8.700475230246702552e-01 8.521716991034016253e-01 8.736205055887732440e-01 7.535688702482730150e-01 8.693787581148023635e-01 7.496917848021558139e-01
3.926411437026368079e-01 1.377209065926795484e-01 3.228523594308534417e-01 1.764172556733599184e-01 4.265913271810859442e-01 2.004816414914027956e-01 1.759926217448984642e-01
7.843359287861099982e-02 1.403335311343315850e-01 1.025911059125695773e-01 7.202314055215895683e-02 7.625862071290612221e-02 3.284368625047560664e-01 2.233375808674956386e-01
3.730885190979332244e-01 7.196750593887776271e-01 5.202975341044817625e-01 7.297392918252959548e-01 5.918418769724667072e-01 2.944287919578846280e-01 3.792854047922945560e-01
2.745162394441919562e-01 4.403781766647281715e-01 2.613872445169246883e-01 1.596121799213765791e-01 1.197023268323391676e-01 5.119166862726132194e-01 2.012418655556821590e-01
5.641288799663762843e-02 8.664675086915005209e-02 2.183223697559151522e-01 5.552666227561020573e-02 1.005455297417938709e-01 8.814583149263149897e-02 5.012017678443709406e-02
4.665593184957906869e-01 3.574789738397797234e-01 3.319471963863884767e-01 4.507312602598544937e-01 2.973942712415009737e-01 2.786844539647763130e-01 2.227642680317470647e-01
5.451942943126042440e-01 5.516364713370008888e-01 6.267840525758340275e-01 5.068855241162929515e-01 6.725865264888852835e-01 6.343221318075753512e-01 9.417454103780544816e-01
6.372151991781628555e-02 7.813736494973239077e-02 1.251389266036476433e-01 6.241232007711246255e-02 7.272965693846344948e-02 7.002210130554165080e-02 5.596647012922275483e-02
4.668927883787673538e-01 6.636881428392215065e-01 4.969512153177079172e-01 3.680392072839583362e-01 2.763802530243992805e-01 6.358589676186855444e-01 3.717582070108068626e-01
4.380031934831988272e-01 4.574811472929598000e-01 5.653837389530791402e-01 5.001724804339331421e-01 5.589547560084611177e-01 4.174477486700564066e-01 3.734073333632981218e-01
6.498602686576109289e-01 7.600449730569808215e-01 8.432847561698443295e-01 6.165390529168232048e-01 8.338473816402256489e-01 8.270001205265407052e-01 8.449755401686550593e-01
7.537881237667295453e-01 4.921661115732489100e-01 4.708584508726058604e-01 8.683079601067947850e-01 9.323162161745131016e-01 5.956844169259829513e-01 8.728042539495889374e-01
5.251216499323547726e-01 4.612473501408217991e-01 9.288984118970879944e-01 4.071205767388909047e-01 6.616314365528523922e-01 6.192326511931103283e-01 3.900740354250342712e-01
4.418739542230651351e-01 3.894881920705427492e-01 2.959849341222190455e-01 6.762968569030587407e-01 3.504122665617614985e-01 3.891642128244618970e-01 3.742952971852494537e-01
5.157506312353734579e-01 5.518433022195493587e-01 4.059573446062864632e-01 8.797192432495299919e-01 6.839968394488096237e-01 4.009769958335159257e-01 8.289633192022647368e-01
7.814729658014264446e-01 9.501525001367024936e-01 8.664874084951530442e-01 8.069291531249619398e-01 8.725595029536634684e-01 8.993493761320091595e-01 9.084705505659702585e-01
4.117669162383252868e-01 2.960431036206139788e-01 3.304278047289685993e-01 2.759861080887572315e-01 2.375150762964040041e-01 4.590901107559019478e-01 2.526461978705920597e-01
9.020225708318626578e-01 8.039266112687770693e-01 9.760705302185054277e-01 8.936717905297187903e-01 8.461318630725145340e-01 7.707116063292654973e-01 6.699961132971073985e-01
6.495985118426645943e-01 3.130917849713477641e-01 3.565138033488515212e-01 6.028148538086802732e-01 5.922804505098611116e-01 3.591893825411653918e-01 5.511574233467286810e-01
5.767925043448178801e-01 9.052391069730336692e-01 7.430458196661489101e-01 7.565200791677167969e-01 6.731417214032262564e-01 7.060627067030685877e-01 6.820601436730207023e-01
2.555356574196417929e-01 1.455787969423568973e-01 4.000720050492029278e-01 1.833318744852366622e-01 4.646468192804604769e-01 1.655516444239688301e-01 1.414172692286996824e-01
5.133004056887908728e-01 1.730472792847301822e-01 2.112702964116935367e-01 3.353008939137011035e-01 9.586469954811036587e-01 2.969401897100327758e-01 7.894206077923600073e-01
8.636514875752278331e-02 2.388447884358047835e-01 1.404361690041296407e-01 1.435232925118704317e-01 5.109033803455531597e-02 1.428421708429536419e-01 5.439447814742975201e-02
9.705382399774789004e-01 6.704256535275890938e-01 8.957735711744093665e-01 7.436540134930936796e-01 9.824753380380570889e-01 8.525984734667909626e-01 9.721560049471419385e-01
7.464401938912553769e-01 7.330400279553048737e-01 6.796534168575566470e-01 6.981755121411972187e-01 5.592125717084854841e-01 7.029467283931402077e-01 6.667029471229360960e-01
5.664767028990149722e-01 4.330611052532733485e-01 4.900028857686537509e-01 6.530962081125690766e-01 7.101686291862279177e-01 4.395902010914458646e-01 5.202045017376237812e-01
5.557208548076646437e-01 4.493097006873352783e-01 6.798477402484561782e-01 4.191432776133184324e-01 4.808418375905603170e-01 4.098749450004250394e-01 3.367282517720711077e-01
1.931656343866991477e-01 4.216652638018077992e-01 8.339723774390691569e-01 2.051996210292588163e-01 5.822109614964574575e-01 2.783769067823352872e-01 4.382431841254958438e-01
7.307724183691947095e-01 3.904225896784560002e-01 8.291475830013427251e-01 3.769265111646816213e-01 6.501997774466872215e-01 7.170505241030439292e-01 4.458189399660787422e-01
4.009521514153144284e-01 7.950251614754343388e-01 8.746271521440373009e-01 4.302162593509075150e-01 5.041159116663038731e-01 6.482795876772134980e-01 4.393156190303659225e-01
4.480539900699753164e-01 6.046677594654427113e-01 6.963820804339604376e-01 6.154790645061963827e-01 8.219523585867136717e-01 4.739898952284968825e-01 5.150077205270838787e-01
8.487590246426784946e-01 8.817327172720234030e-01 8.577653912997555974e-01 7.402721541953273254e-01 8.425631588324904442e-01 8.590042180902013325e-01 8.854126997514673025e-01
3.882506774965395202e-01 4.908706207100268504e-01 5.000103710337912011e-01 5.797006550121653889e-01 6.898447296116501093e-01 4.250962606201570959e-01 4.344597322725381461e-01
9.215650879431396270e-01 8.546381283594961520e-01 9.737786969887508581e-01 7.304561086714149720e-01 8.079091452527791262e-01 9.003816792247726353e-01 7.787676525209616951e-01
2.497717196056484790e-01 3.343211729937288212e-01 1.801552365832715663e-01 7.788226720720317076e-01 3.139774554874747992e-01 2.509251451053702842e-01 7.695561834657120848e-01
4.788114351936896274e-01 9.641834127141041266e-01 4.981905335642956012e-01 6.876953905416536283e-01 5.170688787475228310e-01 9.413716992526864891e-01 8.716085446586775420e-01
7.356463693619307298e-01 5.151296853945253051e-01 6.376762081263915860e-01 5.638364046305860411e-01 9.542127619497478008e-01 7.766865878292315006e-01 9.283620288495652018e-01
9.577321809772871841e-01 9.908195685835531341e-01 7.332836085529695902e-01 8.252300321417295192e-01 6.164249468129128218e-01 9.779769014433201679e-01 9.780164144756110511e-01
7.020450334761882960e-01 5.336523529202440441e-01 5.548469140400764665e-01 5.860520810860403440e-01 6.933421706780791283e-01 7.245291867560283983e-01 8.656880105989125385e-01
9.164549354079410959e-01 5.987794677801372423e-01 6.259936249037502121e-01 8.942816805103600553e-01 8.704758703242987394e-01 5.972330528898068813e-01 7.710485723523509138e-01
2.178062686817031635e-01 5.116305131437572928e-01 4.670145297628576775e-01 2.321807777973105558e-01 2.486075304914265871e-01 4.583665533242122225e-01 2.412436951406950469e-01
3.639168887222572479e-01 3.110689101820088287e-01 5.895261827579544311e-01 2.356993596682030179e-01 5.875211802776902914e-01 9.083697183365671002e-01 5.419685885161126260e-01
5.597184518924401830e-01 4.316929939085353274e-01 5.804083570396023628e-01 5.257921607552268339e-01 7.932219945359975100e-01 4.206769031859420860e-01 6.321873205351290492e-01
8.461435681714969403e-01 2.614045195226151197e-01 5.255785141189267540e-01 4.040512972633573674e-01 6.466143394354730844e-01 4.496259871527633067e-01 3.134853975443249174e-01
9.488648093644534987e-01 9.974078667716231861e-01 8.602058668325288648e-01 9.998185222997871824e-01 8.624026565812528133e-01 9.989813477333872038e-01 9.834212632409012889e-01
8.151991208471073280e-01 9.567337895463378095e-01 8.776062648033697844e-01 8.885311851994444066e-01 6.862007083836942911e-01 8.539972938827782301e-01 6.663880558882835370e-01
1.985615016725819637e-01 3.698903386351297118e-01 4.033002524776692632e-01 1.566364171654203996e-01 1.825043971184641123e-01 4.612832817619000325e-01 3.090122688529771677e-01
6.879907540286328560e-01 4.771923105936606291e-01 4.515463714869676348e-01 7.985402484879798868e-01 6.225874230731278658e-01 5.025031167965184897e-01 5.611465792960563803e-01
5.374700589420240426e-01 2.452112889118985839e-01 4.279725295155835663e-01 3.261868371584621396e-01 6.216730284504592419e-01 3.779839508472681020e-01 3.436006914812120283e-01
8.772762294011584583e-01 4.738161929449467569e-01 6.182118880880349554e-01 8.452269813514493579e-01 8.918377589434385300e-01 4.645488815056122989e-01 5.223979489390034869e-01
6.906808044554115789e-01 3.639790437304538107e-01 4.696478725593415948e-01 4.228037147902888315e-01 5.994031939189881086e-01 5.802193765655315749e-01 7.207269985825340841e-01
3.923657039074918695e-01 1.794788831959152897e-01 2.510622850949100759e-01 1.692740386938431651e-01 2.288407154846936464e-01 2.928705806902254238e-01 2.803060868209312773e-01
8.901428650947013077e-01 7.877827703037663110e-01 6.715470695030021364e-01 7.463262469807714350e-01 5.398782670963555574e-01 8.938542603872823289e-01 6.261676062571777113e-01
4.615707172896786337e-01 2.215622998231446539e-01 5.473600918253520575e-01 2.833986104070758127e-01 6.253149940166622400e-01 2.584985357165185405e-01 2.217098069433160179e-01
1.727502123517364249e-02 3.926513348193599179e-02 8.004804030380770208e-02 1.414711005330424563e-02 1.604734244756400585e-02 5.836127957977741559e-02 1.565526290179798316e-02
8.826761325563234895e-01 5.304604047785376197e-01 7.090865369592789236e-01 6.148034051363675534e-01 8.420551903545856476e-01 6.688565813970244189e-01 7.200588392257312176e-01
2.124790821191034351e-01 2.167663918069600293e-01 4.081426418065690065e-01 1.200289160280921391e-01 1.498178998008370399e-01 4.023207949655583926e-01 1.384819187225517223e-01
8.933560799165723987e-01 6.928697045942304733e-01 7.255091504785213807e-01 5.986840170071413558e-01 5.877054708544164896e-01 8.754422920414673959e-01 6.614986982375814506e-01
8.771599124325790697e-01 7.241746459320903551e-01 9.073169330001872313e-01 8.101729828296519997e-01 9.241853854618966579e-01 7.416322270464604793e-01 7.739173046228180475e-01
4.570252099068905505e-02 1.459910427373330433e-01 1.227379158476092635e-01 9.476012005995546050e-02 1.058988764416426420e-01 5.196581650958385923e-02 7.361274138311411919e-02
7.265479874510076819e-01 6.991230936201991986e-01 8.046969221136257566e-01 4.268353554858736465e-01 4.944721043575555086e-01 8.996172954679547695e-01 7.696406473151991001e-01
8.521424589546997552e-01 4.968456883494891674e-01 6.309771562590986704e-01 5.579018215217407262e-01 6.735016668681055307e-01 7.054777168097675633e-01 9.731751634958981656e-01
4.789428727023291310e-02 7.228755309836591182e-03 6.974505009123600947e-03 8.322500770613769014e-03 7.570933550596237183e-03 1.589760233462408912e-02 1.421136025340519020e-02
3.078376707722688677e-01 6.186927667677913911e-01 3.584208397612584363e-01 9.925250071351953141e-01 8.226032203529030085e-01 2.408071418717847578e-01 4.581635082585445162e-01
2.325911265770280734e-01 3.773536581919525457e-01 3.339277553071917093e-01 3.177568059909854914e-01 3.752248911187052727e-01 2.553166066085120756e-01 2.941461884508063673e-01
2.277460455510970858e-02 1.069743552346748283e-01 6.513424966688263762e-02 2.712508079413851469e-02 3.266686038114130497e-02 6.040587665240183812e-02 3.978086974521771735e-02
5.073110971343818276e-01 6.537420089837110426e-01 4.099814852775143237e-01 9.738097582170134325e-01 5.657002702355384827e-01 5.707488807617054904e-01 7.069878711749785216e-01
1.891955989982661455e-03 1.138314659793595923e-03 4.012135054592106884e-03 6.436669361476018069e-04 6.616129539906978607e-04 4.725590806619933172e-03 6.090537266761212112e-04
8.983407813139719644e-02 1.153318171200329451e-01 1.470172106285382585e-01 2.361655956814062152e-01 2.911399526055902243e-01 4.908167083367062644e-02 7.546045996148584289e-02
1.381785586183065517e-01 2.683457211049963265e-01 4.374253389539834447e-01 2.396111507812019870e-01 2.186654291581362486e-01 1.492398490582201309e-01 1.167757105483172853e-01
7.394361587577849559e-02 5.979805981044625240e-02 3.002797036170155864e-02 9.550013778879315463e-02 3.642055206000804901e-02 5.199999567736132700e-02 8.575925267911842231e-02
6.239217769150887660e-01 3.605673333450765683e-01 2.675161906422610092e-01 9.892431709940443518e-01 3.699163424316793680e-01 3.524210571233381550e-01 4.036096948631071601e-01
8.594333481438485300e-01 7.201363808468981276e-01 8.065064824925127773e-01 6.847885110044238388e-01 9.257950400933623314e-01 9.696716747004279213e-01 9.269432700923359025e-01
5.400319782799183344e-01 7.937488720898094874e-01 6.400229037977712698e-01 8.500554745059731854e-01 8.579456557054072618e-01 4.880106015006098752e-01 5.912551506508966215e-01
8.676632989005239605e-01 4.106032369716957064e-01 7.893100016384398954e-01 7.219427435029466267e-01 9.631450003944337368e-01 3.952852153448492833e-01 3.699207311707009560e-01
4.784933193486312075e-01 8.550069735310951158e-01 9.615865801536287449e-01 5.716266762891748510e-01 5.125454820226877928e-01 5.962905662575453958e-01 4.548377931631940041e-01
2.069770970118878228e-01 5.510879058975366729e-02 4.611279921040352392e-02 5.872015928812704955e-01 1.063488353975117207e-01 8.044504451373460374e-02 1.579584295848557862e-01
7.201654098380732005e-01 3.529585248066551828e-01 1.804748822767976713e-01 5.939517132904393870e-01 2.395391250029206276e-01 3.216173463666412435e-01 8.298913053558116815e-01
7.818204530520869167e-01 7.620176000742170386e-01 7.411210916507969815e-01 7.449100091876941221e-01 8.580175775568932295e-01 9.400329887137358620e-01 9.738387247211476305e-01
6.814472150485494373e-01 6.233720310796193598e-01 4.449121648795046347e-01 8.820734170993543843e-01 5.990885540377348661e-01 8.182224001176841011e-01 9.496650181367015664e-01
6.310248719795488181e-01 7.936135865182688542e-01 7.067519884786953588e-01 7.406686126538943871e-01 6.432468250859528780e-01 7.895040728172866284e-01 6.229108019546865105e-01
6.038472850427122757e-02 2.791398557261154031e-02 7.135821789967684847e-02 3.249662713407826253e-02 3.410087118390947580e-01 3.478419633567387398e-02 2.410345154190764172e-01
6.250576244712890972e-01 5.590786546063319928e-01 6.225410999021094849e-01 6.109818393656516466e-01 9.870313871651887894e-01 7.502496168862734516e-01 9.569411961992710935e-01
3.662246191345264190e-01 1.256538034144837335e-01 1.720280316625307226e-01 1.579931025688033064e-01 2.496429446619004011e-01 3.234515030056528961e-01 4.404491400138783042e-01
3.900422502638471456e-01 1.665728901317056754e-01 2.768433182122732594e-01 1.431526961041232615e-01 1.789576655719429255e-01 1.867995951048923020e-01 1.716525039757886839e-01
4.044948517664849752e-01 7.754970688505272713e-01 7.854765068260678440e-01 3.728987764652070824e-01 5.459128229413181543e-01 8.203804512706536212e-01 9.522331056204789146e-01
6.212380132273745970e-01 7.316203041084827774e-01 7.105612062161044129e-01 7.132319915136682287e-01 8.713584861252456903e-01 6.900050027645141526e-01 8.192146767563279752e-01
6.221183939257451945e-01 4.718958617495443431e-01 8.799636573661593353e-01 4.096874073544618522e-01 7.174265237990766764e-01 6.595742354932484508e-01 7.383900297689437453e-01
4.270861376269275977e-01 2.508485423959055383e-01 5.191012500547927955e-01 4.082203091211369927e-01 2.937256416771560907e-01 2.244097786852008725e-01 1.649355614291278527e-01
2.926740218615493383e-01 2.355175407023369846e-02 5.506781433329689668e-02 2.738265355931014319e-02 7.714707846753299236e-02 1.795312744248683257e-01 4.378928787257035937e-02
9.273122703508585030e-01 7.322373182513833845e-01 7.985763258207476678e-01 9.936615864314823909e-01 9.807150205597281456e-01 7.522736388855071343e-01 8.482483387008137310e-01
2.823014101194410430e-01 1.641868174025287452e-01 1.674394344789185418e-01 5.758849366547089677e-01 4.423703760839998722e-01 1.082509920523585523e-01 2.591211005776414278e-01
9.745748351011688237e-01 3.923791616867026155e-01 5.314591043875105392e-01 7.752554267948708056e-01 5.009443466551601887e-01 3.828167858342073071e-01 3.218643659796355250e-01
5.811848234957892601e-01 9.126727400820663361e-01 9.342070104590886048e-01 7.037411196506190292e-01 8.847331611905246973e-01 6.485095130641310712e-01 7.203731901779879543e-01
7.408103003616639537e-01 5.414466207684702770e-01 5.690876124154989890e-01 4.081997025340508567e-01 3.440104178152978420e-01 7.662834172462208437e-01 3.876931020503871506e-01
2.921485302100361170e-01 5.492059434245959437e-01 5.058973683666785348e-01 4.803524978528507239e-01 5.030841303523629904e-01 2.642241685358384662e-01 2.836619740135248868e-01
1.262476453017702394e-01 3.663788541129204268e-01 1.297229788527280991e-01 2.484134979865669501e-01 1.607577267568558455e-01 1.892130512334977421e-01 7.557446682621450362e-01
9.632656181330186973e-01 6.550062549240852627e-01 7.033027404045240072e-01 8.724393006166376585e-01 9.480274370871484280e-01 6.689076416241386269e-01 8.315020261100199983e-01
3.077969841401153039e-01 2.246177096662503869e-01 4.634866653514244650e-01 1.900660377820383717e-01 2.888061299454420805e-01 4.093567696923184340e-01 2.035472992224721389e-01
1.283306799353385041e-01 8.294577435728352210e-02 9.782541987159468211e-02 1.053105960480289205e-01 1.170100322924554348e-01 8.402391017641666626e-02 8.768221282153251805e-02
8.732323262669718922e-01 5.030722102646942862e-01 7.637582452107695152e-01 6.948729345485603615e-01 5.740263089537620544e-01 5.239123497803740426e-01 3.884863263939376532e-01
9.340440420269461308e-01 7.188921003266490750e-01 8.287733048396829227e-01 7.043879895913173206e-01 8.605661140754818916e-01 9.116833851104283459e-01 9.013225162416638181e-01
8.672152971487945283e-01 6.715683794782822957e-01 6.240008013400614173e-01 6.211685834186203570e-01 6.099262339994311333e-01 7.320385374128398626e-01 9.859840984054977220e-01
2.597831981254390410e-01 3.391988912272401180e-01 3.752756151073265434e-01 2.478671320984383863e-01 2.991136396303772926e-01 3.916438459761035218e-01 3.049567310705637579e-01
5.124869772803999357e-01 1.336790316062877459e-01 3.016854933823222562e-01 2.700917397791341990e-01 5.951248847413808107e-01 1.562565061264765409e-01 1.466781368893700643e-01
8.751796171630841226e-01 6.171785690787646717e-01 5.950973035253732668e-01 4.559332139665574490e-01 4.886385239660739899e-01 8.507316298108598129e-01 9.104012178697058477e-01
3.739725457417210630e-01 2.888946537915451640e-01 4.703768667471620590e-01 2.979111226274298585e-01 5.219755261205136776e-01 3.632018940644137772e-01 4.204797957362911842e-01
4.171828871130713878e-01 8.692660967066312416e-01 6.830290961401594974e-01 6.311978103914303029e-01 5.053138034418225288e-01 4.603494923649693593e-01 7.255979338853268956e-01
9.126834692045381059e-02 4.461843427109321025e-01 1.089405952466339922e-01 6.798590271972482224e-02 3.834875370375812054e-02 2.884067339677317543e-01 5.095138251003326207e-02
7.230003745433849494e-01 3.130942666398370822e-01 4.137927644135417915e-01 3.290356316945811654e-01 4.951680551748722792e-01 5.069182315427985808e-01 9.555241977106719853e-01
2.913265166693443375e-01 4.248491419333948471e-01 3.183334519695635856e-01 2.323238118280664122e-01 2.140795073937624693e-01 9.264298480516690582e-01 5.411247130799841099e-01
9.055566601982516506e-01 6.580123298479833016e-01 8.829477747504319574e-01 7.152006501715176823e-01 8.738149185664951801e-01 7.793294515219225671e-01 7.391110928034865246e-01
7.982680222834006578e-01 4.851037091377558008e-01 5.670905427783665687e-01 9.811406826001521919e-01 6.773192002438008785e-01 2.874898454737417897e-01 3.397141994750254024e-01
1.638034380877796403e-01 1.482110089989426005e-01 1.297525389122090866e-01 2.532637348367383079e-01 2.519031148403882980e-01 1.149254559804708115e-01 1.797166828376260406e-01
4.619430926898142609e-01 4.820166226412165300e-01 4.087988945217325698e-01 4.236437216120705340e-01 3.437727566342800856e-01 4.266557102558869441e-01 3.787401684164293791e-01
2.200551582802939554e-01 3.233006605957834956e-01 2.048905725682609036e-01 2.762871360988108926e-01 2.468224025797098875e-01 5.317754092734691129e-01 6.322692565420769961e-01
7.479529677501076668e-01 4.410495011336122428e-01 5.408873633544645232e-01 5.078542584070749877e-01 7.000604530330747366e-01 7.772279338917247316e-01 7.974099062088908507e-01
4.483506317756610904e-01 6.181373830185757923e-01 3.303183263698128980e-01 5.510746954523776386e-01 2.939651545602828264e-01 4.282247121158833658e-01 4.050842851021915214e-01
4.639474075359784067e-01 6.718714225558626296e-01 2.793872938352099933e-01 8.830827134977550230e-01 2.798116761259734631e-01 6.049366293817938223e-01 5.748694035291016524e-01
1.314097128557537020e-01 1.465856325945223693e-01 7.554828993049184094e-02 6.505912949685588309e-02 4.745718371123075485e-02 8.252847670355727416e-01 2.066549698375748645e-01
8.074927611255763304e-01 7.900113179706980127e-01 5.411525218902487611e-01 9.885070045993543664e-01 6.614709349814802408e-01 6.936705823664820469e-01 8.558344121389260817e-01
5.866905595229301440e-01 7.429362125424241459e-01 6.512128881051252316e-01 8.972925415678543182e-01 8.203386089298874140e-01 4.952978519106502331e-01 6.696837984863599491e-01
9.179920813503410493e-01 5.077171764063378445e-01 5.483201073377280688e-01 9.001837465617318346e-01 9.005354219116270542e-01 5.231029664497911513e-01 7.847274378799969918e-01
2.183837773904002272e-02 3.301137839512680028e-02 3.048282167703742981e-02 4.354610898173696953e-02 4.923875769600272179e-02 1.893677510688845586e-02 2.242791910473341740e-02
5.336737153963574398e-01 3.040571270193792586e-01 3.054678100181481559e-01 4.927628827739337636e-01 5.339508089236915112e-01 4.004998875969243977e-01 8.625025105350254684e-01
6.083131970577985159e-01 2.629548021452611795e-01 5.687306902080393467e-01 2.505148300228607905e-01 4.384435769170522690e-01 5.600684576557878325e-01 3.620941539128377240e-01
4.360060713820757550e-01 2.691074116220457113e-01 2.594159507484420923e-01 8.937181761971130234e-01 8.481652578338980675e-01 2.264637667097017804e-01 4.991833127556470351e-01
3.404195831945135420e-01 5.576837050449776623e-01 3.278409352825110146e-01 4.498652861018829774e-01 3.339345508720725775e-01 5.224435695305285066e-01 6.286223159001744776e-01
3.309169985224275634e-01 3.730699990755322326e-01 2.835832527996228758e-01 7.307270196388836458e-01 4.836556504014879465e-01 2.196974592581859564e-01 5.671991945348819897e-01
9.136086397994498398e-01 9.653689986652297383e-01 9.198829431411347235e-01 9.816767088251616702e-01 9.873303303029388189e-01 8.866428543473909851e-01 9.461581093210279514e-01
5.735390340557510180e-01 6.175829600431035349e-01 8.665300792755722403e-01 5.820712837438409837e-01 8.266513035632669926e-01 5.337360754627666903e-01 6.608266413037447995e-01
8.094728753874651517e-01 9.332782554357826887e-01 9.475379790694086202e-01 8.879455527942190507e-01 8.101267160382121801e-01 7.109818337724153059e-01 9.284900973701670779e-01
6.421297587700246501e-01 7.831316453935027733e-01 6.891922647493547993e-01 7.050212703387583879e-01 4.066677016671746969e-01 7.186640130681443139e-01 3.861618875647042093e-01
6.520276674161502584e-01 5.553255923469885280e-01 9.567723048022612753e-01 5.555465974787796579e-01 9.131492357701063156e-01 6.875478326976076637e-01 5.378691627689643484e-01
4.680638079001689378e-02 4.260243942286178753e-01 1.886836793767664167e-01 6.292297173330747839e-02 5.130481743253767490e-02 9.393833979925574063e-02 4.535263286047104547e-02
5.621640880923673977e-01 9.418181577983830710e-01 9.517114563773234615e-01 9.295430827830377662e-01 9.938264577649533749e-01 5.377697034861296244e-01 6.214659494875477419e-01
2.593481993699071619e-01 4.433184489896697111e-01 2.179837595524449223e-01 1.766061824758125010e-01 1.088193247560411692e-01 4.764035523847388043e-01 1.777731390630718500e-01
3.859653450226891991e-01 3.136005966627374852e-01 7.965240328176740325e-01 2.101487488769299972e-01 3.243414447642862797e-01 4.707105652877621171e-01 2.693984334633637290e-01
1.651935277262717439e-01 4.880259032245755635e-01 5.073730701800817089e-01 1.787237942851284955e-01 1.791030811145901680e-01 4.097848252040164341e-01 1.675875184851987054e-01
5.831906258063971338e-01 4.132031264981094743e-01 8.057527764779810475e-01 3.859626629226334815e-01 4.889953199308365583e-01 4.873502118535449901e-01 3.186629258912332952e-01
3.198172049112258941e-01 3.241434454222880679e-01 2.050690563039115899e-01 6.731085413632416081e-01 2.199076055549085140e-01 2.483363622346125565e-01 2.254463715746234109e-01
7.579786061932558550e-01 2.426758397742886930e-01 4.651765387413745456e-01 2.449512531530648185e-01 5.474426685832440853e-01 8.832784344329622783e-01 5.643892483730480469e-01
5.902710150990185811e-01 8.302752985755011972e-01 9.321918830759817753e-01 6.341934601717180708e-01 7.938395079690963030e-01 7.654808746469228264e-01 6.406107242669460966e-01
4.713818833186125268e-01 5.048156005990555029e-01 6.035086191418937984e-01 4.898749212875410097e-01 7.023794481065124273e-01 4.517689851236322274e-01 6.614996545502965786e-01
4.895248445514619462e-01 5.901077083583784466e-01 8.876624837233849652e-01 3.704774904340623065e-01 4.085216394159942865e-01 7.419683310990107250e-01 4.735016462344187604e-01
4.233380797191820255e-01 2.409685112981435062e-01 3.597644258282378660e-01 2.366945848696127008e-01 3.533003944903612137e-01 3.949187410319406344e-01 4.057234371504881976e-01
6.582557725376658730e-01 7.726087563753953891e-01 9.975099793410356908e-01 8.033500519066458789e-01 9.193729378748685122e-01 6.024382016222680214e-01 5.765086985713138157e-01
7.244048580213208188e-02 5.431929622431327376e-01 1.317803481509063346e-01 8.369692834567103723e-02 7.054744777269661427e-02 5.415361209061894110e-01 1.863344951194045029e-01
3.210502032581936116e-01 4.739799487513886023e-01 2.679744602177781543e-01 4.759857989111817567e-01 2.517923628911375999e-01 4.788738481685785309e-01 3.578625887005347783e-01
9.007767484746631581e-01 4.319292758358120321e-01 6.478973720902715394e-01 5.657606794528508010e-01 6.888057019095867872e-01 6.210478199336253446e-01 5.180046715128741042e-01
8.246698289400118398e-01 5.308928112291148027e-01 9.190579561425593624e-01 5.538718763673350365e-01 8.788505825214087963e-01 6.561828709174956087e-01 6.440140371319030832e-01
1.160842164029687457e-01 1.469092563879392244e-01 8.636839028038165167e-02 2.475063071869673670e-01 1.220496799796819687e-01 1.171324837586689011e-01 1.586232262016258332e-01
2.367272136584579467e-01 5.833235309046410633e-01 3.237295884533730739e-01 3.170566470375845158e-01 2.672849616501480341e-01 4.028628962620737775e-01 3.217287997665169708e-01
2.627845150962863086e-01 1.800427540438673812e-01 4.566346246407477216e-01 1.822174996395140023e-01 1.865046520251780748e-01 2.933295305137626485e-01 1.199686281939579269e-01
3.030366892863863293e-01 5.461007705037480564e-01 4.258537066578776953e-01 3.159299046648063047e-01 2.981530970428138971e-01 6.061454960901969669e-01 4.796526832587411082e-01
5.471777221891498399e-01 6.684593060540323650e-01 5.346038258496431661e-01 9.780202859606379473e-01 7.933957155328243971e-01 4.895476923459051166e-01 5.979763292787535489e-01
7.568970598392179561e-01 4.905417563239641843e-01 8.148671826568257837e-01 6.145963815706847466e-01 9.330884553492069244e-01 6.284481019222036835e-01 5.280558587961445838e-01
4.756276603833249350e-01 6.815849052875678771e-01 4.742437422976549799e-01 6.344007220322324114e-01 6.746588707901537418e-01 6.443443511818517377e-01 9.023593970268861675e-01
4.466888498043853906e-01 8.731065025126991674e-01 8.205476565875378103e-01 4.793461457130372416e-01 6.865449936594814062e-01 7.220595724467940846e-01 8.440785589378266840e-01
6.943358200820444193e-01 4.274050437186512896e-01 9.031083432910023134e-01 3.814854575038288398e-01 6.515697042923420668e-01 7.623973269501593819e-01 4.561168079962721333e-01
7.874428685096511726e-01 9.889932381325438060e-01 8.177238356464775482e-01 9.200437035861295243e-01 9.037990507204085588e-01 9.844066599321874556e-01 9.669432597194526080e-01
8.269025957138452787e-01 9.550150692937298125e-01 8.698219174919312735e-01 8.190875813579023834e-01 8.224539882503449917e-01 8.872163782681579125e-01 9.568125896037850131e-01
6.181393344762573516e-01 4.272152534818107195e-01 6.243865701670834323e-01 4.134167427285372343e-01 5.443743900395929813e-01 6.119821162942647996e-01 4.630163360052231836e-01
9.119371724413788405e-01 4.011141602694902608e-01 5.638943062228698455e-01 5.642815734399005967e-01 7.764583439566195011e-01 6.105935102309191231e-01 5.905830563020998403e-01
7.818427975657592510e-01 4.815686805210901422e-01 7.253979882274127489e-01 4.585076684240691480e-01 6.656329347752034664e-01 9.553610573795128236e-01 6.409372821648792184e-01
3.677965201137128326e-01 2.734167618535065514e-01 1.865620149398453942e-01 5.640501377961021356e-01 3.240675458218902349e-01 2.193813911750325252e-01 5.674015423844723793e-01
3.544737203701398554e-01 3.005481205584729643e-01 4.681875418538284372e-01 2.844065714993719851e-01 6.032703677192330360e-01 4.728050608187662207e-01 5.035546784417779254e-01
2.498634027772684563e-01 3.121734030943303928e-01 3.165489310462042960e-01 3.632194684745037594e-01 8.540706289932131767e-01 2.501724812557747368e-01 9.906819145599804477e-01
7.863371304134443573e-02 3.398435034198020732e-01 5.134354881011921751e-02 5.419670413050082791e-01 6.161518394947052002e-02 1.180493502053286958e-01 5.812276357855368225e-01
2.341299670709163783e-01 3.958538434935491845e-01 6.509657571005963428e-01 2.819757899942744173e-01 3.187466766685247421e-01 1.850863213712877764e-01 1.752070349215680001e-01
7.846909848809596744e-01 8.087824225631650155e-01 9.025023252997805834e-01 9.268774356472044840e-01 8.685733063612133265e-01 7.090743666544238044e-01 6.559475096364578706e-01
5.975734060292756666e-01 4.525177201941985028e-01 4.518853257082209862e-01 3.272248459525466391e-01 2.434251927770674229e-01 6.837783877737059202e-01 2.718007467062366622e-01
8.459869026218337362e-01 1.208601700502612980e-01 1.703223614902726335e-01 2.976681503262171846e-01 6.869957363232970238e-01 2.201198057310518041e-01 3.761396783505991381e-01
3.425156971672864148e-01 6.253950438628630426e-01 6.729176398132956649e-01 3.201756526319642360e-01 3.198906863108277321e-01 6.247342530383793724e-01 3.919059953031053256e-01
1.187772680810846417e-03 1.411026987177811838e-02 2.751067324077394963e-03 1.436765794237892255e-03 1.301174750551581383e-03 1.427270284891441095e-02 1.778779433802424835e-03
5.811677266541762643e-01 2.567810446033286786e-01 3.619060621567195546e-01 3.242719553232171759e-01 5.131055959500372410e-01 4.674259735279995831e-01 4.640459890932906450e-01
8.447948657783977966e-01 6.608663610974887526e-01 7.455921336177345760e-01 6.730255237871448637e-01 7.274468413088470697e-01 6.979254823719287515e-01 8.260261538621067601e-01
6.997560745996687093e-01 5.186539222155680529e-01 9.657295926807218933e-01 5.773044821085545619e-01 8.323956248350441456e-01 5.352002335013917866e-01 4.623408197044243662e-01
7.385521230593983244e-01 3.223525212556923036e-01 3.127000732638944847e-01 6.652410602641961601e-01 6.254175030626356602e-01 3.845300095657457895e-01 6.383282146751129149e-01
1.738247688136435598e-01 2.968928212042828418e-01 1.932648960781661041e-01 1.491469133408604708e-01 1.313860416412353516e-01 6.771856334921514398e-01 2.832767952791777621e-01
5.363468974811659296e-01 4.188042337385401992e-01 6.303270492304429151e-01 6.191948294044087309e-01 5.579977536108344793e-01 2.961217286475927302e-01 3.235011207500127495e-01
2.593989541263656551e-01 1.156548930406522124e-01 1.437857202373499788e-01 1.808417207630333423e-01 4.128181140404194593e-01 2.187828475110788207e-01 6.508125909823408994e-01
1.147025662820200520e-01 2.849221410876404126e-01 1.945748388566336529e-01 1.255423342791339714e-01 1.382221288513392210e-01 3.390444774199026234e-01 2.186203700754979773e-01
8.553470121445002627e-01 8.434150092404807397e-01 7.604962771183109149e-01 8.759830217959674314e-01 8.334952988661825657e-01 8.088392208326204980e-01 9.262077947588884808e-01
5.053963034441781854e-01 5.402788356217369525e-01 7.445145686874521385e-01 6.191992335767427802e-01 8.915400265250355005e-01 4.517979852723468248e-01 4.834446845056287190e-01
4.927076516355037294e-01 2.009594203603971840e-01 3.610642291329755338e-01 2.903562084023195711e-01 3.575370297767221928e-01 2.877334947935793474e-01 2.016460783277170543e-01
3.756584433326254913e-01 5.348868879432853163e-01 2.950595259430477957e-01 9.139584908569512445e-01 3.402438776101917028e-01 3.137374543982675568e-01 3.625744341145002991e-01
8.762831814271710984e-01 3.616398944823711048e-01 3.473728550574844420e-01 6.095938936930209717e-01 6.096138549037277699e-01 5.066905469861980871e-01 9.492047084156055581e-01
4.144819573175143046e-01 7.781526005135185331e-01 5.106648412066095988e-01 5.076613800404908838e-01 3.410304158460348845e-01 4.543973993133059164e-01 3.419713162665626860e-01
4.978518455574288404e-01 8.601173320931956301e-01 5.495789342074905992e-01 9.440914087793563780e-01 5.650451777037233114e-01 5.636765645640419153e-01 5.398775895304680494e-01
6.883064420823382656e-01 8.679533164908403986e-01 8.057955103097330651e-01 8.247751333965746001e-01 8.967833768110722303e-01 4.136304947841017432e-01 5.569787086060339343e-01
1.772658042411307255e-01 7.384495734901821429e-01 1.893030104523912016e-01 6.076007499387887645e-01 2.528794270474463701e-01 2.570882737585177824e-01 4.157774374127055084e-01
5.619118078923374116e-01 5.802494856545828972e-01 3.600293424225820549e-01 9.552304919803698002e-01 4.439347267616540194e-01 4.585884157961963026e-01 7.145359590193841592e-01
9.648174207028880067e-01 7.955808413317829730e-01 7.390606601499899453e-01 8.927620756216303466e-01 6.292858130764216185e-01 9.027859007184086959e-01 7.397032956202490572e-01
3.430809256826901077e-01 1.371099827857089060e-01 4.542278197124419159e-01 1.145697313612211027e-01 1.651438456028699875e-01 2.238330797574034359e-01 1.446809292680952819e-01
7.919797884962259671e-01 6.588884787283464384e-01 9.061166866937945263e-01 7.098921122351851132e-01 7.425714982673525810e-01 5.785633840753188206e-01 5.369086976056360871e-01
2.619500226383861818e-01 1.749558388670912623e-01 1.529262935119609368e-01 2.729521571518587764e-01 2.611143421381711960e-01 1.440828865279712989e-01 2.954509002298300047e-01
7.511674508839847331e-01 5.278090921852128803e-01 8.524503522818526191e-01 6.431399189221785884e-01 7.897395647596567869e-01 3.777796948267995170e-01 3.926916313426305205e-01
8.393807983824986829e-01 9.059785649728444579e-01 9.087145865849589610e-01 8.589852993175632889e-01 9.842783096246421337e-01 8.824585259885480149e-01 9.979023528546415722e-01
9.912452678996569455e-01 7.764523149702045046e-01 9.645140567686059097e-01 9.940267058118918975e-01 9.757898959796875715e-01 7.357998182635304696e-01 7.785775490482600425e-01
7.569311791714252724e-01 9.139496996167362219e-01 7.387347840092938211e-01 9.474740566306274481e-01 7.979320662561804056e-01 7.252120728848098219e-01 9.003295160283070198e-01
8.514734914833971269e-01 3.903083936911884710e-01 4.223364638958317929e-01 2.929899601956127975e-01 2.497662152163684368e-01 5.984331506733840955e-01 4.094645881521602471e-01
4.517741271572217610e-01 3.222284334952713603e-01 2.833726018331888530e-01 3.427622768637957895e-01 3.303800686262547970e-01 5.843753841400626259e-01 7.322723172405325442e-01
5.665066844052005779e-01 2.943010601547371707e-01 4.064171123485091353e-01 3.641356683744437217e-01 3.098015189170837402e-01 2.849853597236996494e-01 2.551659624665662540e-01
9.270818071657361825e-01 8.173895409438292070e-01 7.972623302899582987e-01 5.536604558460448411e-01 5.230909236706793308e-01 9.870816747654420631e-01 7.336535449935195352e-01
7.843372963342152282e-01 2.996521372298195374e-01 5.483563365932828670e-01 3.256559286422299193e-01 8.762446742039173841e-01 9.251253400028031093e-01 9.735983742727708501e-01
6.895244242497032827e-01 8.955282488784884753e-01 7.231233304951329988e-01 6.688729398189762199e-01 4.985637750942260027e-01 8.708548916964097275e-01 5.670028018111041845e-01
1.731584701762208522e-01 4.036468168385515809e-01 6.203661561642842548e-01 2.053618883418301955e-01 2.686970010399818420e-01 2.578433971619908949e-01 1.743761220016395441e-01
6.839598467231143841e-01 5.691952951296695984e-01 8.633502063433536877e-01 4.865637950840625559e-01 8.259592913091182709e-01 6.965481052291815356e-01 7.674329329378156705e-01
5.568966808915316591e-01 9.149692132949462930e-01 7.537654258404523633e-01 9.335965982933306373e-01 9.743150169961154461e-01 5.706500367133381380e-01 8.038515040975395820e-01
1.720815515970642029e-01 4.487579252406427854e-01 4.097662551069093384e-01 3.218275325007007304e-01 3.150127544067800045e-01 2.074601861672989156e-01 2.003453276157538820e-01
6.414007928522476309e-02 5.604574359770479047e-02 5.088383189549063879e-01 4.906123275629943603e-02 2.412823652848601341e-01 7.432742129293827549e-02 9.867530419595921254e-02
4.215483381762015203e-01 4.879226471064123660e-01 7.944719773722374034e-01 4.096286339828901224e-01 7.950918525457382202e-01 4.724147649060405074e-01 5.612787166116720572e-01
1.340827410965870214e-01 1.218560613806666387e-01 2.303178804300896609e-01 9.650315664281727823e-02 1.448601456359028816e-01 1.545489007149220828e-01 1.078588842372718848e-01
3.780522120290651933e-01 2.346681016944401066e-01 1.953446180603361504e-01 1.998754365724315640e-01 1.828468169551342726e-01 4.406617228604342573e-01 4.889188283709139937e-01
6.759616362914625531e-01 4.884170884667118351e-01 6.072923402761186695e-01 5.123103445690461166e-01 5.839158236049115658e-01 3.308702799443823950e-01 2.814326045584411018e-01
6.750443137556566553e-02 8.775745501269854865e-02 1.500027482106232601e-01 8.461092305838641137e-02 8.803809015080332756e-02 6.238787497131942361e-02 5.065531902044793922e-02
9.949597207450281422e-01 7.196030746573305326e-01 7.738333074710639359e-01 9.517676564806640815e-01 8.883865661919116974e-01 9.405474611668294127e-01 8.922614392161312136e-01
9.583748949826037533e-01 9.749799387081801161e-01 9.819846191438990068e-01 9.890520865899736780e-01 9.061022882815450430e-01 9.833673336274312282e-01 8.924375089264791061e-01
8.769262352426266949e-01 8.958019990469822114e-01 9.764146893377753100e-01 8.662785386493048190e-01 8.511535231955349445e-01 7.817467449609002417e-01 7.765330948526073529e-01
8.234396772302178535e-02 1.313255364782951184e-01 1.352119150143317461e-01 7.777803184948199611e-02 7.654516748152673244e-02 1.845927257274009858e-01 7.790850509037024196e-02
3.450282641795388017e-01 7.051753944848333511e-01 9.891196277945966120e-01 3.617334964060763824e-01 4.053197561297565699e-01 6.406528501108185170e-01 3.599236900578852705e-01
3.031901557385231483e-01 6.560298337469835928e-02 5.485165991677042746e-02 1.463969868729090851e-01 7.651599450036883354e-02 1.287949105846294962e-01 1.186013945989343316e-01
2.771500763888450347e-01 1.918882805474655673e-01 2.516976060086029698e-01 3.564086188216200601e-01 9.639715007506310940e-01 1.698842559824681187e-01 2.898497816835438057e-01
4.805991925981281110e-01 3.092404245120992101e-01 5.440469442897669650e-01 3.152834698120460799e-01 7.168545131571590900e-01 4.409977056424762010e-01 5.315270577997208701e-01
9.462954466906855489e-01 8.332181902677153751e-01 9.240955336720112490e-01 8.443584061230813287e-01 9.779841576237231493e-01 9.920727586201600889e-01 9.210027269599444510e-01
2.709879257038247391e-01 2.686142964022689705e-01 4.378611009606209192e-01 2.151636019941021438e-01 2.576781588140875101e-01 3.625313353059164134e-01 2.023313603056897114e-01
5.067170969327658980e-01 8.068775841135139570e-01 6.054093370676720820e-01 8.345212509423687308e-01 5.876535838469862938e-01 4.985861702818338292e-01 5.140687315961850468e-01
3.330608964611262990e-01 6.821854998705504380e-01 6.794876056972750655e-01 2.467617862088197778e-01 2.380883579608052969e-01 7.890687446581523545e-01 2.928679195209784036e-01
8.057446535032591894e-01 9.888801940407933033e-01 9.715301606127229039e-01 7.865058476829428491e-01 9.970651483163237572e-01 7.870268781476810194e-01 9.445066310923365682e-01
2.383156629934703175e-01 1.320146102562621826e-01 1.238658096460420605e-01 3.187297393828261716e-01 2.383810966275632381e-01 1.356241509261609801e-01 1.870874126550356176e-01
1.982656665947058194e-01 3.138515667206061011e-01 1.915274679678488079e-01 9.265667983720049516e-01 6.686080007348209620e-01 1.610221536338557191e-01 7.739849324054232094e-01
1.541520390694409437e-01 2.673706227058141316e-01 1.707012354470932580e-01 4.218660780578077918e-01 2.123708727303892374e-01 1.513570717502449037e-01 1.763549170852698467e-01
3.175295293969291888e-01 3.863436594772943766e-01 3.943692254203984837e-01 3.134246284466041810e-01 4.660055586136877537e-01 4.176125762421930565e-01 5.459640582687286248e-01
4.723415649150957685e-01 5.823856109559041316e-01 6.081210282181226390e-01 3.263202305744255516e-01 2.853402784094214439e-01 8.904459720542015067e-01 3.369437712163281251e-01
8.563511248645250262e-01 9.487692973827717147e-01 9.070913906717668063e-01 9.069373523699190143e-01 9.543349693994969130e-01 9.300402220913404072e-01 9.504060695908189693e-01
9.792283351912662859e-01 4.137611175027609001e-01 3.923455124466720401e-01 7.221863627022332421e-01 4.701473943423479795e-01 6.668888864132975769e-01 5.914366700412199140e-01
3.220701172218013442e-01 1.487305155875312257e-01 2.521739282719879793e-01 1.848797578147469978e-01 3.579806373454630375e-01 2.893062608712215211e-01 2.074170737239935947e-01
7.831953922220145081e-01 5.034326242146136554e-01 4.689877139004320350e-01 7.774057847962324574e-01 7.115786490030586720e-01 5.625602126663441505e-01 7.454769739158279007e-01
4.865918598352971802e-01 6.978225799727137968e-01 5.702663224009567600e-01 6.367408829160107198e-01 5.335007482208311558e-01 5.043244265215570676e-01 5.394390723539992383e-01
4.693419596631505375e-02 5.731048948251012826e-02 4.238518580981364553e-02 4.134859145987471868e-02 4.202679567970335484e-02 5.755143576193107180e-02 8.408245691775047270e-02
1.552696935056685490e-01 3.335341925431869331e-02 5.782777652341179048e-02 8.469244666427855339e-02 2.796871378086507320e-01 3.995443123224007298e-02 4.423625594535395000e-02
