5.801618486016929532e-01 4.662553522425617047e-01 3.315540370178885476e-01 4.024122240828651997e-01 2.006525518372654915e-01 9.192528892709037613e-01 5.608285430611646971e-01
3.807892465110844227e-01 3.895552924413597240e-01 5.158879751208841347e-01 1.800108004662627215e-01 6.084922649897634983e-01 3.364771734417228988e-01 5.568920153214012014e-01
9.300665248568464882e-01 9.219844417454117202e-01 9.412968081459851533e-01 8.155798494671712140e-01 8.292563336435705423e-01 9.817890615835136447e-01 9.155456693474099961e-01
3.308817676509872019e-01 2.823702038027335881e-01 3.683917394326304828e-01 1.175269240008093852e-01 1.074868666473776102e-01 5.185177655648931516e-01 1.960592045228703451e-01
7.540809814323695681e-01 7.826753255135097120e-01 8.125120551217646092e-01 7.881729708737674756e-01 7.072096143383532763e-01 7.721049421168173499e-01 6.064336698640604428e-01
7.711031467180684551e-01 9.847759965666790238e-01 9.071316053742246588e-01 8.835262449139315022e-01 8.479477935470640659e-01 9.067106966790288158e-01 9.609576380184189359e-01
2.287235935311686119e-01 3.950433086607936239e-01 3.873467263497433755e-01 2.622160450698693968e-01 5.706463481765240431e-01 3.143072594859557811e-01 5.722678275635780798e-01
4.856819835134865149e-01 3.464654825278983274e-01 7.503860295846865869e-01 3.317413563404945642e-01 6.096354005858302116e-01 3.908274533820645380e-01 2.348261085228301459e-01
1.382313602462749147e-01 8.250017942070930754e-02 1.614094596309417762e-02 2.828536580215602614e-01 2.252334048971533775e-01 1.681154864504845747e-01 4.126642378092253427e-01
6.726956424830250469e-01 2.088546823925372387e-01 6.643267672446282468e-01 4.738162628554263289e-01 5.296605264302343130e-01 5.735129356979612458e-01 1.462226561210346887e-01
2.006594529082717515e-01 7.990971541768521202e-02 2.009366784489558522e-01 2.630997045796068523e-02 1.213983492925763130e-01 2.473680389456973105e-01 3.316090607537706125e-01
3.049492418673516725e-01 5.622207191938649595e-01 5.214890883651212006e-01 2.743436335748425381e-01 4.887563842348754406e-01 5.882759678360046651e-01 3.467281622784609829e-01
4.030680685162699728e-01 4.286417281492899134e-01 2.182693096879858019e-01 6.900219806992318183e-01 2.311778317671269178e-01 1.969847325054674969e-01 1.879776483341814020e-01
6.034551432514108082e-01 2.988520321297928328e-01 3.815120211498710945e-01 4.796324419298071962e-01 6.805432324763387442e-01 6.759002936624594060e-01 5.887955603834550411e-01
5.855638961677686050e-01 2.763110127034352770e-01 5.681745053122780886e-01 3.933854193976982772e-01 7.096235100179910660e-01 4.491918867671925719e-01 5.712787089361105464e-01
4.250202892038440483e-01 9.132877288884063693e-01 4.121614417781823692e-01 9.775969767372015840e-01 3.489157664589583874e-01 2.497496365439340615e-01 3.863248892374618881e-01
6.252133124043974810e-01 7.989487355236697397e-01 3.852933838112425624e-01 8.191286026908446427e-01 6.070102672092616558e-01 8.153792663760366377e-01 8.729686428252798613e-01
9.323515896925012036e-01 9.878636905998170459e-01 8.448392780727065343e-01 9.965161160728532863e-01 9.160458561964333057e-01 9.144645330699998631e-01 9.599174869111176678e-01
8.298063112703293331e-01 6.376915346063765089e-01 7.826900318885781083e-01 7.952276581632269359e-01 7.784169851802289486e-01 7.197946162189698960e-01 5.071417793719713574e-01
7.826501091348652128e-01 4.645225563207458497e-01 8.823225331922508463e-01 4.685254829152541434e-01 9.760014137718826532e-01 6.448101489296601541e-01 8.338883096111318061e-01
6.600778211699349640e-01 4.717810615052697165e-01 5.936343549122016228e-01 2.274930882147253031e-01 5.006442759186029434e-01 9.054186470237208795e-01 7.214098134078114066e-01
7.400384867969689306e-02 1.902008254387077546e-03 2.009505514933368486e-02 1.418502426098761093e-02 3.858279413543641567e-02 3.370639863339019993e-02 7.119176965062590234e-03
1.728377161751813995e-01 3.497479707908821012e-01 3.182847722459053452e-02 4.724404109652033945e-01 7.230111327953636646e-02 4.727704732225953554e-01 4.644808395766297782e-01
3.774034353650488338e-01 7.657650830368745165e-01 1.750998789290146851e-01 8.276953450964172898e-01 5.312008559703826904e-01 1.642454744946066358e-01 6.782260282017118502e-01
5.282439666714255910e-02 9.305121185708514764e-02 8.629889137952390099e-02 2.983211974180799420e-02 1.591538335196673870e-02 1.876690926695239181e-01 8.304040827139141934e-02
3.004621730232659438e-02 3.011177330508008065e-02 2.097449481073987432e-02 3.118503906343522702e-02 3.574559744447469711e-02 7.438069877180281120e-02 5.039464336700305580e-02
2.369691500209009094e-01 1.737703020620752214e-01 4.224446103526727225e-01 9.681131042326507341e-02 1.958067808300256729e-01 1.203190655395491859e-01 3.025043115738945687e-02
6.024981172608854241e-01 5.204961026987448003e-01 6.454321488600722745e-01 4.070615398840633503e-01 5.185211095958948135e-01 5.913495645739810236e-01 6.328468301542597985e-01
7.556064850380068698e-01 2.884443320849898740e-01 3.840699816386468624e-01 6.228937406925671993e-01 2.680660232435911894e-01 2.949539251091132241e-01 1.191136326528396405e-01
7.469000815171266128e-01 9.358708457617563869e-01 8.773719169552569586e-01 8.660613765350979598e-01 8.385560270398855209e-01 9.067950266133907311e-01 9.005154950933758062e-01
4.524819689874550188e-01 5.667670114760050559e-01 5.896054729859970811e-01 3.574243381118102358e-01 3.794797337613999844e-01 5.167468439198008578e-01 5.040817933956761587e-01
8.675372511508845363e-01 5.121524068918579253e-01 6.074419839033470270e-01 7.290797226101064510e-01 5.485001194756478071e-01 6.868205501885411568e-01 6.740759745200020081e-01
8.881061123688361869e-01 3.440610835388576150e-01 6.052703339294107643e-01 6.936139993504233381e-01 7.787764233071357012e-01 5.160291227818819548e-01 5.964025209349821388e-01
9.149200738279082978e-01 8.162935679052392146e-01 8.308946994558463750e-01 9.046087043620705259e-01 9.032874542754143476e-01 7.274295507169156183e-01 8.591634530881654408e-01
4.725648121049230155e-01 1.490264552585435220e-01 3.970408605788472434e-01 1.897488282664139825e-01 3.258788357488811016e-01 2.445878203241051985e-01 1.479538367668574161e-01
7.975529111202889210e-02 4.857181373405446978e-01 1.676713156904258151e-01 2.346450905065707859e-01 2.207306514028459787e-01 2.907823396818035588e-01 4.417406028669367268e-01
9.788391252425132638e-01 9.111884601870647860e-01 9.876565877087324363e-01 9.512232468429154819e-01 9.957918773870915174e-01 9.269247345780705638e-01 9.763747139707861233e-01
6.644293573340243064e-02 1.939067500507899999e-01 2.544827973624125272e-02 2.315841453167189479e-01 1.299516304861754179e-01 1.166983994947463632e-01 5.399077482853141818e-01
1.124179897203231304e-02 1.126363655922840157e-01 7.560448058730578902e-02 3.274661159756869777e-02 4.461355856619775295e-02 8.576612563639818276e-02 6.520410625426342754e-02
6.737192367644500024e-01 2.402988138039344745e-01 7.167870394307234161e-01 2.980018003058945153e-01 5.220431878697127104e-01 3.921122326586298779e-01 2.677887406526879843e-01
8.665442925008992603e-02 2.861726870466702044e-01 2.416408675036980647e-01 3.714830666728325959e-01 4.328191191889345646e-01 3.048500955217678943e-01 1.513885492747836237e-01
7.157609288185704521e-01 6.626744194022382572e-02 6.947019941542277310e-01 2.675666602121589133e-01 8.186138076707720757e-01 2.413703196136662288e-01 1.662571973079934318e-01
4.235741244004120887e-01 5.485251663149089962e-01 5.116711416386456879e-01 4.159411378751556310e-01 3.555399978067725897e-01 4.198132636510047977e-01 4.597750505578578895e-01
6.489269554039561738e-01 8.279743504833257939e-01 5.693566757222356944e-01 8.756102992945751229e-01 7.685222229920327663e-01 5.258838166468426945e-01 8.113179103764092126e-01
5.384854799302268846e-01 6.450971247800395547e-01 5.477483761276068508e-01 6.296257981605402065e-01 3.071616215165704489e-01 2.867833103606758360e-01 2.017618724284521159e-01
4.464993509993414600e-01 3.655693705052531772e-03 1.347133060287425410e-02 9.590047340026885969e-02 1.900567263364791870e-01 1.185583934134450401e-01 3.218621213166670825e-01
8.992410801868719883e-01 7.448301662460585781e-01 5.780465029318306858e-01 8.202080182178879131e-01 5.894126247148960829e-01 9.576547452849946129e-01 8.800008059545754158e-01
1.446812722590095079e-01 6.081825100315387811e-01 6.908584089045137766e-01 4.858321454207401580e-01 4.369549003895372152e-01 1.567368963563717799e-01 4.671878743799662281e-02
7.232295232506160687e-01 7.241575328849214621e-01 9.664479416447477877e-01 3.038507658669029055e-01 7.131569401826709509e-01 8.795001225442227177e-01 4.157411051311178385e-01
5.748717249957582265e-01 7.978003547943747220e-01 8.651833965702513396e-01 1.588742228116257205e-01 3.121083574369549751e-01 9.197332014992249949e-01 6.287287179693130668e-01
7.897128866222659083e-01 6.918073216743232390e-01 8.966262696499578411e-01 5.723714809200269871e-01 8.468843367882072926e-01 8.526355214314869091e-01 4.604791704089917781e-01
8.427620363767128753e-01 4.336786028457004782e-01 4.696411654214930897e-01 5.358176898915898434e-01 4.614448524080216885e-01 7.770407499453242384e-01 7.563430739915647516e-01
8.468062634687352208e-01 8.037624208637834666e-01 4.348877068316778227e-01 7.272224039186052646e-01 4.990864803548902273e-01 9.077448353293541272e-01 8.016060046448316712e-01
1.187538076495312511e-01 3.700402218839959900e-02 1.395261365524863018e-01 8.148768728894806301e-02 1.866754293441772461e-01 7.276428366608245213e-03 2.136174722120320890e-02
7.567129443467156547e-01 9.178619525907143473e-01 6.706692380178483903e-01 9.519530542575951326e-01 7.990268056746572256e-01 9.583910410332547869e-01 9.192622743773931626e-01
2.837781977141147216e-01 2.336056335984780241e-01 1.811535909186837712e-01 2.506748376050350613e-01 1.691661034710705280e-01 3.273539635086755162e-01 2.666054905008882203e-01
3.104440322527320939e-01 3.642566119818100301e-01 4.957364279335834678e-01 5.435056129781967726e-01 8.206054726615548134e-01 4.281692124509392516e-01 4.661481816444917881e-01
3.068020830382537367e-01 6.096284154940955213e-01 4.404419172359293477e-01 6.027585520377862771e-01 5.490271006710827351e-01 5.677678291913553776e-01 4.843992193543183999e-01
3.974489350153058154e-01 4.263943806901449585e-01 5.422293093923624685e-01 6.527773154409899359e-01 5.720790897030383348e-01 1.930966831797126804e-01 1.327377225616178658e-01
6.487107666532395678e-01 9.144713264452966062e-01 9.231877313548033648e-01 6.607672727309270577e-01 6.185142982285469770e-01 9.443534237904507300e-01 3.739589098951793256e-01
7.222020698295050778e-01 2.770686046978108052e-01 7.564425526915007358e-01 2.963514322779839949e-01 8.086309703066945076e-01 7.347258363649271651e-01 4.346068876046345064e-01
9.312630932569649911e-01 7.911916484698888752e-01 9.242890114838501203e-01 8.052510795344591799e-01 9.201687241438776255e-01 8.784612748316674713e-01 9.000223506644520199e-01
6.444510054630337992e-01 7.104921148570367828e-01 6.104396916166628939e-01 4.381410174986820061e-01 2.587684157770127058e-01 6.997133032202411673e-01 5.207239307138749052e-01
8.314531614556230910e-01 7.977446362433076033e-01 7.904438219493705731e-01 9.178373788350852047e-01 9.202894561458379030e-01 8.678810182372711512e-01 8.727918176449895871e-01
8.829225092350108106e-01 6.802257834800963243e-01 7.201926406034000472e-01 9.164935681653419985e-01 7.085909813176840544e-01 4.370454930135349025e-01 4.655078343701515853e-01
4.175199676872221599e-01 3.370658025761463783e-02 2.679180872083049003e-01 3.108782981784328214e-01 6.023525560740381479e-01 3.651217309128795829e-02 2.201818970906622153e-01
9.702540730565145655e-03 8.229923454242338288e-03 2.480380468207976641e-02 5.544940826377464660e-03 5.426509073004126549e-03 7.563855298414112749e-02 2.933805296871372370e-03
8.162062609532116930e-01 8.685632770602096375e-01 9.430842928553987425e-01 5.585030253194630534e-01 7.915514684282243252e-01 8.298520396341620975e-01 9.096624543230789062e-01
7.176881598426307907e-01 2.095760274407544310e-01 2.163005628306634009e-01 4.550132447434990235e-01 3.350382761564105749e-01 5.613979660314710740e-01 6.189582676639128200e-01
5.321631245654885323e-01 1.061630491495506035e-01 4.115337896693972430e-01 1.849857476511397869e-01 2.148408449720591307e-01 3.256763238845080122e-01 1.134877597657013570e-01
5.176673066401022982e-01 6.922606924396409456e-01 5.150132876126787274e-01 7.567640438904198463e-01 3.138299204874783754e-01 6.419825300360958442e-01 2.656509622774456680e-01
9.026034949529577744e-01 9.629802781144947144e-01 8.380403212647038469e-01 7.495387140823952521e-01 3.745372686535120010e-01 9.970812985383199489e-01 9.546839136315454777e-01
6.367438355144462436e-01 9.279581296443319971e-01 8.291264901702727341e-01 8.744510951704289603e-01 7.421423308551311493e-01 8.384245818036786257e-01 7.786175498751474189e-01
5.189898998138577912e-01 3.356351098602378125e-01 2.727308883505681347e-01 3.774260553332029478e-01 4.036244847811758518e-01 2.761404953101157522e-01 4.398925949960491022e-01
2.463708051803109034e-01 6.283733908833855075e-03 4.790687320894682077e-02 1.136683030898917868e-01 4.493887317366898060e-01 1.115455637971532465e-01 2.553920525905151173e-01
9.083235712919859317e-01 1.920060712594035546e-01 2.899922669472397851e-01 5.948143094249782603e-01 3.739246160257607698e-01 8.146084329640170818e-01 6.325770009619361423e-01
5.397752898570186142e-01 7.643803629116792120e-01 3.877399450149237592e-01 8.467204280602920186e-01 8.855948189739137888e-01 7.360091849879362158e-01 9.813476701618171205e-01
8.306677157934589939e-01 6.912154366191910482e-01 5.357411586313534091e-01 7.252383329484638486e-01 5.310033275745809078e-01 9.036357069686091759e-01 7.681378019678577473e-01
1.327843458222586759e-01 1.520317409305471656e-01 1.410364709283885576e-01 6.027638863434930938e-02 2.581133856438100338e-01 3.760786524770074468e-01 6.166339176717823278e-01
1.759023143593732019e-01 3.539834525629526607e-01 6.291845526210296802e-01 1.238420608131210465e-01 3.886238739360123873e-01 2.627790179204413379e-01 1.875532219646312004e-01
3.730164701243569025e-01 3.543971525992246074e-01 4.261982658729803752e-01 3.733929240120960058e-01 5.467699624132364988e-01 3.412464719193870066e-01 4.812319498452361510e-01
8.803142625807534039e-01 5.840117883440325564e-01 9.289754363601941956e-01 3.283503644372106067e-01 6.251360049936920404e-01 9.249848891520684457e-01 5.417753379683705184e-01
4.162858199473458143e-01 2.960998853050815782e-01 4.690753162207293436e-01 2.635413728074944562e-01 3.357886243611574173e-01 6.682973976943310523e-01 2.773179064832441698e-01
5.614860309082891909e-01 1.893198308379437922e-01 4.689375799709563086e-01 6.545486888279197224e-01 5.822103584650903940e-01 2.337072681566815802e-01 9.312219671258648024e-02
3.797285018783466692e-01 5.205747772310742594e-02 4.658756954164184338e-01 4.775966666921843684e-02 4.100679049734026194e-01 2.556649998610371899e-01 2.250969211351643295e-01
3.172505387543078648e-02 3.873268635067927956e-01 8.327580761626912631e-02 2.526087860759848036e-01 2.585948924534022808e-01 3.255879138812024509e-01 4.507082747242627252e-01
5.152737714117413548e-01 3.240447453085094076e-01 2.204517628361327142e-01 5.734878351285174203e-01 3.366917264647781849e-01 4.514853230503537151e-01 4.564293997084122312e-01
4.213607739618694392e-01 8.292392588562624844e-01 7.966204283500177841e-01 7.212541499374194309e-01 5.319965558592230082e-01 2.357927368617291908e-01 2.357220551008746279e-01
3.784126756362866106e-01 3.563471498000639337e-01 5.722630516338148565e-01 2.082903110647034706e-01 2.579563916660845280e-01 4.062278437090606209e-01 1.451609691006657266e-01
3.928619910768449408e-01 5.317603315134445952e-01 5.061222679734056484e-01 4.857210545655543110e-01 6.696441250387579203e-01 3.157504571512819158e-01 6.298774425296287394e-01
7.152622933843947317e-01 2.037660634926308223e-01 5.605130838572144336e-01 1.095321622214611157e-01 2.641032140236347914e-01 8.965652535212220720e-01 3.528102597850726885e-01
5.951043947139963430e-01 2.955835659339106081e-01 6.196739007527674037e-01 4.562032465735615938e-01 8.583947354927659035e-01 2.651731805297002920e-01 7.081742522598424294e-01
4.836617356056918671e-01 1.920211233226086223e-01 4.968471554855264372e-01 4.789494841477519027e-01 6.980759850703179836e-01 1.227132127353940394e-01 2.008597193826543448e-01
1.845874945932731159e-01 3.437650966535177322e-01 3.662732402026832590e-01 2.106663810618872312e-01 3.514717600774019957e-01 9.684045038208966005e-02 2.739698275744685274e-01
7.610123736313123555e-01 1.132026449928463796e-01 5.155882946894613239e-01 2.942001395469655556e-01 3.216951007489115000e-01 4.527865943875153398e-01 3.302789686039565020e-01
8.613087387471352052e-01 7.560702851196898777e-01 5.359632249322598962e-01 5.783805393000536199e-01 1.582062125671654940e-01 9.753468777963585357e-01 6.822876999043090418e-01
8.020592195108422473e-03 1.541190808994730155e-03 3.614894520523304067e-02 2.900528041596683870e-04 1.741134119220077991e-02 8.425004556426529678e-03 3.142212991393167343e-03
1.949718660874918408e-01 6.480428008333876111e-01 3.437099973922350671e-01 5.889617073682993365e-01 4.232371719554066658e-01 5.158177264432087794e-01 4.429103798539117953e-01
4.772880320440588409e-01 3.060459403743340245e-01 7.402107914034106173e-01 3.693265459638178094e-01 6.648718616925179958e-01 2.755134658046952678e-01 2.316261746219186457e-01
2.550048492529767286e-01 3.578871126835897476e-01 3.906992230724971038e-01 2.535424258100396067e-01 1.701814143452793360e-01 1.516162262890938806e-01 1.489360209958952019e-01
2.804722428174892812e-01 6.077558938995643034e-01 1.917314760315406152e-01 4.233019918174282803e-01 1.617441559210419655e-01 5.092616787910215770e-01 4.972268248958058856e-01
7.844356744048277541e-01 9.738830727582994395e-01 8.761595744865872115e-01 7.079112901775299616e-01 4.721141676418483257e-01 9.421829036104711896e-01 9.244526886815276345e-01
8.735408000336248868e-01 5.952839794045513555e-01 9.306599884963413505e-01 4.972614699063332422e-01 8.175354253035038710e-01 6.629133938709705909e-01 6.932462533165306695e-01
5.839341612709135765e-01 7.986018124545212205e-01 8.042698657973104126e-01 5.516837604357013314e-01 4.331070764455944300e-01 6.989390975195474143e-01 4.612244947629496328e-01
8.640545160404942138e-01 6.679960256111378003e-01 3.665554268771856750e-01 9.158549810343485920e-01 6.576189135666936636e-01 7.428824531933421182e-01 8.358886267997984731e-01
7.240866599782747048e-01 7.177853117657935211e-01 7.836043372570973276e-01 6.494386499464903650e-01 7.711206076201051474e-01 9.040292134497904808e-01 6.712615485977331264e-01
9.145129033551746556e-01 5.996944488411375396e-01 9.456288502052533351e-01 8.951070215102279182e-01 9.652805940713733435e-01 6.488234774388722537e-01 5.778419149182827397e-01
1.708600406802956440e-01 2.827374678022952503e-01 2.676425385497500087e-01 4.514977404804529360e-01 4.004925016779452562e-01 7.608396444890885846e-02 1.519986496962011380e-01
3.077203969277930717e-02 1.673343794017249087e-01 1.490801241675596134e-01 6.997799345002186922e-02 1.878819838166236877e-01 1.183023088049630078e-01 2.375744092178519451e-01
1.228130169256358983e-01 1.085463566776445621e-01 2.595041802700842060e-01 1.030742006810870803e-01 3.454448629636317492e-01 2.068616814798900916e-01 1.969994494950893515e-01
4.190469564771997502e-01 1.553187606080455585e-01 4.901225001592901531e-01 1.405153715963441408e-01 3.382224913220852613e-01 3.037702669471742944e-01 1.178016794251041111e-01
6.430030499593353266e-02 5.754417324219798235e-01 6.860151263554605805e-01 1.226954087427298834e-01 3.653464484959840775e-01 4.217584896352097878e-01 3.384963665125245158e-01
2.032132170367974000e-01 1.327729163809288071e-01 1.789134529877402513e-01 4.411070275308844879e-01 5.164270845707505941e-01 2.725794692432209620e-02 1.705816560237467527e-01
6.352959259050507956e-01 6.230531177180115288e-01 4.811408543985056241e-01 2.778010264714020905e-01 2.074644197709858418e-01 8.855276716312746599e-01 7.083825695292431668e-01
2.536047143468752596e-01 1.713462662159277450e-01 1.689185779246180075e-01 9.701689394247459131e-02 8.636437472887337208e-02 5.623851131033860140e-01 1.923689142473855584e-01
2.722158189057064526e-01 1.479670784676300754e-01 6.421642684693729120e-02 4.941559876291311548e-01 8.536008372902870178e-02 1.663480845874827363e-01 3.795500239676130594e-02
9.316038310539895839e-01 5.714865036191661973e-01 9.199479144560449573e-01 6.329808353919357256e-01 9.260217079427093267e-01 7.964919313125653488e-01 7.423598948965124400e-01
3.674328907298186064e-01 3.105579975148453076e-01 4.206166542022436450e-01 5.166854500597022337e-01 4.807101751212030649e-01 1.780430246354581802e-01 2.850564402879784409e-01
7.941649874263498887e-01 4.918787314657533938e-01 7.419329158082436093e-01 4.880534020637166126e-01 6.545530345756560564e-01 4.825751531778125214e-01 6.349468371768872688e-01
5.496098961471811428e-01 8.568473745375313477e-01 7.753687647908350522e-01 5.826672975145854583e-01 3.925158178899437189e-01 6.100656584135752958e-01 4.788781297109356849e-01
9.828545032849911323e-01 9.390750271072476618e-01 8.569714227739737566e-01 9.921297567136669882e-01 7.085929987952113152e-01 8.086792750900875237e-01 6.682656486364383364e-01
9.678628485623550493e-01 8.884778842003904220e-01 8.393266353626358534e-01 9.247701409720454624e-01 8.113029524683952332e-01 9.683215102929834117e-01 8.279477872267584360e-01
7.617561591995714032e-02 8.754969591506527316e-01 3.979649241417714256e-01 3.455087533853483661e-01 2.289409728255122900e-01 4.855657063737963131e-01 6.195420117280913130e-01
5.317771884377940905e-01 8.152979033736018621e-01 5.070306121529188914e-01 6.194554414293313993e-01 6.739019278902560472e-01 6.447534056145165504e-01 8.802498908629348140e-01
9.219381090870359952e-02 7.258065862128487700e-02 3.082769475651553348e-02 2.829302990683048580e-01 1.918379573617130518e-01 2.477311894714173679e-02 1.027031702026200977e-01
2.495499451318999862e-01 5.397759473055840918e-02 8.469407910026488517e-02 2.062524134198406300e-01 1.571886050514876842e-01 1.325316249059454998e-02 6.364446481041607928e-02
7.424852506860544210e-01 4.468584371781139097e-01 6.117380907473259910e-01 6.656101302245831519e-01 7.150332445744425058e-01 6.119354217958310471e-01 6.514779439252896820e-01
5.325769381852293316e-01 6.894951503620955213e-01 4.191074108885018967e-01 7.011128716079138012e-01 4.476950201205909252e-01 5.425230163101136815e-01 4.506306294765556331e-01
9.746137959679301854e-01 8.751352886957051158e-01 8.547439800286331657e-01 9.224940936284455884e-01 7.400942794047296047e-01 9.201078073600509333e-01 8.370922539461964629e-01
9.747977733305559500e-01 9.950345819993148266e-01 8.090309568455839040e-01 9.938844402107531728e-01 8.561470252461731434e-01 9.570351293628525102e-01 9.857128066329106097e-01
7.840296976388230199e-01 5.538991878010622871e-01 4.788746981581843976e-01 6.544712373831272911e-01 4.652919524814933538e-01 8.508282814491978652e-01 6.805739914321411455e-01
7.904025465734942912e-01 2.605397196304241048e-01 3.974053791810111536e-01 4.352690238666204192e-01 4.994642611127346754e-01 6.408690643237328066e-01 7.566694328762115784e-01
7.540018124674696676e-01 1.081664858541165897e-01 5.021264832151338675e-01 1.369888060533276386e-01 2.718208422884345055e-01 6.661304224373054694e-01 1.593889020575143811e-01
2.077706291014752571e-01 5.156918502149291372e-01 5.034822742411652063e-01 3.994081111516099014e-01 4.059085699263960123e-01 4.676000555337967990e-01 2.680783359686821354e-01
4.587275509037107568e-01 7.037806966667001785e-01 6.130118823666339534e-01 5.414950407637314500e-01 6.468584472313523293e-01 6.957720970231281443e-01 6.482537246209788551e-01
8.991057504776338583e-01 8.038531233316534852e-01 7.861970184644685444e-01 8.342271817213940954e-01 8.389450388494879007e-01 8.731349352350190607e-01 9.287111359071829053e-01
7.998148303136456416e-01 5.122576201919629701e-01 6.598197369446370253e-01 6.956960709279863542e-01 7.694744148757308722e-01 3.873463685510861731e-01 5.628351297708398260e-01
9.509954227556445261e-01 4.932473785656243948e-01 2.577852875231351204e-01 8.991891155822302473e-01 6.716679832898080349e-01 8.872584791861688469e-01 9.124961734437966321e-01
8.201445136437943706e-01 1.544151682086688515e-01 3.948534412294023022e-01 6.609566125575705442e-01 5.158556837122887373e-01 4.220790969633422263e-01 1.833908812164996016e-01
5.499942151207243279e-02 9.655653694162547040e-03 5.471745681287959462e-02 1.074648577757625345e-02 1.330349468626081944e-01 1.020393221889270285e-01 1.022605125174584351e-01
6.310521642235088491e-01 7.073016692029484576e-01 8.830466755076487040e-01 5.744032431498742319e-01 7.261707654688507318e-01 4.675645942764314333e-01 4.275834562252460169e-01
6.494247942034114818e-02 1.280002375078137522e-03 1.556676593915767848e-02 4.030586537828051430e-02 4.752574162557721138e-01 8.985679033393090265e-04 9.859041662232359560e-02
5.535926929234596949e-01 2.357717420306831846e-01 2.957863759157151051e-01 6.723074705085025915e-01 8.040714478120207787e-01 2.845331444670132770e-01 7.440270397029848937e-01
1.377179458021621228e-02 9.977042933821511639e-02 1.916894794206716046e-01 1.141800510132592317e-01 5.063935159705579281e-01 3.543324349773746551e-02 7.223567425666632680e-02
6.482719044491063176e-01 9.591822250803602179e-01 8.805075728566544857e-01 7.646375513474258367e-01 7.046071281656622887e-01 7.851368589164313683e-01 8.678269134299523291e-01
1.780052370285759578e-01 6.596775061580824051e-01 3.344723660141315502e-01 7.405113706602491908e-01 3.548580005299299955e-01 2.963397809252041881e-01 1.931043714645331311e-01
5.890671660857398351e-01 6.227358202353396877e-01 6.837713123884091582e-01 5.771030445510512141e-01 3.063206784427165985e-01 6.007395015138468075e-01 2.444476725440566378e-01
6.878920087116580095e-02 2.381087668241926858e-01 3.005390106960151853e-01 7.782607954241144155e-02 1.951128961518406868e-01 5.989308611363147739e-02 9.853182026657336667e-02
3.244961749875278634e-01 2.199422298586086177e-01 8.436095055978065638e-02 4.874291982141759627e-01 2.403282455634325743e-01 2.588559427259716217e-01 4.125485533835232532e-01
6.055036016428367862e-01 7.270174727688660798e-01 6.478612810575239411e-01 7.385192669500740825e-01 8.116963002830743790e-01 5.958818519149950976e-01 7.715764617238496381e-01
9.132366395773591217e-01 8.651180760140100290e-01 9.210275311831834788e-01 9.373099353368851139e-01 9.352558916434645653e-01 9.015598257861816567e-01 9.181738034499884460e-01
1.578037857376186626e-01 1.049433193064641667e-01 1.255308301698636608e-01 2.635942889254401234e-01 2.485670070163905621e-01 9.432981297564396739e-02 2.165425943075307558e-01
2.136823563169532036e-01 1.280758549462268636e-01 1.367250901251201300e-01 1.199250696021265106e-01 1.099436413496732712e-01 1.154253366186867580e-01 6.282097212692916433e-02
5.572538669530118227e-01 8.464005889118938475e-01 9.106383611412611767e-01 5.311644074684622741e-01 5.144026807975023985e-01 8.380732481204657969e-01 4.974920887813416570e-01
2.913576580663279625e-01 2.174321302001695488e-01 5.093056710677219545e-01 4.426793805431391005e-01 8.665838919114321470e-01 1.667845451891921127e-01 5.299113679846163549e-01
1.838058508566406402e-01 5.069197731119814421e-01 5.216867680467626167e-01 2.362576669791338069e-01 3.531178131233900785e-01 2.353545323566705871e-01 2.634105846027186004e-01
9.690213083840383268e-01 9.824228250990186817e-01 9.419037859806670410e-01 9.573828259229206772e-01 9.004899021238088608e-01 9.374271947214367628e-01 9.707505972777994430e-01
8.155856958123983702e-01 6.627552729660688424e-01 6.362678669693055955e-01 8.321590867906565325e-01 7.992527743335813284e-01 9.424297328813691088e-01 8.593936762704945664e-01
7.145141121792258909e-02 3.002052753265428420e-01 1.102551836541943997e-01 1.551519516173026081e-01 6.546269450336694717e-02 1.575689356678430797e-01 8.041433406413123208e-02
2.095493415379846014e-01 1.304123699530430058e-01 4.280184579625989638e-01 1.568772068185629864e-01 3.587394815403968096e-01 1.507428726110490169e-01 1.232603719752693450e-01
9.943335224257482396e-02 7.159787880380796832e-03 3.763675217855644295e-03 7.670882628554581695e-02 1.264811400324106216e-01 4.012726243486802735e-02 2.255258303732398661e-01
8.847404026285885514e-01 2.324958067143156892e-01 4.359065043734839384e-01 4.807953647924160245e-01 4.532719054259359837e-01 7.085535361289111433e-01 7.588193652766739294e-01
6.321390511350588604e-01 7.875200939017698021e-01 7.367970705880149129e-01 8.363054581878798244e-01 4.408882930874824524e-01 6.402889269527962668e-01 1.816617148120754921e-01
2.043252056216932622e-01 3.667806072115779581e-01 4.302647377449748678e-01 5.714958457344596621e-01 6.454684231430292130e-01 1.087731358814734151e-01 4.348861504153194724e-01
1.815695722963289738e-01 4.038122977704911021e-02 6.652281447402574877e-02 9.986211879003337177e-02 2.203168955165892839e-01 6.503555564318241888e-02 1.350046641299538774e-01
5.657236032188089903e-02 4.744499134660998818e-01 2.611873221468691275e-01 8.624658677569319032e-02 9.479975770227611065e-02 5.763492506545452310e-01 2.916895924148491526e-01
4.184102782813502452e-01 3.670531520961245464e-01 3.179648747301412337e-01 3.832364195291321218e-01 2.013816256076097488e-01 3.123103340018930085e-01 2.822389693453388748e-01
1.348200044084659210e-01 4.376882914153942261e-01 3.378823391433695145e-01 6.267431956613805921e-02 1.216589154209941626e-01 6.090853730863580173e-01 2.637745074822577807e-01
8.229597554159764350e-01 8.129739332393300932e-01 9.080231215587293292e-01 8.485966172265451135e-01 8.912506469059735537e-01 6.509233101969500446e-01 4.788810854045537080e-01
5.884123978555563239e-01 1.153543788285920080e-01 2.071107488784167394e-01 2.086343947137967447e-01 1.757240770384669304e-01 6.518311168386439203e-01 3.129537087864544542e-01
3.878256688735330360e-01 3.486293615188451600e-01 3.595280339332954656e-01 6.366621749237536543e-01 7.362990847323089838e-01 1.735799289906356235e-01 4.953905594610369945e-01
3.054351256094658407e-01 3.870321799168098265e-01 2.377537237890814947e-01 5.606920872316162319e-01 3.421852304600179195e-01 2.598117423496966172e-01 5.288545533499607876e-01
9.503779782440361368e-01 8.929226554628273416e-01 9.701447042518901442e-01 8.148581538996073625e-01 9.746479671448469162e-01 9.286352495813003927e-01 9.461911182920592633e-01
6.480732791710769325e-01 6.528940723380153299e-01 6.740672489152670366e-01 2.815700289362064179e-01 4.200821307022124529e-01 5.497183277317851946e-01 7.885026628237795654e-01
2.813735614431855936e-02 2.136954586396875300e-01 1.939579710061996587e-01 1.678581341930818205e-02 2.513443799689412117e-01 7.036700642175658382e-02 3.557721109709076623e-01
6.000023713752797860e-01 7.061888125555447759e-01 5.290088254068957552e-01 5.359054143010939519e-01 1.318524163216352463e-01 7.317761792375643282e-01 4.927151549039364142e-01
8.170611510173884096e-01 4.469922387026598054e-01 6.328610656864971373e-01 6.584290243059213177e-01 9.314902222249656916e-01 5.942969872378577323e-01 7.690665131962450829e-01
4.202340738232412942e-02 8.964308581902790118e-01 3.896261695793155067e-01 5.692145776996595519e-01 4.948752534110099077e-01 1.739640258073602563e-01 7.120967757565903611e-01
2.338163559882272535e-02 7.920220138729400228e-02 9.247322495631987715e-02 1.086898474631170508e-02 2.326431125402450562e-02 3.164474859035382170e-02 3.005812834289323110e-02
3.057972703539459935e-01 6.257500600635581556e-01 2.943756077820927075e-01 4.360611123352872154e-01 2.838344159536063671e-01 5.633311816022565921e-01 5.933885364038019583e-01
3.794397627944472440e-01 3.498945586114083905e-01 3.446586349809497296e-01 3.266507261955070018e-01 1.696177611593157053e-01 4.926450873287638865e-01 4.010478733394496897e-01
8.565817312957817453e-01 8.760794841870817029e-01 6.725416196320704865e-01 9.594646535897080053e-01 7.308063975069671869e-01 5.254411785241077659e-01 7.327250221330071644e-01
5.690203384092056282e-01 1.575914348182338443e-01 1.936064440202711068e-01 4.263166534540300812e-01 3.773807534016668797e-01 2.129828280374090332e-01 4.050351203852019522e-01
3.432520283256248472e-01 6.562821353061578655e-01 7.256704892279249863e-01 4.727602118196868597e-01 6.846467610448598862e-01 5.487676586641634380e-01 5.324025608024641754e-01
5.175325144872695571e-01 5.957860746873036017e-01 4.516892092761936595e-01 5.824987347506733748e-01 4.292261069640517235e-01 6.508973413863441415e-01 4.452639570198034802e-01
8.169818466521707734e-01 3.214665960945249923e-01 6.028285739148064870e-01 4.334293325770793293e-01 4.828210195992141962e-01 4.787886748169361550e-01 4.159341980550093631e-01
5.659351425565649629e-01 2.951993888418341649e-01 2.469125623129106994e-01 7.091102316633325353e-01 6.061146256979554892e-01 3.169199972171704016e-01 4.831463563771173919e-01
5.087626497413121340e-01 7.203905195087741964e-01 7.225873434160851039e-01 8.031050934284184040e-01 5.546238783281296492e-01 5.965413922022770876e-01 2.377658491899601878e-01
1.861465888671050006e-01 3.484113644729663894e-01 8.553453767745988756e-02 6.139717476350152747e-01 6.209676829166710377e-01 1.077837804451891590e-01 5.415376634145426804e-01
5.773514812193537571e-01 7.819789337001548102e-01 6.184835890628147537e-01 7.583547119779521228e-01 5.578109431080520153e-01 4.445813475147469829e-01 4.929256737944980871e-01
6.476579640524973147e-01 6.767853040954432409e-01 6.258133962316263510e-01 8.252761400611334786e-01 6.586976058315485716e-01 4.835193470228144608e-01 4.172972101430493241e-01
8.217181128198984830e-01 5.895650436185706500e-01 6.640807584931768259e-01 9.431814377107103908e-01 9.597357516176998615e-01 4.545266923169588580e-01 7.626075626631720894e-01
8.501824458785407490e-01 6.908345054645397276e-01 7.181022425164653722e-01 9.439886458014494774e-01 8.694950956851243973e-01 3.508812851709012803e-01 5.487111126852668441e-01
9.378698966509040336e-01 1.779595233150049194e-01 7.459645563064097873e-01 5.106391978996673853e-01 9.160894127562642097e-01 7.694486875084616262e-01 6.862049048032350385e-01
9.074525715006813709e-01 7.659902881913513983e-01 7.211346751673217703e-01 9.444576507531592391e-01 9.366456114221364260e-01 8.033696313949002521e-01 8.286444390902014678e-01
7.159097804861835890e-01 6.522662445600937442e-01 7.157730515697715568e-01 5.336041707775163179e-01 5.458218024577945471e-01 2.540141433109546210e-01 3.799724297889934821e-01
3.277505660253795527e-01 2.904937432383228879e-01 2.997419996637484818e-01 4.157097492352949120e-01 3.368044660892337561e-01 2.570661039644790424e-01 2.468564504033993745e-01
9.407938966845628137e-01 7.650327467642752399e-01 9.366875189068145646e-01 6.999762955608306303e-01 7.425384742673486471e-01 9.362201187359591170e-01 5.670927885526593215e-01
2.660711626646618533e-01 1.952712819876660788e-01 1.812838481547079938e-01 2.146634701529009370e-01 3.562092266511172056e-01 4.994961579196799950e-01 5.414908148442573177e-01
3.872991514769876797e-01 3.244551091533300902e-01 6.533473213543403713e-01 2.323584166146291374e-01 6.165738312993198633e-01 1.688663952351933673e-01 3.776545817555208018e-01
1.756146680278473649e-01 6.950030869441814474e-02 2.548273630129913037e-01 1.310305679604810702e-01 3.950145570561289787e-01 9.099117406261708618e-02 1.657582326439651643e-01
4.369492669876725577e-01 3.556331078684119573e-01 4.973904847340545055e-01 3.737798287250422291e-01 5.950566283427178860e-01 4.043376549500090067e-01 5.536496376412927134e-01
1.462128769014559015e-01 1.487064132583938436e-01 2.421200576619676470e-01 1.850071732685091841e-01 4.787335370201617479e-01 1.558207129870890495e-01 2.186389614238379298e-01
2.871640840616153101e-01 5.226702405101905091e-01 1.909184667154273374e-01 7.693859308766113347e-01 5.815455154515802860e-01 7.364939606288850582e-02 3.865882118382111821e-01
8.541027796236391190e-01 9.222706555328670230e-01 7.310916282704702507e-01 9.522015858871949456e-01 8.906240570358932018e-01 8.449856558168040710e-01 9.596917682034524777e-01
1.334890202369161116e-01 1.000071034597341812e-01 2.357558703637552266e-02 1.655313373724257020e-01 3.233800432644784451e-02 6.398408576393238567e-02 7.334924955034671790e-02
4.525857090864049970e-01 2.824378504717668381e-01 3.712067588677546714e-01 2.155854570468719866e-01 3.932456332258880138e-01 5.105880629508015023e-01 5.179220340128191102e-01
1.545437627551294324e-01 3.022594815956580749e-02 7.066033706635371781e-02 5.181872607572002298e-02 1.945972724352031946e-01 1.777479071964419566e-01 3.147201370588266767e-01
4.637956526433920090e-01 4.812242521227280689e-01 5.256587360359284977e-01 1.086914688579985189e-01 3.355341788846999407e-01 5.964528666227298936e-01 5.340185423639787210e-01
6.788427286195395371e-01 6.591922157986533914e-01 9.235898437984439990e-01 2.830716176620888258e-01 6.609806530177593231e-01 5.720691692661271643e-01 5.362963906457893781e-01
6.018347074240227856e-01 6.787439882948799186e-01 8.821682317573067422e-01 5.840758491773312411e-01 8.813913972117006779e-01 7.901436863208435302e-01 7.695816371240279397e-01
7.358080563309545852e-01 5.507861736339713099e-01 8.878131968054985279e-01 2.305435504813884151e-01 5.738973699044436216e-01 8.206489802373514442e-01 4.688104839235346377e-01
6.132487560693173911e-01 1.931738522896601640e-01 2.553735639064882990e-01 4.875878843331746260e-01 2.281286474317312241e-01 1.113396654609465353e-01 1.622665770391186757e-01
8.133778176586059505e-01 5.408660283983437456e-01 6.559428394877739876e-01 8.163469427817813262e-01 8.349806100595742464e-01 5.868915227296690462e-01 6.417674575801275427e-01
6.022515012318063743e-01 6.257911807311221652e-01 4.285604129301467946e-01 7.253654483090756777e-01 4.882838095072656870e-01 5.878237200958738029e-01 5.438839682586747992e-01
5.323238260726688154e-01 6.246078494683720006e-01 8.051866761657822114e-01 5.058101215450679922e-01 6.715158026199787855e-01 4.533115425865025250e-01 5.104741970448833932e-01
6.340974260648384320e-01 5.488854077667805198e-01 3.512749344759178438e-01 8.429300229771646835e-01 6.791052168700844049e-01 4.928181985582688052e-01 6.576950727361088322e-01
2.686082922526946692e-01 3.785243069398608329e-01 1.670763742275798158e-01 4.273221634428615578e-01 3.097931570373475552e-01 3.571062068939608869e-01 5.340570806908899737e-01
1.526887337472020989e-01 7.540817735555207513e-01 3.289048875300677466e-01 3.251728321228555263e-01 6.668362324126064777e-02 4.511847230184666824e-01 2.800229759607139046e-01
9.080781368631760664e-01 6.195777992879715201e-01 8.258153567908670389e-01 6.908970046348856808e-01 5.614006796386092901e-01 8.119635386584862502e-01 4.149499226335875424e-01
8.301680762205909669e-01 7.425777547868330775e-01 8.070941375803679652e-01 6.600454150794254904e-01 4.487149608321487904e-01 5.948516307157775129e-01 2.695232070693588389e-01
7.970866159460581191e-01 8.547413009899240688e-01 9.415299007763859862e-01 7.647358402436832403e-01 7.177516971714794636e-01 8.841932459070216410e-01 5.108201302339964167e-01
7.032803245021879146e-02 1.282066916191106354e-01 2.465319288331648262e-01 2.362270629320334381e-02 1.457138999830931425e-01 1.423777016987471944e-01 2.561790687993305005e-01
4.513785762137393909e-01 7.569595910281725626e-01 6.014746802768863310e-01 4.507267513453895869e-01 1.273873692844063044e-01 6.631878684579837202e-01 9.366823410885183332e-02
6.191421071623322003e-01 7.752071502010997595e-01 9.081915673554774582e-01 6.198351871134004654e-01 7.500654738396406174e-01 6.279435338525266586e-01 4.653983035504115073e-01
1.294518107248849303e-01 9.082516782352079154e-02 5.660726401175830702e-02 9.441195650936978767e-02 5.530629586428403854e-02 3.946356665438441880e-01 1.131792610901103946e-01
1.156776826831009131e-01 8.009866352895668173e-01 3.820480255468227671e-01 4.429725584969301244e-01 4.896806147880852222e-01 6.294038009588519555e-01 7.690760337033143434e-01
4.688303920005171821e-01 3.357396317284926934e-01 4.846919483614753332e-01 6.227253556722892602e-01 7.962563917972147465e-01 3.967294483078241396e-01 5.592800543297853366e-01
2.233953492488853776e-01 7.795074089201365908e-01 6.132397887684026827e-01 2.162392190099653444e-01 2.556387421209365129e-01 5.373680686341624213e-01 4.655012180495192164e-01
1.747666621066475412e-01 5.484976372209554585e-02 1.388161101714197043e-01 1.258757179671832205e-02 7.100820285268127918e-02 2.635434458979293293e-01 1.298557481720548079e-01
1.702207119610371633e-02 5.570042059475921459e-03 3.617036413804108896e-02 5.942032789715334662e-03 5.726621742360293865e-02 2.814276430494311310e-03 2.636591029755963600e-02
3.654464283150292148e-01 5.144194283979636184e-02 2.358256740010452601e-01 2.618469324085061500e-01 8.391859768889844418e-01 8.874151717249850746e-02 3.426831741935664755e-01
9.162023486375245884e-01 9.834046280614637814e-01 9.252356774813821350e-01 9.081671214468840514e-01 8.506265643518418074e-01 9.604606435598705971e-01 9.490153709576456542e-01
8.046438908985058536e-01 9.399003491692907719e-01 4.103231769228051773e-01 9.633809406312784374e-01 5.816864767111837864e-01 8.819357611616018833e-01 9.652135029949422407e-01
1.478533940968795313e-01 4.104555485665786208e-01 1.921381178097827935e-01 4.040068287509231970e-01 1.532106583472341299e-01 1.733919811080698037e-01 1.786122954821549591e-01
9.212390794466771560e-01 6.185742722165570306e-01 7.750003122815400936e-01 8.637049931633404842e-01 7.216993067413568497e-01 6.523003433005793994e-01 4.845911892125541187e-01
1.998159594749783219e-01 4.695042451634155456e-01 4.561607531468729881e-01 2.003386732740464193e-01 1.252587728668004274e-01 5.438200745005898895e-01 7.734571633367315346e-02
1.524795516925775973e-01 2.544471231388062971e-01 1.926960726939527246e-01 2.065062567496694368e-01 3.270786402281373739e-01 1.070939666405256729e-01 5.233373669231791148e-01
2.881902694525675379e-01 3.243672342678467491e-01 2.551234572549946900e-01 2.290684702406174389e-01 4.840370966121554375e-02 3.688324155717521702e-01 1.759389662930813114e-01
8.004630087888693346e-01 6.605184249041344824e-01 5.504577194843436327e-01 5.491602013394835113e-01 3.313615270890295506e-01 5.553390301501800463e-01 7.681574524981700236e-01
1.231338537663378419e-01 2.058422443751502517e-01 2.131193269167033777e-01 1.169932300023250327e-01 3.242793017998337746e-01 1.552528741768003373e-01 4.680907604706761038e-01
8.420261260005976744e-01 8.236265653068074455e-01 7.618527414430247280e-01 9.536185980021125719e-01 7.683375850319862366e-01 6.264370993591648062e-01 6.936576278536883411e-01
1.047825542883878969e-01 5.873236429448687179e-01 4.769506680350423800e-01 5.960761746105053271e-02 2.521157055161893368e-02 6.665276512237439110e-01 1.386130653330688300e-01
8.174401669338500209e-01 6.862136265208902408e-01 4.630449560135733167e-01 8.927620567755644165e-01 6.383234874811023474e-01 7.261122901232597293e-01 8.287302437780140751e-01
5.392561397768563802e-01 4.762555370340010308e-01 1.607644307807666317e-01 4.722623591339882299e-01 1.145744726527482271e-01 7.694403929419630916e-01 6.046096074944206089e-01
8.599173868214773364e-01 8.413771227228885596e-01 8.836296631756977993e-01 6.337927321885910015e-01 6.014664934482425451e-01 8.858158665919824148e-01 7.344223732114926184e-01
7.292388126578400742e-01 9.277248807058564584e-01 6.474657761145230506e-01 9.300021466556118721e-01 6.563567996490746737e-01 7.468385678879340128e-01 7.588588444461050742e-01
7.719673981691056452e-01 3.149982550793973823e-01 4.453942134415105891e-01 6.924205791607374039e-01 8.866016385145485401e-01 3.200553618239618259e-01 7.370984350419969022e-01
2.342101022040133929e-01 9.634459590160998621e-02 1.585482302245555530e-01 1.812434499066136184e-01 5.492620693985372782e-01 1.780301624036053632e-01 5.860779423847313208e-01
3.095918152272606472e-01 5.367662888794952902e-01 3.097144869104805354e-01 5.106822494024824133e-01 2.875891150906682014e-01 3.612673023076006240e-01 3.963976960851369746e-01
1.626883669026685242e-02 2.979245859652752682e-01 4.822501604203299763e-02 7.234602095415442191e-01 4.168807591777294874e-01 3.953330342147115539e-02 9.502435676774284579e-02
9.131129625711986719e-01 6.913242522130501611e-01 7.474932955918570654e-01 9.378862655176791741e-01 9.733213931322097778e-01 9.518412806189182618e-01 9.611174711989123320e-01
9.317640247687670740e-01 9.964284639981272340e-01 9.389145443042999917e-01 9.859534699995702312e-01 8.355836456175893545e-01 8.535232458413630763e-01 9.376804653206047835e-01
4.031696316285411918e-01 2.214338211891810348e-01 1.947198488964246854e-01 2.953908435740464911e-01 1.461347050499171019e-01 5.446449542759130846e-01 1.321914024595620130e-01
7.263942042680652245e-01 9.146521218871136449e-01 8.541735251201769685e-01 9.182796938432984390e-01 8.962078171316534281e-01 7.343064017457415771e-01 8.264133185331434817e-01
4.806969865004794285e-01 5.195905772315861926e-01 4.693388358666152338e-01 7.626299504570432930e-01 6.410043430514633656e-01 6.078666070789010556e-01 6.201193484177742743e-01
5.332042484443755281e-01 2.055638533317197814e-01 3.048318834118112219e-01 2.152755636069952350e-01 2.813144635874778032e-01 5.213067775561814887e-01 2.858020376297473186e-01
5.367258608371783257e-01 7.230153260618410460e-01 6.746890537768619467e-01 5.031546668227460106e-01 5.610030191019177437e-01 8.087664787259198906e-01 7.686837454780135470e-01
9.633798638063360009e-01 8.816042739535583372e-01 7.935172493266338112e-01 9.682773005938181132e-01 9.574920244049280882e-01 7.317365342635407943e-01 9.671494890453952165e-01
5.807931776068747665e-01 4.104511744196875922e-01 3.868221587525546012e-01 6.150067726386395650e-01 4.382167803123593330e-01 4.266589152485541492e-01 3.281695538907983822e-01
5.413805616847122693e-03 4.667856522472035863e-03 6.291762375422210729e-02 2.514246555576304942e-03 1.853226835373789072e-01 5.251657584482094521e-03 3.521621725495038824e-02
4.739643211833668435e-01 4.750613852216556410e-01 6.166992227393471859e-01 2.559015134057268104e-01 6.169668007642030716e-01 6.487515700458559298e-01 5.473207767602238372e-01
8.383152830317922577e-01 7.580365463737395171e-01 8.223972319245289597e-01 9.551095815849186543e-01 9.594369705300778151e-01 4.152071928655922672e-01 7.503902320320214869e-01
7.331669634634986332e-01 5.179980108736450539e-01 3.859137953568765877e-01 5.333622900403306444e-01 4.566290108487010002e-01 8.936797768879516379e-01 8.371135148359367673e-01
4.619782169038952890e-01 2.726889595346185802e-01 3.002614505817806645e-01 3.822503671215461418e-01 3.533148916903883219e-01 5.296827822319036816e-01 5.023334418574183502e-01
8.839900228219460532e-02 5.001369081880471246e-01 2.949529078550055528e-01 2.053267413628655502e-01 7.667731773108243942e-02 2.016250335891000556e-01 3.933045148379998857e-02
7.386360338072370801e-01 6.924611179188969734e-01 6.781776562171585310e-01 8.639548253635777053e-01 9.015136384405195713e-01 7.437652327376531591e-01 8.543017619055727208e-01
6.852570285055827881e-01 5.969543091281207525e-01 7.736346905969790910e-01 5.319990781033477889e-01 5.292243110015988350e-01 6.377721948299112098e-01 5.126258804166424765e-01
8.431821761306326213e-01 9.665224957175402309e-01 9.803887073497292715e-01 7.230718869242231950e-01 8.252791652921587229e-01 9.591859536676010656e-01 8.589845157182784963e-01
9.362200574851173851e-01 8.837760255401835296e-01 9.826273600608673719e-01 8.795649304912527278e-01 9.858254517894238234e-01 7.621987369184957117e-01 8.510583647155800513e-01
7.886760485887336358e-01 7.734395866192642632e-01 5.621376769374806237e-01 6.352277063047337968e-01 6.073675095103681087e-01 8.281247752105831417e-01 9.707702098267212421e-01
7.724326011447495421e-01 5.703090839997537742e-01 5.237359435137554087e-01 7.756317177442718647e-01 5.644626840949058533e-01 7.295735553055261446e-01 6.078067161336646596e-01
3.048050911881811098e-01 6.564140983410341468e-01 4.033590254462465774e-01 4.402461672934993020e-01 3.859671405516564846e-01 8.047025073115194882e-01 7.642082955460574034e-01
3.330575367381687357e-01 6.417357434288768481e-01 5.225018498340455730e-01 4.867930560863093503e-01 3.953226630110293627e-01 6.837709769587581032e-01 3.930957209330129820e-01
9.750667197621476490e-01 8.809194680699805602e-01 9.647323244309922163e-01 9.610835725301380972e-01 8.538250038400292397e-01 8.955577710448319184e-01 6.337566937009213586e-01
2.443965585680849539e-01 8.838018999897090389e-02 3.187052622082369169e-01 1.218225474471405501e-01 3.409235584549605846e-01 1.079887139015159314e-01 1.553377157827967592e-01
3.155241505008336000e-01 1.561794619831741171e-02 4.239709856139040056e-02 6.657364482695288244e-02 7.997820246964693069e-02 5.043069402503164156e-02 1.010374521296651396e-01
1.890612509416061404e-01 2.436888208921734744e-01 3.445960070787423835e-01 2.557890894639210932e-01 3.575536804273724556e-01 4.696271405603734128e-01 2.745714202417911531e-01
6.414615684346811619e-01 1.616307563551535043e-01 7.372220693777802314e-01 1.284160735741474713e-01 8.983476520515978336e-01 3.757126146024966085e-01 6.500500542089024947e-01
5.667552133479087928e-01 4.353370209155622561e-01 6.677087976229401090e-01 2.735513899599951726e-01 7.525754091329872608e-01 8.670033021930665385e-01 7.695132076383398578e-01
4.900718561368667681e-01 8.199177561792463376e-01 7.629514450004730719e-01 4.426255779397570422e-01 6.066105160862207413e-01 6.899756126886622543e-01 9.080440468750288208e-01
7.641234827612917169e-01 7.959929550352420335e-01 6.608281657004111409e-01 8.303713624963385831e-01 4.658797897864133120e-01 5.914991209100430858e-01 5.736959878613280273e-01
1.351199777605971430e-02 1.753942674413998537e-01 3.110311053623809885e-02 1.300683877673856625e-01 2.424567802809178829e-01 8.365989509870330743e-02 4.464841905347547990e-01
6.992468115286648578e-02 7.627231973461490178e-03 3.635543374115522974e-01 2.008425678687342231e-02 3.464511190541088581e-01 9.539516771251921323e-03 4.055265703467092475e-03
2.431131867490146092e-01 1.108162045639554671e-02 2.130101992932780797e-01 3.502978126954736648e-02 2.516278352122753859e-01 3.013870641586613441e-02 3.066717545559632940e-02
6.850342564203210083e-02 2.030977973770710654e-01 8.808268341659386547e-02 1.537875786721086269e-01 9.694191324524581432e-02 1.981391952817466162e-01 2.873780302474733261e-01
5.535261943696725417e-01 3.428216618511282232e-01 4.948020147090345100e-01 3.283287216768263628e-01 5.853543314151465893e-01 5.739417868982195081e-01 7.361904369149124827e-01
6.617579830805524477e-01 1.885870757638629658e-01 6.234223779569668666e-01 3.502610907259992024e-01 7.646576878614723682e-01 5.121442744157250759e-01 6.095235414159295706e-01
7.300094455700896212e-01 7.580718333648250873e-01 9.129767479184669465e-01 3.975468511263046678e-01 4.259802480228245258e-01 8.193726956804365802e-01 4.344868944720123860e-01
6.748126873987164709e-02 2.996191538714623182e-01 9.585431637937252836e-02 8.356355308353485833e-02 3.765209252014756203e-02 1.179886637239578873e-01 3.548572793432988037e-01
6.795501711817851787e-01 2.587844095245812048e-01 3.041304788589196395e-01 3.174949677486772481e-01 2.535437373444437981e-01 6.239146811918544477e-01 5.347801126630964408e-01
8.883154613687325174e-01 9.425285544784915981e-01 8.411031590661950386e-01 9.595560907296516451e-01 8.674737934488803148e-01 7.244554039049867500e-01 8.523379910191068998e-01
3.392830175268951587e-01 5.479105501350245433e-01 2.116390892874827623e-01 3.767058554487994204e-01 1.264776813331991434e-01 1.948565761137962538e-01 3.277088409342638342e-01
3.751310694128888179e-01 4.577798640815542441e-01 3.364232266649301306e-01 7.334405304553435201e-01 2.997904163785278797e-01 3.359518334731376177e-01 6.554555486502444683e-02
6.194681969536327548e-01 4.682505410639472565e-01 2.268585765669697829e-01 6.365052370375131607e-01 2.837652296293526888e-01 5.917174915466031360e-01 6.854459234376483190e-01
7.794352153153341067e-01 3.657898468864096975e-01 2.157139994298623020e-01 6.375784216833315643e-01 1.491765277460217476e-01 3.346292712107826750e-01 3.714421698705263619e-01
3.339457783604184993e-01 4.549663773389167609e-01 7.691478169799067510e-01 2.531283953941265152e-01 6.339258570224046707e-01 5.658448866708782887e-01 3.327448305538415196e-01
3.527842300233424710e-01 1.732980446797442453e-01 2.633229237508718512e-01 5.478100195291710772e-01 6.233178270049393177e-01 2.173901095480497148e-01 3.864738953873809724e-01
6.415527232187024920e-01 5.146698743307478452e-01 7.672219517548035661e-01 5.526952633569032214e-01 7.401856048963963985e-01 6.300674336470306613e-01 3.159867417879339557e-01
7.630194520616497833e-01 3.141698663918275347e-01 5.285396909538484511e-01 5.859343417236767548e-01 9.012044796254485846e-01 9.126749250143306735e-01 8.823509983767690024e-01
4.159922986694918334e-01 2.324603108673072849e-01 2.654231224807526712e-01 5.185895307019671163e-01 6.869792263023555279e-01 1.767448614578000510e-01 5.825953165442383508e-01
4.824555763740598358e-01 3.089180147935255416e-01 5.161587069563580155e-01 3.154992069346620465e-01 4.448079336434602737e-01 4.029133961273248521e-01 3.499986773836116782e-01
2.412222514897255921e-01 7.651601124204593374e-02 1.792537731464333151e-01 1.866574981971558800e-01 1.507108223158866167e-01 2.196348721343149846e-02 3.545154627605717756e-02
3.759328890656276623e-01 8.628416611170294237e-01 5.438156735326920010e-01 7.158897003145551219e-01 5.702390961814671755e-01 7.947627334563381885e-01 7.489792466556339789e-01
4.113955309773589808e-01 7.161866137074485161e-02 2.620781632052993082e-01 1.216310479222956764e-01 4.218471141066402197e-01 1.188137504289647484e-01 4.347925240155813276e-01
9.692186940368960890e-01 9.812711033910821445e-01 9.928691489421977989e-01 9.110881057212827372e-01 9.454270121641457081e-01 9.895015318199298360e-01 9.629928575256059275e-01
6.223780255059481181e-01 5.558802245606246917e-01 4.581879681334922183e-01 8.448325627301256358e-01 6.145416910294443369e-01 4.545543230442299909e-01 4.750943899283775473e-01
9.482397337702854756e-01 9.712255697942300259e-01 9.562300113791013523e-01 8.800209224788853035e-01 7.423818907700479031e-01 9.880836226645424158e-01 8.952930432143435535e-01
2.850088762934772091e-01 1.527115594354248596e-01 9.651568226723294952e-02 3.386828427788927676e-01 2.775489231571555138e-01 3.164250072676502712e-01 3.238751347277921688e-01
1.390991845046797293e-01 5.259390037275601948e-03 4.738917925698649114e-02 3.888481781203811938e-02 1.967284670099616051e-01 6.298282977992175624e-03 7.396124187491343038e-02
3.003761143200861516e-02 3.716777853708668200e-01 8.443121679781029343e-02 2.238280316747959242e-01 5.849790945649147034e-02 4.270019214627923665e-02 1.186753917167665540e-01
1.224274084920857764e-01 2.580817041737485384e-01 2.598234229440934406e-01 1.940378382352028752e-01 6.050631776452064514e-02 9.309233356587653940e-02 2.810325950178155230e-02
7.350464510157750375e-02 4.430548221595292935e-02 9.395991688476956760e-02 1.174483962800461079e-01 3.542103846557438374e-01 3.798501958402378254e-02 1.297962340414846039e-01
8.153819227622444155e-02 1.565521288006984646e-01 5.734324466141033083e-02 2.796374014104627270e-01 7.261782651767134666e-03 5.314767572611128754e-02 1.371546886832275547e-03
8.482662883239575624e-01 8.205058356922940721e-01 9.231017510953525296e-01 3.847925027098024753e-01 5.940942333545535803e-01 9.619976219964365693e-01 8.178264074126480043e-01
2.364798819717906508e-01 2.274531655410274578e-01 1.652043386861367646e-01 2.129510773575965521e-01 4.717736232560127974e-01 3.360808026130867598e-01 6.380084867505675383e-01
2.360965689412781732e-01 9.187208005885483253e-01 8.287797263319474084e-01 7.133731093896318320e-01 7.354215476661920547e-01 7.745612166820424749e-01 6.724029548884711271e-01
5.181566720007985127e-01 4.409128534107710218e-01 5.705830909792787287e-01 6.129255435342113589e-01 7.368113051634281874e-01 5.754008252798042955e-01 3.637039505522653426e-01
9.748309004841166914e-01 9.467333433716274005e-01 9.259835143324315343e-01 9.233672466324510664e-01 8.298685050103813410e-01 9.794104135760175467e-01 9.541137507527364114e-01
5.300217648438692031e-01 5.139235724491955093e-01 1.330357637079855326e-01 7.866208822213486274e-01 2.723864738363772631e-01 3.022285742339907988e-01 5.411916081456540351e-01
9.563132583016588084e-01 9.927720516597531297e-01 9.579988005211605984e-01 9.879438575331629391e-01 9.476802411954849958e-01 9.963615635055551589e-01 9.898653069128797721e-01
1.996283736244892082e-01 4.214973764908522824e-01 4.361305204994877505e-01 3.514351138855669188e-01 2.732311622239649296e-01 3.733639592700499499e-01 1.185851337952695816e-01
5.279742948710317574e-01 4.702806056993590333e-01 2.847810109995633776e-01 7.453907492088056586e-01 3.219316939357668161e-01 1.111337598570084073e-01 1.921386686134097799e-01
8.078433783202845220e-01 4.406750449977963058e-01 6.523242134689608562e-01 8.094845271421690081e-01 8.865993774961680174e-01 6.380983050081567853e-01 8.067286726668991825e-01
6.184767588639337177e-01 8.220067520600687905e-01 5.595689676264022916e-01 7.706701240646589568e-01 1.586815165355801582e-01 4.768293063616914074e-01 1.423334963675283449e-01
7.300404760648040448e-01 2.942766397410856993e-01 6.369231885563904072e-01 6.091144075860875917e-01 8.523424086160957813e-01 3.461975504748394661e-01 6.562310830380909676e-01
7.536370170552004755e-01 4.709185508015902855e-01 5.881872313317522138e-01 7.458771553345932004e-01 8.067961838096380234e-01 3.283775079152774778e-01 7.695788170337853895e-01
4.785634364374223293e-01 5.190887839085409627e-01 6.315308716126636357e-01 1.706128279763287625e-01 5.068798013962805271e-01 6.496421815191779636e-01 6.928695569022038647e-01
9.481552276541759250e-01 9.561468884229087362e-01 8.603358064464519117e-01 9.491062795282946274e-01 8.480066533666104078e-01 9.771794371076569785e-01 9.227231870061431973e-01
2.908009135988146587e-01 5.632647540528756824e-02 2.487801694964453247e-02 3.013949773330409920e-01 1.327843754552304745e-02 4.100942023839720951e-02 1.285132473797012675e-02
1.338399586801520824e-01 1.415510792603754120e-01 5.585099061964649003e-02 3.869536969791690373e-01 2.710607761982828379e-01 3.183835019044320980e-01 2.920762326079426874e-01
8.027409049176122968e-01 4.022740655971955848e-01 5.639282434616187389e-01 7.618308881107292985e-01 5.540500066708773375e-01 5.066836657713851277e-01 2.822117743199841211e-01
6.530364800887837884e-01 9.460220425109133746e-01 9.250871287681949884e-01 8.662945791663285711e-01 9.418346504680812359e-01 5.862831727222760358e-01 9.071288085140736257e-01
7.162086741243418597e-01 8.134345721677564978e-01 4.897842431452945622e-01 8.251146133632130120e-01 3.553746512625366449e-01 7.152523291686783136e-01 7.383329326047611829e-01
3.759382465338635404e-01 4.502377643188975598e-01 2.531652733902692298e-01 7.422488719590383255e-01 5.181857259012758732e-01 2.419745685557933568e-01 3.569015465156344380e-01
8.289957435215478121e-02 2.559585016828194171e-01 3.971805897921656392e-01 8.944371233792447473e-02 3.871065040584653616e-01 3.648595034834166140e-01 3.008740565101887254e-01
9.585516331786625432e-01 5.365501372600717245e-01 4.594939598604957376e-01 8.364977788618711552e-01 8.364582841750234365e-01 8.996615174907013346e-01 9.873743711215249297e-01
6.284792980029391130e-02 2.823729683231286924e-01 3.231952910590741856e-01 2.700953956010421209e-02 1.028776264283806086e-01 3.022145150557269955e-01 1.431364280453985005e-01
1.681540509844142717e-02 3.400846724609140059e-01 2.444153516270743953e-01 3.457902891805132439e-01 4.266473529860377312e-01 1.519335076570693666e-02 8.269425367190769149e-02
1.456066552632293565e-01 5.878335116295686502e-01 2.986279731928995762e-01 8.201212631845467005e-01 7.373408027924597263e-01 3.409807648832017257e-01 4.800432986767881327e-01
4.121708277108445673e-01 7.576134763622530688e-01 9.485779204986597435e-01 3.788397021929167940e-01 8.223846736364066601e-01 7.767383558504237229e-01 4.963094234321714371e-01
5.795589172150233948e-01 8.475699775756335708e-01 6.660189190001651882e-01 6.716134886328957165e-01 5.700429200660437346e-01 8.539589160288024727e-01 8.357865794045187258e-01
5.710902992077679929e-01 3.935045198417210788e-01 4.968598842055982345e-01 5.468662712626402023e-01 6.488776567857712507e-01 5.439563098825715981e-01 6.060814129107958692e-01
3.502924262849538284e-03 1.579249977997354559e-03 1.205914540827746073e-04 6.253679573067105757e-03 3.402361180633306503e-04 2.193501168799794065e-03 3.656796313889876249e-03
6.482659862458475253e-01 6.737394093850720411e-01 7.605950916399913941e-01 3.548673567176129362e-01 4.056115762796252966e-01 5.282526879647531093e-01 3.456926111408615832e-01
7.392517587489528808e-01 1.122945408452568072e-01 3.233569734475164603e-01 1.954862146556363700e-01 1.462805981282144785e-01 4.579476255426999654e-01 2.194778350271693323e-01
4.088769657138263680e-02 1.064578378619941423e-01 1.906127824986519892e-02 4.718585335459646313e-02 2.484242734499275684e-02 9.388436099575991900e-02 1.419297761913412836e-01
9.515269240752397550e-01 8.748678062132972943e-01 9.585462952608780896e-01 8.522477183258814204e-01 8.982896052766591311e-01 8.818411607030739452e-01 8.313862945686432138e-01
8.214117177417723514e-01 1.664732226832955631e-01 5.527949160446476995e-01 4.558126712967160987e-01 2.162050290498882532e-01 3.633101895485386090e-01 3.742142273947701714e-02
9.952364280463625867e-01 9.920892269944581177e-01 9.478943551172571702e-01 9.973509017095218976e-01 9.907493840437382460e-01 9.854878040116910043e-01 9.986267549938936394e-01
3.092745922115835433e-01 7.273859782081927294e-01 7.662487233298871381e-01 3.714535044294334787e-01 4.207672853954136372e-01 3.640451397299122593e-01 3.189422534491892502e-01
8.235316932347296337e-01 2.506691062599415432e-01 2.904508635330883548e-01 8.676200166045144879e-01 7.479086802341043949e-01 6.706536099018126640e-01 6.899951292751475007e-01
5.921883659401027122e-01 3.228826374668257171e-01 6.365365899647331682e-01 4.917465244968495797e-01 7.514442647807300091e-01 3.086865070934837751e-01 4.899412143631405869e-01
2.872969187468465968e-02 2.153936949274273815e-01 6.080350496916236969e-02 2.309249428369499202e-01 2.014856629539281130e-01 8.128851960008198763e-02 2.698310712684203194e-01
9.283887946324538287e-01 8.557882824431658486e-01 8.995786075976894836e-01 5.401684136937519032e-01 3.099825142417103052e-01 9.903069290429393767e-01 7.518918191383807681e-01
8.267981824690825432e-01 6.229118989780977333e-01 7.928788751456822270e-01 6.286738370423984312e-01 5.899356408044695854e-01 6.590572471406526134e-01 4.913182451930576122e-01
9.069758092736213140e-02 2.983494754327373766e-01 2.435593464760300586e-01 1.274886992604651326e-01 3.289962550625205040e-01 5.750780000624085009e-01 5.868930246215561253e-01
3.168322707171359331e-01 5.243559577834880914e-01 5.603416210929219599e-01 1.858169946189979216e-01 7.796417106874287128e-02 5.657853954856157941e-01 2.285519584809740934e-01
8.620448238632898441e-01 3.655010317827350752e-01 6.828179705732044802e-01 4.887636423291245591e-01 4.974460043013095856e-01 8.418066272977733355e-01 4.502738300586393572e-01
1.922080267577954693e-01 3.832142734739912293e-01 3.005360293272839600e-01 2.884886257875233229e-01 6.557902037166059017e-01 3.390881431627481568e-01 7.605519392102387810e-01
3.405315287339015784e-01 2.547869331459823861e-01 9.017911503963194075e-02 2.045107584746605478e-01 1.494479419197887182e-01 7.401861404748976137e-01 6.748128827821557874e-01
1.375122777475621949e-01 2.221564288771443740e-02 2.233242573426796884e-02 1.279088169305016565e-01 1.009759465232491493e-01 1.928816866368765481e-02 5.471042041474005746e-02
1.433139566416458677e-01 1.534915414368424047e-01 1.069760030847631826e-01 9.467237100761632940e-02 5.089255794882774353e-02 2.486172528438467810e-01 1.180551199565658682e-01
9.058525643077034450e-01 9.933391885993259063e-01 9.123003356327915592e-01 9.643412734983839441e-01 9.002614426426589489e-01 9.955861751675014748e-01 9.896588852902603595e-01
8.131285122004547894e-01 3.512859713002344786e-01 6.703760208361828621e-01 5.038345464097088167e-01 6.648494333494454622e-01 3.507376933012328335e-01 3.936063487161223229e-01
4.671894626374072379e-01 3.713492388862692506e-01 2.426120569294191176e-01 4.141703304217430048e-01 2.387344352900981903e-01 2.266994406992503541e-01 5.516379751669657772e-01
9.483940535181893949e-01 9.758253958824377738e-01 8.675760986962276489e-01 8.944267890845646329e-01 4.885381311178207397e-01 9.935760954230334896e-01 9.380702307669450679e-01
3.175439612231002462e-01 2.857016920272509308e-01 2.479264563231639018e-01 3.640343641845777967e-01 2.056814385578036308e-01 5.066820267002056788e-01 2.348586341389143350e-01
1.259154801834596604e-01 3.429161321251432137e-01 1.827216165580785590e-01 5.724574255372666398e-01 1.144756751600652933e-01 2.205091398954504012e-01 4.322007717757420098e-02
9.937651479784792574e-02 8.397665053013645409e-01 2.752548888576078490e-01 7.757011831996849516e-01 3.470777163747698069e-01 2.722520896390554501e-01 3.367523344783444061e-01
9.574463096937119166e-01 8.864100328462292122e-01 9.044245018964588434e-01 9.461220470702152996e-01 9.568767449818551540e-01 9.312834507769163217e-01 9.278480463814289259e-01
4.151988624596374411e-01 4.604172204714950256e-01 4.154974856616400758e-01 4.661579475753125923e-01 3.839245629496872425e-01 2.593547217454318377e-01 3.047993111843061431e-01
9.547242589087845399e-01 9.760509292238890300e-01 9.979356050557679492e-01 7.173555077969675509e-01 6.388071435503661633e-01 9.558827688702981051e-01 4.689280760149420191e-01
6.655562003146503480e-01 6.236381845558952586e-01 6.636978910855855229e-01 1.817915096972508859e-01 4.305453435517847538e-01 9.620705393986574983e-01 8.673199303226662993e-01
2.728122239484453981e-02 7.613428170306552056e-01 3.436111876671530396e-01 3.846940190672584192e-01 1.860029520466923714e-01 2.647747551237636943e-01 2.616149177852981067e-01
6.670729945858305809e-01 5.111859863696368578e-01 4.663544226144604732e-01 8.640379582202664110e-01 7.380079529248178005e-01 4.158395237196478300e-01 5.726680018129066685e-01
8.629131717936304735e-01 6.840662718048564628e-01 8.295920498303428481e-01 8.563576930384892982e-01 8.697414356283843517e-01 7.615239324214522210e-01 8.229321305028015621e-01
6.882574698469992036e-01 2.885366243237638129e-01 1.511221932135859425e-01 5.508520397065908014e-01 1.781900844071060419e-01 7.952132247467865733e-01 6.298221740908148680e-01
3.240294383253214949e-01 7.242071007508783520e-01 5.943275248049671999e-01 6.507562141896234831e-01 6.246234367135912180e-01 3.814223034264119794e-01 6.732244407137073505e-01
5.027251993473594860e-01 5.362521749666129267e-01 5.800926502797993933e-01 5.212234163512221574e-01 5.696609681472182274e-01 8.062168014554735862e-01 7.297233734934227556e-01
3.661246193348360323e-01 6.699712039784989637e-01 6.720880724628923719e-01 5.722881640052945862e-01 5.792178462725132704e-01 4.878044847785353855e-01 3.697913613242080899e-01
2.220523140036033682e-01 1.317088004587316785e-01 2.666801294004805811e-01 1.895566496227410469e-01 1.629631479736417532e-01 2.816063857175822305e-01 9.822779540940401732e-02
2.273394360742673204e-01 5.412624010291139376e-01 4.098270452441975520e-01 3.776063466878724628e-01 3.469216313678771257e-01 4.571955976448987546e-01 3.190280326505628983e-01
8.855133560675652049e-01 6.385039260122130633e-01 9.843943463743539679e-01 4.803655814888830311e-01 8.512754726689308882e-01 4.313530783562888882e-01 2.479975523654703862e-01
7.469373651376061130e-01 7.957391893101650737e-01 8.100092237791850502e-01 5.405001862092315701e-01 5.386484465561807156e-01 9.576372855933266148e-01 8.746810754213093508e-01
2.450159694669519772e-01 5.672037777608104347e-01 3.293202625060430710e-01 6.712795829135569381e-01 5.875735918525606394e-01 3.830220558140895459e-01 5.415817381364895766e-01
3.189380959023552231e-02 4.239573024527076850e-01 7.575523901841985097e-02 5.347895356701437564e-01 1.664262372069060802e-01 1.812455328210594296e-01 3.126769306154276729e-01
4.180702483991238783e-02 3.525833393557182838e-01 1.171358993630176037e-01 9.517117207456460282e-02 3.025338263250887394e-02 8.381570988014630519e-02 8.190605594236677334e-02
7.650935700503895820e-01 8.758847738970000352e-01 9.547702388974316223e-01 7.735552024498927315e-01 8.741084223147481680e-01 3.540116983438283405e-01 3.872814067357778778e-01
2.745987755987041590e-01 2.052996045388491564e-01 1.449724177262446956e-01 5.101196968708692214e-01 4.062035328242927790e-01 2.788310761563854712e-01 2.552377044282833074e-01
9.951478031355229792e-01 6.061754249623254598e-01 8.284350040534459447e-01 9.143430204872261546e-01 7.996918354183435440e-01 9.762031590719417729e-01 9.115242104137479817e-01
2.218278095862541432e-02 3.923447318237195391e-01 2.233065019050403111e-01 6.400493684883035161e-02 3.852204093709588051e-02 2.676948211553583645e-01 1.399149651224045887e-01
4.379332556804023113e-01 8.397869059627488530e-01 2.953928424720815293e-01 7.518815492464769878e-01 1.747019735630601645e-01 4.578835873514307542e-01 3.843059430244066821e-01
3.442565678892112180e-02 8.641485879944621473e-02 1.172185718089258089e-01 2.455014291350532396e-03 7.301914039999246597e-03 2.460975783794707716e-01 2.192891918607292601e-02
6.819838310381867164e-01 3.724423626566981671e-01 6.820641613316800189e-01 5.236052196137719328e-01 5.179937689099460840e-01 4.353451724725433958e-01 1.921562410389919817e-01
7.123083294584169334e-01 3.597166030299415729e-01 4.357132694345492441e-01 3.164398244750917244e-01 3.670094835106283426e-01 7.187229408371520467e-01 4.569818373357193431e-01
7.264911191671239443e-01 4.658888401174579030e-01 5.404713211733352951e-01 4.602418539086826632e-01 4.029678266961127520e-01 7.749360966261618078e-01 5.372254343905461527e-01
1.605030282191238222e-01 6.851354192262967269e-01 5.110856091489774933e-01 7.830514914382883385e-01 6.903655321802943945e-01 5.676427479804480036e-02 3.054092797340269283e-01
3.027280702334874674e-01 1.060420446622298285e-01 2.726235367214590033e-01 1.688126606510121364e-01 1.945655983872711658e-01 2.327237887287825213e-01 2.466232003270180662e-01
6.089202474236626861e-01 4.720230476666688602e-01 5.146385927132329785e-01 5.887220367773913221e-01 5.574898112099617720e-01 2.808735036473355429e-01 4.390825341286510586e-01
5.344855543665150144e-01 4.752086181739966775e-01 7.798424619267467772e-01 1.076740729884433923e-01 1.564455267507582903e-01 7.494049950623544731e-01 1.455381174390187882e-01
5.470233771215805563e-01 7.136485873150143489e-01 5.084312777131120287e-01 7.113332445935676152e-01 6.123082423582673073e-01 5.722550313884131601e-01 8.794507412915988365e-01
6.578501238921232730e-01 3.695873824364563909e-01 5.459155040888087340e-01 5.154780703836198130e-01 7.444306439720094204e-01 3.879415293420851452e-01 7.356548413808069453e-01
5.932247147105358387e-01 3.688192875155587025e-01 2.831109443528226910e-01 7.289561360491660924e-01 6.653117076493799686e-01 2.638668117175866357e-01 7.133063942890112141e-01
7.184109847345399036e-01 2.828310582839413945e-01 3.951998664414378970e-01 6.189384737736440822e-01 7.172548302914947271e-01 4.984590658442167865e-01 5.993296102879802634e-01
5.853950166887550433e-01 3.379838576109243098e-01 3.687184495741302470e-01 7.239610451205085173e-01 6.699199378490447998e-01 1.967902078267118604e-01 4.229545907672054295e-01
3.465806798189918769e-01 6.387432847966723060e-01 5.809091630659904970e-01 3.322647562156836876e-01 1.025854167528450489e-01 2.080083913874316015e-01 3.671530710334725001e-02
3.982799329405877220e-01 8.057545402739260121e-01 3.899020958194272524e-01 7.571059947205545093e-01 5.735026944894343615e-01 6.867959407688246642e-01 8.096422045033343506e-01
9.003882410452410667e-01 8.535300017715552467e-01 8.718051094750252084e-01 9.572789687633512790e-01 9.235560696106404066e-01 7.078197842867101075e-01 8.791735337660662175e-01
6.292181344773443152e-01 7.143072440836093495e-01 4.535971888295254328e-01 7.630227618397635858e-01 3.610165638383477926e-01 6.982071169999104487e-01 4.492277545348061230e-01
3.016120145547639964e-01 1.069236023047921980e-01 1.263186666452434936e-01 1.570477193403705396e-01 9.390026167966425419e-02 1.273170617722290676e-01 4.528092259887855908e-02
4.627394521019880802e-01 7.557070513548469481e-01 8.002190743257502348e-01 3.379230080038524431e-01 4.627874449361115694e-01 6.545372353568071899e-01 6.351710293736474444e-01
9.133948025026942252e-01 5.874321213183568702e-01 4.264674743686246439e-01 8.911961153715528550e-01 5.138755319640040398e-01 5.982235254294231419e-01 7.583013289245948974e-01
8.611526626209803359e-02 4.388128943331968124e-01 5.375899197014584185e-01 3.081754411577504182e-01 3.901328993961215019e-01 5.455209770570629280e-02 1.021842266566457269e-01
1.156468922714188885e-01 1.646005251144139203e-02 1.401680807633683967e-01 5.136335346170584071e-02 1.813633430283516645e-01 1.154234171558237154e-01 8.303539283570821050e-02
4.569831229941362372e-02 3.438509128017574468e-01 2.709347425153679767e-02 3.898974580517730049e-01 1.246569049544632435e-01 1.340360433285883168e-01 3.090003289305449097e-01
1.530055827070836427e-02 6.512059453205132353e-02 7.093195192814982786e-03 4.372068004085843951e-02 1.237801464740186930e-01 2.235101219432255593e-01 4.790580075731357690e-01
3.045479971920521112e-01 6.117343414204347019e-01 4.025433959994046962e-01 6.659730415533475778e-01 6.087054193485528231e-01 5.838836597514305282e-01 5.079425405172828256e-01
7.142536548113532779e-01 4.755272726356767343e-01 4.132573152516579862e-01 5.948952250031982469e-01 4.952961429953575134e-01 4.556317939600096345e-01 7.389748543704484085e-01
7.615732563756139051e-03 3.279754705776831702e-01 4.379087832069755715e-02 9.409420296390752503e-02 1.667103497311472893e-03 4.949642896236455814e-02 5.511829818817814974e-03
6.725702213547546382e-01 4.605223095526345123e-01 4.415263825715454726e-01 6.499086672438391110e-01 7.506328825838863850e-01 7.555579893469832609e-01 7.791556147382607822e-01
1.705361497874103849e-01 3.986401804228744128e-01 1.257456718422368391e-01 2.706472525520698946e-01 1.455942885950207710e-01 4.634230125833578851e-01 2.801106483579166584e-01
1.343697623208226499e-01 1.790196492727480493e-02 1.145010633541145295e-01 2.583904740410541967e-02 3.773888938594609499e-01 2.033375927407568562e-01 4.366747382072356798e-01
4.400009023121877472e-01 2.555862744223010297e-01 1.617649212054716457e-01 5.509772962070054181e-01 2.355559507850557566e-01 3.068323333082234039e-01 1.844059174788248434e-01
1.434641405105119283e-01 4.780944062243608350e-02 2.495406549068746038e-02 6.203355986241659847e-02 4.735839553177356720e-02 1.387384079046078411e-01 1.484117254329547775e-01
1.586674571427842406e-01 5.824338897296271744e-02 1.001682040151837816e-01 1.861646269635723328e-01 8.602961432188749313e-02 1.330076940245631389e-01 2.294918096946707564e-02
4.249384727493394909e-01 5.889259537936381017e-01 6.266061033474658037e-01 5.040317058989494114e-01 7.000310132279992104e-01 4.546407723853795879e-01 6.412719974878714480e-01
3.948861757893484814e-01 5.878650749751073157e-01 4.134617359834213968e-01 3.849907344207341708e-01 9.931928943842649460e-02 3.068013609366385674e-01 2.551296763631763498e-01
1.244075337352134047e-01 4.658436220490476121e-01 3.432141254537621755e-01 3.193269639769832913e-01 3.298800494521856308e-01 1.472371103410280435e-01 1.942168882997982182e-01
7.936664931237366050e-01 8.912800142076080512e-01 8.055467803730983478e-01 8.453682851768447026e-01 8.314509803894907236e-01 9.705061449024598996e-01 9.723253488477003881e-01
1.269715896036646696e-01 9.522962100264165120e-02 4.132645849546760508e-01 2.485691466224241863e-01 5.777228823862969875e-01 7.316570941238831338e-02 6.807917500330179505e-02
3.029306614409588150e-01 4.770282411049475702e-01 1.030453734943153621e-01 6.629649603263905178e-01 2.778733943123370409e-01 4.714539945877685989e-01 6.239075865811558597e-01
3.119712233904303744e-01 5.225310036573800332e-01 6.511808352844647985e-01 1.491347933169037132e-01 4.169819264207035303e-01 4.382277873667221879e-01 6.381973773668857541e-01
6.875676807396023937e-01 4.512564580098617495e-01 4.585673824300490198e-01 6.713851337491267834e-01 7.105941583868116140e-01 4.195345494928419128e-01 7.819875921130829965e-01
6.370877613443491905e-01 3.548070032848668065e-01 3.439100217991852837e-01 6.446213973747894066e-01 2.030104533769190311e-01 5.236336855106902277e-01 2.611640813840079844e-01
8.000758331573080140e-01 6.481722897893135160e-01 7.971058340248954321e-01 9.136282770218926430e-01 7.548837007489055395e-01 6.519724662266480619e-01 3.072146265647438534e-01
4.297995917665241028e-01 2.539383374212889066e-01 9.183915936446673811e-02 6.519574786341739703e-01 6.708021676167845726e-01 4.205854432528729481e-01 7.777878548230028333e-01
5.120906897541729341e-01 6.373031068186123527e-01 6.826354250720615413e-01 5.752917785843919551e-01 4.335741866379976273e-01 5.421865982221062419e-01 2.660508684897307519e-01
5.737928100927711661e-01 4.775432640286647601e-01 6.828935354650160772e-01 3.067655684160697227e-01 4.624523562379181385e-01 6.405860177260473964e-01 5.032221706096198233e-01
6.485014702381488583e-01 8.066284714111173759e-01 5.497222834415377291e-01 7.948009618003984977e-01 4.410371286794543266e-01 6.365092604587043734e-01 4.773604561209274788e-01
7.535135372426846612e-01 8.517500602479761707e-01 5.009524459485056314e-01 7.635308187853393491e-01 3.615564967039972544e-01 7.704654598479585559e-01 8.682709674706157177e-01
6.361444837228477089e-01 7.364779431779112651e-01 7.305516062315349224e-01 7.283035662466034177e-01 8.228517419192939997e-01 4.847121543207751904e-01 8.129967301027491988e-01
5.008988664260901613e-01 1.353892728631347353e-01 3.772685607069726776e-01 6.808353115283799495e-02 1.632008047308772802e-01 7.787672062640131898e-01 2.721872186609854971e-01
2.379320077841685088e-01 5.049563762389517318e-01 3.201819073249819736e-01 2.746402338083651085e-01 8.698191586881875992e-02 3.554414659179488956e-01 1.214530705862451043e-01
1.582784450858221725e-01 3.186281746893548927e-02 1.058258469739460916e-01 2.590940987765177894e-02 4.050534497946500778e-02 1.275974420725287661e-01 4.580393916004510402e-02
3.150911479163932549e-01 3.403925086880922324e-01 4.859118341886961012e-01 3.300391976223245871e-01 4.191090569365769625e-01 2.184812322108139471e-01 1.969706913480081534e-01
6.975511869209378712e-01 6.419277759788576398e-01 7.323013449783852824e-01 6.712583228873048036e-01 6.252810077276080847e-01 9.222322779065228460e-01 5.958845951574385236e-01
1.334889005249177418e-01 3.577692626179749258e-01 5.763180031220399568e-02 3.489627601830929127e-01 1.620693218428641558e-01 3.450953113194640265e-01 4.279948552008611129e-01
1.521463556624719216e-01 2.651541780167736562e-01 3.351286673070489330e-01 6.222503024525832815e-02 1.129588258918374777e-01 4.273306980874279626e-01 1.742393987317782389e-01
7.826216164405511710e-01 4.312290042112437161e-01 7.427378909306674437e-01 6.713336181208080511e-01 9.249461928848177195e-01 4.915357284699063412e-01 7.445841591360116141e-01
3.805104087452276240e-01 2.776595273320224266e-01 3.640108171937468939e-01 4.754110684766220674e-01 4.961199860554188490e-01 4.228865204346709539e-01 2.860749260114207604e-01
4.166993879817504909e-01 5.106615826311424744e-01 6.769533918222054858e-01 3.245660692459071961e-01 7.524442342109978199e-01 7.594770103848623721e-01 6.831850895612715524e-01
9.487044689000048159e-01 9.104708122800705405e-01 8.279123136388552018e-01 9.506657086685580405e-01 8.398550427518785000e-01 9.563463934920491960e-01 9.623511227799315115e-01
3.510693444873939084e-01 6.791659709944853907e-01 5.451669406722383648e-01 7.797186402016260676e-01 6.399120276328176260e-01 2.184556215123518719e-01 2.411503575315366299e-01
8.415855168241741513e-01 8.637216315806265365e-01 9.847056131475546703e-01 7.040920890519497544e-01 9.756493850145488977e-01 9.533271180973444947e-01 8.022318901270217850e-01
3.628567993724899354e-01 4.945585210337111737e-01 4.780802088754202983e-01 6.108143140286496076e-01 7.516364564653486013e-01 5.962567537149320307e-01 7.558801052995742786e-01
4.717007980062051242e-01 7.717586292953695359e-01 4.840514686685628565e-01 7.201260709784829128e-01 3.409819873049855232e-01 3.625380639266785332e-01 4.448571316285582222e-01
2.081414509666575929e-01 3.239912552576431626e-01 3.368671301394670636e-01 2.479343485014899873e-01 4.794848337769508362e-01 5.108237755599864816e-01 6.143564482144289185e-01
6.299640021063157569e-01 9.341383355902395103e-01 8.129152111079944731e-01 6.948882692992778276e-01 4.616737575270235538e-01 5.630586671076127647e-01 5.455120129364523507e-01
2.416141407633760618e-01 1.775901148365428561e-01 2.906971832030806890e-01 5.018764888895116405e-02 4.683042038232088089e-02 4.545673263830636857e-01 1.313216118373100039e-01
9.584722438353120433e-01 7.455565523428580033e-01 9.020533920256235128e-01 8.956698277806722785e-01 9.584482749924063683e-01 9.183755454588289346e-01 9.193429569153486192e-01
4.194430310295110820e-02 8.946008543463612739e-03 1.621047457676105807e-02 8.182873389797656882e-02 1.855818263720721006e-01 2.272783620994089926e-03 7.776448949637715380e-02
9.735902341268507509e-01 9.025141452487435156e-01 9.889478640013751320e-01 8.931483274704363762e-01 9.789543377701193094e-01 7.847317682486918411e-01 8.519277386115018391e-01
2.385824954811630039e-01 9.302111943728958998e-01 9.796602331278301268e-01 4.369433676318089654e-01 8.795592682436108589e-01 8.339598993028622953e-01 5.738702994335038721e-01
1.977616355929088798e-01 4.667102783225224871e-01 4.014907823911963991e-01 5.006921331235325567e-01 2.076030131429433823e-01 1.854682819923030856e-01 9.401858218426450975e-02
4.805135100020075933e-01 5.887341362409098666e-01 6.348968328955397755e-01 3.947007325100759800e-01 5.865051655564457178e-01 6.701506347385158824e-01 5.145658676020733457e-01
1.353926564493144191e-01 9.506404906502075036e-02 1.885115371855916599e-02 2.334533780624977184e-01 6.191781000234186649e-02 1.183182942943015181e-01 1.609468715922108828e-01
3.178822191018731980e-01 4.357165061435478437e-01 6.684727912204297962e-01 2.580023680470311387e-01 6.360282457899302244e-01 4.733326566955934900e-01 6.350329120516247094e-01
7.039486600929067972e-03 1.392910520417228737e-02 5.513224186704590579e-02 3.449829025210904287e-03 2.586886822246015072e-02 8.086324621309093352e-03 5.126884707840340116e-03
4.837751364357735229e-01 4.931783172891651690e-01 6.498613074882756413e-01 1.878792423744341522e-01 1.852084370329976082e-01 8.947078372935628465e-01 3.824521574388609069e-01
5.588964268291961579e-01 9.203140222946937232e-01 8.142488061561294899e-01 6.079417543478967678e-01 5.132781800348311663e-01 8.710253749151969371e-01 5.085620756870145032e-01
4.217643819172580133e-01 5.926217679032524943e-01 3.522158149785610259e-01 6.424900625776074348e-01 2.896362747997045517e-01 3.771722338189578694e-01 4.329779654993319293e-01
7.199834472288826337e-01 6.647747447045113667e-01 5.633181185897716547e-01 9.239972893676012822e-01 8.817130457609891891e-01 4.312174621699999544e-01 7.000930768194194576e-01
5.278143142438842528e-01 8.564165640300183124e-01 4.694224028053942677e-01 7.446782111859090447e-01 3.182383857201784849e-01 8.662086926389753749e-01 7.442200571740441584e-01
4.759593178020945503e-01 3.814305371126501809e-01 3.422342251591220519e-01 5.846955433714212669e-01 4.232191883493214846e-01 1.429716321186927375e-01 3.681809918365770984e-01
8.384295484968895540e-01 4.208992745495023780e-01 5.249001290583629187e-01 8.930244177217763202e-01 3.608796522021293640e-01 4.247651984087840171e-01 1.706559054063330749e-01
2.143266622488904094e-02 1.324436331497946262e-01 1.664277889430495483e-01 8.823863088160521784e-03 2.020298596471548080e-02 3.003988633459536706e-02 2.543221303679416012e-02
7.888580607437196690e-01 4.650649402961974932e-01 8.852428368205802478e-01 3.672708215149493860e-01 8.511745026335120201e-01 8.761934393163550716e-01 7.494466162527438913e-01
7.730377929609399956e-01 7.929269470627883232e-01 9.740968130501894695e-01 4.423274238512632239e-01 8.809860760811716318e-01 9.214366965717146751e-01 7.557940114269042775e-01
5.344465856790553415e-01 9.146088970134216289e-01 7.154973899057098796e-01 8.153968240735631756e-01 5.868765900377184153e-01 6.978984578403335526e-01 7.584257605767619204e-01
6.441152415328490477e-01 9.186773986337164466e-01 8.555801580533839434e-01 8.713856091147347271e-01 8.543576230295002460e-01 7.433181310919100282e-01 8.195679226599834610e-01
2.612221865522199593e-01 9.892162392655359238e-01 7.556635622547670517e-01 9.310237987503396928e-01 9.244275570381432772e-01 7.126133223397703720e-01 9.043172866863187220e-01
6.387125935557020906e-01 8.735181869557078205e-01 8.080334402633133628e-01 6.885203013693215190e-01 7.138499761931598186e-01 7.329004758136817843e-01 6.356203512213711715e-01
6.616503068046609704e-01 8.595326289206421944e-01 9.146713880998014190e-01 2.753811171595057505e-01 7.275582002475857735e-01 9.754572462125304932e-01 9.395568254940671604e-01
9.888586808548605056e-01 9.502492710714345314e-01 9.650039161623846784e-01 9.861657751328560817e-01 9.725865363143384457e-01 9.368577089084746401e-01 9.262443722125961454e-01
3.328520250053657037e-01 4.931381648795357675e-01 2.198956372429334283e-01 5.140688627793178478e-01 4.109401786699891090e-01 5.323794865358612016e-01 5.961253944566771157e-01
9.848700806468251301e-01 1.959085300854287448e-01 4.373646789118552647e-01 9.758823581131932379e-01 9.185117799788713455e-01 7.819650536368961680e-01 9.095214477900854799e-01
3.484335373749052334e-01 6.006887883558400532e-01 5.564928073891122207e-01 5.150173964451330022e-01 6.935173459351062775e-01 2.679695753531970981e-01 6.272329096416247030e-01
4.064218392877043673e-01 6.517898716074297383e-01 4.880169820160843996e-01 6.475424671534586452e-01 5.986647754907608032e-01 5.696196120079499714e-01 5.680472511004671654e-01
4.558255229991972080e-01 9.689217293836033251e-02 4.749984156792274592e-01 7.761750907913811393e-03 9.665021044202148914e-02 6.836709979036298401e-01 2.494995842619892046e-01
9.507604655248651504e-01 9.640568393421650173e-01 9.905327090003142043e-01 9.384262232503415291e-01 8.580213414970785379e-01 6.998214916071069380e-01 5.921365512100200679e-01
6.319495850302949691e-01 8.095887017790641682e-01 6.521512655738912478e-01 8.200763577817627992e-01 5.598575761541724205e-01 6.307052944156618102e-01 7.264912886271324144e-01
7.009325168012242591e-01 5.318259503609811256e-01 8.309398796891338534e-01 7.090514850078512010e-01 8.701381757855415344e-01 7.321217316090775640e-01 4.625260980734645644e-01
1.215324566418667929e-01 3.075469358791647068e-01 7.335234463779299885e-02 3.568095830666347390e-01 1.017528509255498648e-01 3.127871950330247675e-01 3.256517593283719259e-01
7.859102298566369438e-01 3.036192953713275355e-01 7.312991044805801089e-01 4.238652566067170335e-01 9.491356769576668739e-01 8.870884899136225465e-01 8.503808037708154854e-01
8.911608319080628338e-01 9.691520399204615055e-01 9.750264225846906330e-01 8.868427123593995987e-01 9.436993759591132402e-01 9.051102638736241435e-01 9.033463994110850770e-01
8.859695583264598495e-01 4.613729608859146181e-02 7.308779849793507477e-01 4.835139766533169681e-02 7.999025720637291670e-01 7.212856648994876441e-01 7.033250182605975676e-01
5.038131159061857156e-01 1.577541899906297340e-01 5.794310593181011271e-01 3.591593667870782713e-01 6.812716769054532051e-01 1.832547359914318275e-01 9.794070446349906200e-02
7.174411573880474791e-01 8.725794528121992855e-01 8.219998716890488666e-01 8.691944626251343342e-01 7.322020456194877625e-01 6.470199260458366908e-01 8.183947627930887592e-01
6.241330519236776286e-01 1.042442370487407510e-01 2.702442667792763764e-01 3.051641455185688523e-01 3.814480353612452745e-01 3.235764977019172095e-01 2.408670999271950164e-01
