3.023236582462909480e-02 8.831359588246469328e-02 2.805188299630051452e-02 4.819733484497050191e-01 8.624828397296369076e-02
7.745922011819740272e-01 7.223417016631128451e-01 6.878051979883316180e-01 6.868850616845036949e-01 7.664546174928545952e-01
7.045394428629373484e-01 8.450049583182097646e-01 5.649120080621633511e-01 6.708379611953431132e-01 7.579856980592012405e-01
7.974546378425400039e-01 7.449430008455228958e-01 8.780295922687463284e-01 5.376329459032012092e-01 7.422078396193683147e-01
2.418271589021031565e-01 2.000721528476717692e-01 3.354386967884982473e-01 1.483179974353642516e-01 3.246843344531953335e-01
9.147162572682774329e-01 9.534515380972397036e-01 8.647887638921580855e-01 8.029874699204141431e-01 9.778691693209111691e-01
6.313617817654879616e-01 1.963317684998067414e-01 2.749673700517872299e-01 8.466024162725380164e-02 3.651997561100870371e-01
3.301587165911540334e-01 6.380997236929559779e-01 3.044247649073583140e-01 4.290659567860836687e-01 5.705521285999566317e-01
8.749280991960727283e-01 7.273334078574317241e-01 8.525491029158759337e-01 8.817600426981377915e-01 9.083175151608884335e-01
5.673608055812534579e-01 2.024177789138747741e-01 4.983988367295706934e-01 2.689148293505259080e-01 2.468128963373601437e-01
7.860829649216252157e-01 6.797748393533262767e-01 7.145945867169778420e-01 6.255792723374472564e-01 8.327410584315657616e-01
1.045392845850904584e-01 1.416968912537835412e-01 6.880500976570098626e-01 9.671696499132069746e-01 9.280542004853487015e-01
9.152573880957296515e-01 4.852093215723488062e-01 5.459660704274479359e-01 3.716132686557711562e-01 2.964975761715322733e-01
3.325493195326059692e-01 2.651738866615679924e-01 1.679685624498627461e-01 2.171425419213877661e-01 1.813769564032554626e-01
7.623487544126835713e-01 6.621335529372415207e-01 7.614892949752083418e-01 8.304550708880462651e-01 7.304875387344509363e-01
4.122089717712354440e-02 8.497968274188810733e-02 1.865888194500764027e-02 7.707068062150367396e-03 1.260226476006209850e-02
7.960910619783447828e-01 7.800036443984753598e-01 8.985003399558555426e-01 8.398689839898412224e-01 8.164720600470900536e-01
8.649234709994552128e-01 6.317261045803530539e-01 6.533042127235280105e-01 8.479512155440322996e-01 6.870897084008902311e-01
6.157303885372071850e-01 6.573000152965935428e-01 8.861013299643164531e-01 9.359354599195707225e-01 7.528613966424018145e-01
9.484689061070433747e-01 8.142171880586749344e-01 8.213059632670586252e-01 8.027842285227426711e-01 8.667664746753871441e-01
3.986554197388632592e-01 2.521044072097425315e-01 5.302726740023085972e-01 1.766584717890956613e-01 4.392179851420223713e-01
6.635467655523804575e-01 2.239490107724239620e-01 8.072119578680128082e-01 7.059421156929627239e-01 2.557429275475442410e-01
8.226893012869190835e-01 7.674579182661210863e-01 8.740849622340208791e-01 5.121512510183385825e-01 6.904116934165358543e-01
1.041649853869899833e-01 1.411083506677069943e-01 1.116954709734210988e-01 1.183099397659928137e-01 3.513135961256921291e-01
9.254810728779622186e-01 9.424343978346455541e-01 6.105381994768973586e-01 5.199509304131216814e-01 6.644515176303684711e-01
6.363858215022331066e-01 4.374079514716776029e-01 7.581426998072059442e-01 5.078518641863130068e-01 4.270762233063578606e-01
9.824649896879865674e-01 7.425249021040809527e-01 9.869759521221660448e-01 9.650294204369428419e-01 7.593485133256763220e-01
1.669051217192226155e-01 1.854830310953385075e-01 2.268288391609951382e-01 9.647879394422900212e-01 2.391295528504997492e-01
9.931356612922777327e-02 1.820240534952285716e-01 1.136490577382801154e-01 2.918422378596617350e-01 2.178426408208906651e-01
7.413603631747638090e-02 6.039599957178051759e-02 1.602283254510891708e-01 9.784502560800696636e-02 8.352396124973893166e-02
1.637862978728175378e-01 1.968274859583357683e-01 1.956070952488755677e-01 5.001404433274871941e-01 2.406709457281976938e-01
3.847039845987040851e-01 2.089278314015376448e-01 2.015212535108678871e-01 1.634323705601677390e-01 3.535145141649991274e-01
6.499106026945341563e-01 6.427901250198966299e-01 2.960550608297796149e-01 2.533948218424623144e-01 4.669341503176838160e-01
8.546288902121864650e-01 9.613961722929232900e-01 8.985328174449176419e-01 8.278371305400965552e-01 9.309629607014358044e-01
4.308981836546084687e-01 9.229400419993403215e-01 3.845964104599050581e-01 4.480701191263956606e-01 7.262270925566554070e-01
3.036794076594228620e-01 6.530695075263083238e-01 3.200889144274651210e-01 8.338345507825219993e-01 4.891259961295872927e-01
7.969060948933002209e-01 9.544199445436392093e-01 6.701541928500803769e-01 6.090486003247194136e-01 9.772503210697323084e-01
3.859402721690147198e-01 6.262676237524203993e-01 3.725774320934975847e-01 4.731686888474244679e-01 9.706395880784839392e-01
8.143193477391057478e-01 9.149689600391768263e-01 7.743712049160804689e-01 4.823559330002435419e-01 6.782149218488484621e-01
7.537541825297529030e-01 4.010639290427911452e-01 9.785435510969809902e-01 5.240600837516800059e-01 3.895211780909448862e-01
8.327702723908350091e-01 5.537740595982554304e-01 8.759054281439062617e-01 8.698065247894042340e-01 5.316377929411828518e-01
1.065669921347043581e-01 2.385767107743792803e-01 9.651624124439454888e-02 1.424075967609568782e-01 2.984270558226853609e-01
1.817709190969292732e-01 1.349818222089180231e-01 2.530349578328381921e-01 1.025139809815341502e-01 3.308725424576550722e-01
6.195504960252993243e-01 8.539612733422322632e-01 7.802060221051522193e-01 9.374370665470687092e-01 9.637928607407957315e-01
9.300556079700686984e-01 3.830499361979961548e-01 4.626765786794701518e-01 4.437278054530621185e-01 2.536807279102504253e-01
7.112051284004157203e-01 8.037214572426528703e-01 8.907925882585415733e-01 8.276008576209605838e-01 8.365196562372148037e-01
9.792440545485243675e-01 7.707225725506086089e-01 9.564291912604228063e-01 7.494700449235253137e-01 8.972934773191809654e-01
1.885049261980982771e-01 7.790614656669012650e-01 5.630594365435191706e-02 5.990731080749089194e-02 1.056159378495067358e-01
6.305828077006033761e-01 7.485128539029032302e-01 7.496724410301333075e-01 8.974615022494690786e-01 9.788734605535864830e-01
5.368383823328050086e-01 4.460634328475474031e-01 6.208041758904941920e-01 8.760236213131981087e-01 5.446062709670513868e-01
5.380817100576970602e-02 1.297368615099899203e-01 4.438549048823969140e-02 2.336956029463342285e-02 6.294394494034349918e-02
5.881726832918272585e-01 5.723263574561638922e-01 9.711431075990305528e-01 9.290280802825354733e-01 8.331122230738401413e-01
6.557083067681923616e-01 7.470229439814962680e-01 8.610445420693787488e-01 9.938595924305682061e-01 9.409099046606570482e-01
8.861704112062195327e-01 9.541658666729097016e-01 9.510429923328773683e-01 8.979402862684799924e-01 9.832890420220792294e-01
8.335031882717084395e-01 6.943126997093841402e-01 8.373208638137907833e-01 6.476678203787850086e-01 7.250524475239217281e-01
6.742404435458170253e-01 8.738981340942917342e-01 2.543830385729245469e-01 2.487381163234993475e-01 3.751625504810363054e-01
2.963624199027103945e-01 3.456844931514828079e-01 3.365189867821165026e-01 4.035836349996212991e-01 5.192072477657347918e-01
6.738171703268732715e-01 5.558099638590767722e-01 6.500700610374265942e-01 7.557090355758216971e-01 9.061116355005651712e-01
3.439422103538538611e-01 7.411406646551986777e-01 1.776931464157051888e-01 1.383287015690304878e-01 2.317538622301071882e-01
6.218211454087765322e-01 5.525036451418635641e-01 5.726879440213002992e-01 4.555497645874136969e-01 5.334191538859158754e-01
9.829842104958904647e-01 6.530751347609227153e-01 7.709987620139310271e-01 4.911129259327683960e-01 4.960128851234912872e-01
9.685733467238948347e-01 9.754362170102029994e-01 9.838649443185716326e-01 9.065355811211948112e-01 9.742780672386288643e-01
7.208594706452134959e-01 9.404377673216249844e-01 4.484120316049410859e-01 3.699123078842960211e-01 4.618910178542137146e-01
4.395668105904018685e-01 6.912784883232211408e-01 5.505706388057954870e-01 7.894050726499923787e-01 7.651239775586873293e-01
4.333412242804199344e-01 1.883455132973256285e-01 2.306827829474409342e-01 1.967185040578431632e-01 1.283049120102077723e-01
2.040635165764056458e-01 3.276644485736381340e-01 3.037284694764660897e-01 8.984757289306047889e-01 5.864601731300354004e-01
4.230915242349597705e-01 4.689263129580732437e-01 2.922176954474109967e-01 4.332043924751597386e-01 5.152716443408280611e-01
1.859766291084197221e-01 2.162812000007197921e-01 1.501324669521102440e-01 1.111468764627222272e-01 1.720753733534365892e-01
4.582308825458242252e-01 7.635386682751253984e-01 4.426969351142145959e-01 5.268561465159521395e-01 7.940499535761773586e-01
9.131066748516174503e-01 6.369827321595101788e-01 5.270220233474067761e-01 5.804880219566734834e-01 7.540496264118701220e-01
1.816745184873948260e-01 2.894042301688683483e-01 1.097439348234941631e-01 1.475356378925773426e-01 2.374465849716216326e-01
7.549248667797470169e-01 8.445537634429394203e-01 4.955175629861621189e-01 5.897061715599373199e-01 6.234776983037590981e-01
5.924923632972047827e-01 8.724938980193172045e-01 4.859165479741791582e-01 7.115196671711281340e-01 7.237318379338830709e-01
6.259235541204432041e-01 2.989503980844894770e-01 8.162617390399197204e-01 7.786334607892440030e-01 4.700407558120787144e-01
4.568605591820922296e-01 6.651667320247804938e-01 5.783881656613082400e-01 7.934936108944576905e-01 8.873373409733176231e-01
5.701367001689481434e-02 5.326158756947562550e-02 2.142048770074070352e-02 1.588946047318035362e-02 1.637452165596187115e-02
5.637474961576139920e-01 9.612666428246030570e-01 4.994717322724607778e-01 9.508771097412732631e-01 7.931024343706667423e-01
8.102477140895744667e-02 8.217825409035924011e-02 1.154812289165254857e-01 1.093013547772222760e-01 1.781140021048486233e-01
7.987400046684097754e-01 8.229112606310085010e-01 8.530963934576540897e-01 6.623528921835694083e-01 8.232266472186893225e-01
1.443905900867366865e-01 1.183261766431408374e-01 2.884691408725347239e-01 2.032439432520805889e-01 1.557638305239379406e-01
8.097994877704065564e-01 8.501113843816593407e-01 6.119205981514168613e-01 6.115783186961482043e-01 6.956323080230504274e-01
4.353165287220989721e-01 4.223106129580733170e-01 5.984375714156339177e-01 5.812486045724440942e-01 7.411605268716812134e-01
4.908029409595339176e-01 6.690764906809962831e-01 5.119122861792246848e-01 5.724931673247114494e-01 8.167800039518624544e-01
8.612911126311760812e-01 7.964039955301862594e-01 4.115535171061328046e-01 3.698433591748312432e-01 4.564704608637839556e-01
9.738429871897803514e-01 9.665147922129707636e-01 9.387035201489981606e-01 9.841905579740541921e-01 8.773818190675228834e-01
7.633560844042905358e-02 4.843487313433030017e-02 8.189715686341013379e-02 4.713189983415784212e-01 4.417168186046183109e-02
7.873998298667869156e-01 7.138322446865662529e-01 9.888496515142246590e-01 7.663816874289499648e-01 8.117954966146498919e-01
1.377182785250761210e-01 2.044313079188922744e-01 1.473164110611292210e-01 3.288502918126835484e-01 4.123355322517454624e-01
3.555252326865654400e-01 2.599393861096744862e-01 4.527408479171999844e-01 3.405626971265992564e-01 3.637396953999996185e-01
4.963196548724776447e-01 2.742166287180017870e-01 3.938982309533127224e-01 5.126017329972867298e-01 2.653209494892507792e-01
2.449070423226191728e-01 1.165275453998313032e-01 9.300318424450796373e-01 8.344502876472988939e-01 2.448300528340041637e-01
1.324505623393827936e-01 1.502262319563955340e-01 1.857177695526730232e-01 2.791972236055361711e-01 1.667565950192511082e-01
2.445394702735953774e-01 3.629999877676609032e-01 1.242512466717502484e-01 7.488623033331205658e-02 8.193234447389841080e-02
8.277997961324076170e-01 4.618322927326238836e-01 7.556365363233945587e-01 7.693878752294956991e-01 5.490108840167522430e-01
4.771094100014915962e-01 4.774136261472711196e-01 3.836095174385658058e-01 1.953943987468124699e-01 2.273968474473804235e-01
5.438327949117474081e-01 7.369159279241923599e-01 7.484161385992507132e-01 6.252253769412390305e-01 9.773158177267760038e-01
5.073523795886270005e-01 2.035415861047569774e-01 6.473999664753262717e-01 4.259075329851477187e-01 2.505772735457867384e-01
7.048067043963339440e-02 1.074370096251945489e-01 9.023624087270874783e-02 1.264713461622551660e-01 2.966272362973541021e-01
2.538092703420953278e-01 2.148554105757485289e-01 2.113284189160037352e-01 2.050299155057370704e-01 2.192139399703592062e-01
7.814782958062929108e-01 8.850797482170129626e-01 9.088993833058216509e-01 8.356506399533396579e-01 7.941466169431805611e-01
