6.232442503641126841e-01 8.385302557695708536e-01 6.614868384816161573e-01 8.040637424727863358e-01 8.041072997730225325e-01 9.046170845719178066e-01 7.910716076969088739e-01 6.766171367106833534e-01
7.789858232198250132e-01 9.466708793142978307e-01 6.500934237380624481e-01 8.745106396160009510e-01 7.259000025223940611e-01 8.891807714015622643e-01 9.251170273535584965e-01 7.329606033860904812e-01
8.655068651289024029e-01 5.440374058718711048e-01 6.944600894215259279e-01 8.219701654465980667e-01 9.019692821893841028e-01 2.095894951980063481e-01 8.747627803665419810e-02 2.875065550768480804e-01
2.700620748123944148e-02 5.572922084378545415e-02 7.692374060052498130e-02 4.367890842417343489e-02 4.914304940029978752e-03 1.592309786446588493e-02 2.541425477042014158e-02 2.379195508424625238e-02
3.317350431251695486e-01 5.439688920928016369e-01 5.496295432939170000e-01 6.968709938454809016e-01 6.348840524442493916e-01 5.161357681004379305e-01 3.488312848628154494e-01 6.763518091909641594e-01
6.923111397220826913e-01 6.436155513821404384e-01 2.418597363084250551e-01 8.467493555571092845e-01 6.648839076515287161e-01 1.950256606297166573e-01 4.390322047185956644e-01 2.315122678732390860e-01
8.074583792620048106e-01 7.093109082524187148e-01 6.604104337140417336e-01 5.581834637706852842e-01 8.465469081420451403e-01 4.926779384639445314e-01 5.017990081600266494e-01 3.638733449853381319e-01
4.085907925364360427e-01 8.472238773414202395e-01 4.251305675101346160e-01 8.578063266822114619e-01 8.698231745511293411e-01 9.096844332509763653e-01 8.158081061097173237e-01 7.987503372158462067e-01
7.539144139283878721e-01 6.259827172210510327e-01 7.650152931107252474e-01 5.695504787243320655e-01 5.595865119248628616e-01 5.624811187314435745e-01 4.258899813875252627e-01 3.278797352665580034e-01
5.450131619352134305e-01 7.387075012850129463e-01 4.150893389626685859e-01 4.645111252237831279e-01 7.597896580118685961e-01 5.286315623282089593e-01 4.246482241992022844e-01 2.663211867197595173e-01
9.271369042130400695e-02 2.177846082117596005e-02 9.789636928718625786e-02 7.352952468916051920e-02 6.728242360986769199e-02 1.169394778782360533e-01 2.238767494158996896e-01 2.243428815189516534e-01
4.800452899764650616e-01 4.977971685808121882e-01 5.092087287794425654e-01 3.115531518978211789e-01 7.012671050615608692e-01 7.741996899219223405e-01 5.895023056251049720e-01 5.245023656616625285e-01
4.096928251040372060e-01 6.244724383749670205e-01 1.212529262486811699e-01 5.374688771973158419e-01 2.061335612088441849e-01 1.955022879623862231e-01 4.312660419110952437e-01 1.070519875290532053e-01
2.252693080867868014e-01 6.884570438491474098e-01 2.893952937025425221e-01 5.372683367840256352e-01 4.642590393777936697e-01 3.488897935691315788e-01 2.768610405139895203e-01 2.892192509008797430e-01
3.464209953016502697e-01 5.472337026847265973e-01 2.468686600913762019e-01 7.913773488809978662e-01 6.708923925179988146e-01 3.641165326326508689e-01 5.432246482657285824e-01 6.275901306197981810e-01
8.108390870058831412e-01 4.215260589343183262e-01 7.939398932315800961e-01 6.647640106491221612e-01 6.866985335946083069e-01 5.303922706713820601e-01 6.407784676608860863e-01 8.075376547360302304e-01
4.679454299848421206e-01 3.284924674501203956e-01 6.700706862189523827e-01 4.034272719782918681e-01 6.347299017943441868e-01 8.324110268610507291e-01 8.036284526204720002e-01 8.900452466607109425e-01
7.029439177856862120e-01 5.622783706808238691e-01 7.736401349887309653e-01 8.498537382194263357e-01 8.895512323360890150e-01 7.333187668637204393e-01 5.982052337215291171e-01 9.065519442096572345e-01
9.437797054862344659e-01 9.713103656809755071e-01 9.519392013750416215e-01 9.903691760588960724e-01 8.544131552334874868e-01 9.745794768164817157e-01 9.824394609078856977e-01 9.743066711328376428e-01
1.742754285281243321e-01 8.781942754794491712e-02 1.010064266296593072e-01 2.079897788688380711e-01 1.781150947790592909e-01 2.140422955008957628e-01 1.580806311469146186e-01 1.067377058120609901e-01
3.606239203253663872e-02 1.100519234661866408e-01 1.933948309213595618e-02 4.953094567738102194e-01 1.689918953925371170e-01 8.577497307156595197e-02 2.371916806382140530e-01 4.038210211096538993e-01
2.383949847734704863e-01 3.039414929387638242e-01 1.659925074100885856e-01 3.568359201032365036e-01 1.633443397004157305e-01 2.641045959542853705e-02 4.430057502483591980e-02 6.574212520330935394e-02
4.681698595884638547e-01 1.872757309222436994e-01 4.236777450948228108e-01 1.471157784181627570e-01 3.150373066309839487e-01 1.966979950716563064e-01 1.855535230486218823e-01 2.190075444169684582e-01
5.078885599628608638e-01 5.674176694454283743e-01 6.319677367935754297e-01 6.243549080851488187e-01 8.984983977861702442e-01 7.607323007411079807e-01 5.530734208671761465e-01 8.001474880328955930e-01
8.162575572838024485e-01 6.993585808519163782e-01 5.830091472505394279e-01 6.082959698749226263e-01 5.550491260364651680e-01 5.550938787492816218e-01 6.797621840827454687e-01 3.549389819597680296e-01
5.736532049346604323e-01 6.566931262607863529e-01 4.590971920409697149e-01 7.321776848672567617e-01 5.903740851208567619e-01 3.953440599748258011e-01 5.926169092816131467e-01 5.726915472237655846e-01
9.415582753345150824e-01 9.581395652699524756e-01 8.266944290278306351e-01 8.635536279462538989e-01 9.134078773204237223e-01 8.365306910505319049e-01 9.094485885759531207e-01 7.010570683913514012e-01
4.713613239402607569e-01 6.012828992173326892e-01 8.300749376733318474e-01 7.623315714144253130e-01 6.551146933343261480e-01 6.251540406288482732e-01 4.162210897781710717e-01 8.963449668422076577e-01
1.127073521720154403e-01 3.069707371942737018e-01 4.156340739451741539e-02 4.604629072791704969e-01 3.213560942094773054e-01 5.982406457090174712e-01 4.876566699289316964e-01 2.397572512551424673e-01
9.071459153577972057e-01 7.300309277751970694e-01 8.880725766928827536e-01 8.380080910890571610e-01 9.162408350966870785e-01 5.713384659269966637e-01 2.982368115304240286e-01 6.472548813730827355e-01
6.473795812861249388e-01 2.016677823778655898e-01 3.455312601587535726e-01 2.882738278896830320e-01 1.838022076990455389e-01 1.497021918086575143e-01 3.665814999633425497e-01 1.335056084249777730e-01
4.958698608505044403e-01 4.012337839280257779e-01 2.453196552196292846e-01 6.104842193319064414e-01 7.213740749284625053e-01 5.660208508772418545e-01 5.903537991783848193e-01 5.436222128083816330e-01
7.322629941748135529e-01 5.016922831676770000e-01 6.252309798802950791e-01 4.963055852842369053e-01 6.454315981827676296e-01 1.871647757181042482e-01 2.434183701519286869e-01 3.707234116298993576e-01
2.541287346667014946e-01 2.277328106425489107e-01 4.602022245763711106e-01 3.594737559150867900e-02 1.957474895752966404e-01 1.323928759054524562e-01 5.011491685212043912e-02 8.947903462309281242e-02
9.764216392893858565e-01 8.827542748306542730e-01 9.551176369093128393e-01 8.942506923212387715e-01 8.934356155805289745e-01 7.245619503950950779e-01 8.492920082911208368e-01 8.719367806629704232e-01
2.409995522373729604e-01 3.031462061138593400e-01 1.996904511479609123e-01 4.959893990476298420e-01 7.561825562734156847e-01 4.742140646250659897e-01 2.328679772459846808e-01 3.995885392488802701e-01
6.012103281836501667e-01 7.178732216907355301e-01 7.905387790692210981e-01 4.974947652587905500e-01 4.577411785721778870e-01 7.302726583987559916e-01 7.646214876068037070e-01 8.148517311127803087e-01
9.103813434522296522e-01 7.964033350789098131e-01 8.900325716432357925e-01 8.928833996307093956e-01 8.311280347406864166e-01 9.405465903736230926e-01 9.800758618059097760e-01 9.690835799309420739e-01
5.461666663987748693e-01 6.183939316167743616e-01 4.482797454620373601e-01 7.175383663622393327e-01 2.069580366369336843e-01 6.436256175581083205e-01 8.929705918085197869e-01 7.155627759366685048e-01
8.224170491589595233e-01 3.588232612479048678e-01 6.979963624292480073e-01 3.808459368000671752e-01 8.065680155996233225e-01 4.330950995412164439e-01 4.718643087402470959e-01 5.266918518777489178e-01
2.005877071472453865e-01 1.401322390517906191e-02 8.577398164266852865e-02 2.557904920514870173e-01 3.755426851566880941e-01 5.203428496685696958e-02 9.567857586895328614e-02 3.473452160641891107e-01
4.301143017361847010e-02 4.404248495370112204e-01 1.828468075325794251e-01 9.729142982354888058e-02 1.302453866228461266e-01 3.202431156336265072e-01 1.110815489809387491e-01 9.682046619947837218e-02
4.029509574882064182e-01 7.314595273454871371e-01 3.240245080891223095e-01 6.955445531915519508e-01 2.998230683151632547e-01 6.617687779732126518e-01 6.174883242126105731e-01 3.747066214890623082e-01
5.843066574630462195e-02 1.322249846703682508e-02 1.913636579010763450e-02 5.812232889888135912e-02 7.129422388970851898e-03 2.979344599790823001e-03 2.588788891581128571e-02 1.911414719664250583e-02
3.697331761189964761e-01 1.829097880816656918e-01 3.907097060758927265e-01 4.616844263284048955e-01 2.193203084170818329e-01 2.152186943253008300e-01 3.306525109411700414e-01 4.784887273126245955e-01
2.896395214445026678e-01 1.100823939489564696e-02 3.357840424104682198e-01 3.495618890945079160e-02 5.590331582352519035e-01 1.567104151456115702e-01 7.361990510627947071e-02 3.582082184325411367e-01
5.945030233192933888e-01 5.290884035955989440e-01 3.504040672713131244e-01 7.785860836844593624e-01 6.637769737280905247e-01 4.659527631839443518e-01 6.355548736885899830e-01 6.357512843172370420e-01
9.908253292528614864e-01 9.672800243868092673e-01 8.026714662831344604e-01 9.852512745246625459e-01 8.036224751267582178e-01 5.696092344837938581e-01 9.844179737738790736e-01 7.884931011321012484e-01
2.035713899547875183e-03 4.319431262591766352e-03 8.661710107256359592e-03 2.472691687094297208e-05 3.270291956141591072e-03 9.290001952054943724e-02 6.499298891567362180e-03 4.143540069495021960e-04
2.740713390037171626e-01 2.403831513377427398e-01 8.318554359143972565e-01 2.582525828871198303e-01 4.248413606546819210e-01 8.232473713707401108e-01 5.765766441680117982e-01 8.998591451360523630e-01
6.679908938150496134e-01 5.697589603200186037e-01 4.048446514362447068e-01 9.142994621833240299e-01 4.408290958963334560e-01 5.238146392094532589e-01 9.366545825196184172e-01 8.997541329764053852e-01
3.706561583283901617e-01 4.600673232435126270e-01 5.883738156533495633e-01 7.120293387453555667e-01 6.684484053403139114e-01 7.848330518308612724e-01 6.444468969983181417e-01 8.418430019483067461e-01
1.426599094842345705e-02 3.304709585123583038e-02 3.183227476483213580e-01 4.858080743894321873e-03 2.470776950940489769e-02 4.272109798503209710e-02 1.665167632798170150e-03 5.987411192420166728e-02
4.051148882508851523e-01 7.712084754192374270e-01 5.536750844946176642e-01 7.443377792992023068e-01 5.413477330002933741e-01 6.834374594544810888e-01 6.730168370499525210e-01 6.865727310179495779e-01
3.457774813818770276e-01 6.234950567470420868e-01 3.475825708041840878e-01 8.266949958977146684e-01 6.681551947258412838e-01 4.469570215407701053e-01 4.895058469966203085e-01 7.629560881194501487e-01
5.872448881462999370e-01 5.907152206604571187e-01 6.762551938723441181e-01 4.358195377778962265e-01 4.628825779072940350e-01 5.670464273647712883e-01 6.464019582740172520e-01 6.554241069975370593e-01
7.894815816921323393e-01 4.812707664975729993e-01 8.577085033181423013e-01 4.777456766133565957e-01 8.482128030154854059e-01 7.710947633988172178e-01 4.547358313544522801e-01 6.743188779881659212e-01
2.196523929458972235e-01 2.208889646658003247e-01 1.858557996363942588e-01 3.040132564534118176e-01 3.999292436055839062e-01 2.052545398240752106e-01 1.518321270186791527e-01 2.128859042082206221e-01
4.516392872930554137e-01 6.963992310932025642e-01 4.475912135118161883e-01 3.785531257572551933e-01 3.373344806022942066e-01 4.304538644398899216e-01 3.705722072496242525e-01 1.879475560382036781e-01
1.929667586446627281e-01 6.344136484905116280e-03 3.124468722008705290e-02 5.543035323103606693e-02 6.391125731170177460e-03 2.467042232119076584e-03 7.955359803644440619e-02 3.380953540098630139e-02
8.319556924411608545e-01 7.905165634873716485e-01 9.703083306989011003e-01 8.313631541683950132e-01 8.317281119525432587e-01 6.074766684257828508e-01 2.661042210361075355e-01 8.201820240112789318e-01
5.364218901717259236e-01 7.664001674167668643e-01 7.493871207261509904e-01 2.423702583344342076e-01 6.833650057669728994e-01 6.477145922876277329e-01 3.031041459745338895e-01 3.509635927332090399e-01
7.255813618539179721e-01 9.546158066739667269e-01 3.878132886327843587e-01 7.721808769803341077e-01 9.106244987342506647e-01 8.662305214181631463e-01 7.147580884999541473e-01 2.713957147783768731e-01
7.106906173638302127e-01 4.890425901486304960e-01 6.778329950484061062e-01 8.408709024128975251e-01 5.623616820666939020e-01 8.931615509049551926e-01 9.775983441901363591e-01 9.771639023260922929e-01
9.703764589631530546e-02 4.249801838811106958e-02 2.079700390078660366e-01 2.624167852921961419e-01 3.621603369247168303e-01 1.644977412292095709e-01 1.194249366651489730e-01 5.211674851761549654e-01
4.278116752235344711e-02 1.220332990650709881e-01 2.644252217263901583e-01 2.784114834095330338e-01 1.724075924139469862e-01 5.208451940477515363e-01 4.031648026284573305e-01 7.669583564815540822e-01
7.971898369243964888e-01 3.517671302148842605e-01 8.025343954228283394e-01 8.734967278841478944e-01 9.814832676202058792e-01 7.198294175786200677e-01 4.001220221303641855e-01 9.143190781010739343e-01
9.757024281394732768e-02 7.964856201132908264e-03 2.035201945783832178e-02 1.310891153019178024e-01 3.049440146423876286e-02 4.598160896675640430e-03 1.085809492100935358e-01 1.255719297672724943e-01
6.373511586546032337e-01 9.576874114287659001e-01 9.405101188735698337e-01 6.877242604011012395e-01 7.368992520496249199e-01 9.466295788602325789e-01 8.673224896614672996e-01 9.109931826563537616e-01
8.672303407613830561e-01 6.468889352187892072e-01 5.200611121002310933e-01 8.928705623488774057e-01 9.154770637396723032e-01 5.744785369628713223e-01 8.276141462996482456e-01 8.356823884966589899e-01
3.124948623513760237e-01 1.978986361556425155e-01 2.526677849092807127e-01 5.826602227158805825e-02 3.076562979258596897e-01 8.888199281663766715e-02 3.294260014333993958e-02 4.212563097269694801e-02
1.426018915315143687e-01 1.010929026634305727e-01 7.038606399567179928e-01 4.360706903751038199e-02 4.189126426354050636e-02 1.106452585728163740e-01 4.006482418247148125e-02 2.905285137772073978e-01
9.747596606808749398e-01 9.530701198547582020e-01 9.108487894958260389e-01 9.660160791956724502e-01 9.100941494107246399e-01 8.153458076577702052e-01 9.358416053466787066e-01 8.346673172149989828e-01
1.142733428235220283e-01 2.401012019351814741e-01 5.669796796872732525e-01 3.185323777394849509e-01 5.936823522206395864e-01 5.611712963325128367e-01 1.577631597559233101e-01 7.316969965172195334e-01
9.660093919902688064e-01 8.856557846552957081e-01 9.706402093580328572e-01 9.928894710187374795e-01 9.983737354632467031e-01 9.103683061928191655e-01 9.036387857063176154e-01 9.971171573105487296e-01
8.992491697299641595e-01 9.764061366054488378e-01 9.413745843005827396e-01 7.539128528557992315e-01 9.447090651374310255e-01 9.723285398315678618e-01 7.752834911782180427e-01 6.539665925424000825e-01
9.320959303910210103e-01 7.593760033134184795e-01 6.806551990683965547e-01 4.284142069315344248e-01 5.827400335110723972e-01 7.757254873911316739e-01 8.925655742553575411e-01 2.824349371553174226e-01
9.104852788322330692e-01 9.389487701399175101e-01 7.475560405051923096e-01 9.461662638279663140e-01 8.863775073550641537e-01 6.023131107731426459e-01 7.016143045617571072e-01 6.322172467400807294e-01
2.711483938385051973e-01 4.913566693166867005e-01 1.599503752349766272e-01 2.210680661219273646e-01 1.545792911201715469e-01 5.082088907447934734e-01 6.772474539941707450e-01 1.678261578285074052e-01
2.771432864985680644e-01 6.526048430153463809e-01 5.765722897352277831e-01 1.060310630977762125e-01 6.391409938223659992e-01 8.898665543160348967e-01 3.246537477034828201e-01 2.929221557353026695e-01
8.705834458184260605e-01 8.069545405306841612e-01 7.120522113982666879e-01 5.608114769021090851e-01 4.946084721013903618e-01 8.472491405314719337e-01 9.198316583705854477e-01 4.985680965100580120e-01
8.138156724168295053e-01 6.254684702226139814e-01 8.725906978236563916e-01 7.673005311555394226e-01 5.837866785004734993e-01 3.543239982581014580e-01 7.548368529258729920e-01 9.216053973679445566e-01
2.114521090629792877e-01 4.820754639044323442e-01 4.041489890478066060e-01 1.685897890260048548e-01 1.066702927928417921e-01 3.117223372095409561e-01 3.254385900623395500e-01 3.050618022573338139e-01
8.512236660874888949e-01 6.662969075399226559e-01 8.892619060732960268e-01 7.787275973997489498e-01 9.410907619167119265e-01 6.399669216772938540e-01 6.504337998650209229e-01 9.011219586170964302e-01
4.255671982011057231e-01 8.579966471224271807e-01 7.787258213843244459e-01 6.445533256239809328e-01 6.014005795586854219e-01 9.270891159556045036e-01 7.373425592265397954e-01 7.310705922347167096e-01
3.105711789766887332e-01 3.180465731427712939e-01 8.811059187130637627e-02 7.065310769103041455e-01 5.599301485344767570e-01 3.199451293112406391e-01 3.752641476065892157e-01 4.634469463273320766e-01
3.009477965357370000e-01 6.132198111576011579e-01 2.189549609142979469e-01 3.982434776554617528e-01 6.083906483836472034e-01 8.511245135932730133e-01 7.998462082646784488e-01 5.155639906855951082e-01
7.776420801343566502e-01 8.106424296030512178e-01 7.399378517263185406e-01 8.040319205455342955e-01 5.576360784471035004e-01 5.224016091602944334e-01 6.240874430373480886e-01 5.053427041636088246e-01
7.903947824645690678e-02 2.151703206104887411e-01 2.679012305891469992e-01 2.264277718500453118e-01 6.653621611185371876e-01 1.665858109857210057e-01 2.374359019517591207e-02 3.361259598457922437e-01
1.750585847168660836e-01 2.689102367848321684e-01 2.827928109718578220e-01 8.997784167427791413e-02 7.943800790235400200e-02 1.149620978988737940e-01 1.371178447811667866e-01 1.075666855795323618e-01
8.245814143467132817e-01 8.871047049075514446e-01 9.338416117793311155e-01 6.762871226280098291e-01 4.433275994379073381e-01 6.299735788408051818e-01 7.436039775270285590e-01 7.582841639659166910e-01
1.527923026756575764e-01 3.347974174652144086e-01 2.412054183857432754e-01 5.676941202407058684e-01 1.229094092268496752e-01 4.519568559226593285e-01 6.844477161851385549e-01 6.645962588979309471e-01
2.048128216695982995e-01 2.850029357054889578e-02 3.529545344148625752e-01 2.093156136176383408e-01 1.028856679331511259e-01 4.551306788371090040e-02 1.424848241106534963e-01 4.885694907128292352e-01
3.623460723584324139e-01 7.580496955022273387e-01 7.524861472661281692e-01 3.473665653801626396e-01 4.711743516381829977e-01 8.598592192995521133e-01 5.103574298034699863e-01 5.378429526228913904e-01
9.203210260603329473e-01 4.585964790944564995e-01 7.552529497262496783e-01 6.781466437168909289e-01 6.234093343373388052e-01 7.088612836137010431e-01 8.709471604904008846e-01 7.285950986680973518e-01
7.498337997242990882e-01 7.675879446219290303e-01 1.989067789791372221e-01 9.068154930188716545e-01 5.454485318623483181e-01 3.561238096979228995e-01 7.695449991522140820e-01 3.025649609910609494e-01
5.595566187215047504e-01 6.318205799097228459e-01 5.187198629466984734e-01 9.319193265412333282e-01 4.928211795631796122e-01 4.130999461572633091e-01 5.942124227669081105e-01 7.541726336956651178e-01
5.068077824686132438e-01 5.064231834125079157e-01 4.406030066751401852e-01 5.686772808372554389e-01 5.238465685397386551e-01 7.027057604689572745e-01 7.524213382381558235e-01 7.000405889910287227e-01
6.250607728935841934e-02 4.330846140872396388e-02 3.744663462004454990e-02 1.021000766902486201e-01 3.548292373307049274e-02 3.052617227593906746e-02 4.354336937559522003e-02 4.044059317988701885e-02
1.885764743611031968e-01 4.172449300119025484e-01 1.888459209705059538e-01 5.257262296212793506e-01 6.496720914728939533e-01 1.673544513683615786e-01 1.382615181031549012e-01 3.069368882334344573e-01
