8.661111132434614612e-01 8.189056733236727004e-01 9.538248874288035584e-01 6.224643111418263208e-01 8.289772691205143929e-01 9.160665292680787442e-01 7.448441939356749142e-01 7.501715299440632201e-01
1.928200477987968009e-01 5.142007792747073092e-01 3.747499936509720575e-01 2.303363153121875395e-01 9.615171048790216446e-02 1.417031658549181561e-01 5.057042805629512472e-01 5.508009945506316951e-01
4.276066582303040403e-02 8.920500026982381980e-01 8.354742109523006777e-01 7.637212454147381813e-01 4.368199796881526709e-01 1.851652313424725638e-01 5.908987977169170014e-01 2.415299724387632296e-01
9.875455861973249372e-02 5.177226993790853271e-01 7.480895791211519819e-02 9.223723402483972045e-01 7.021360618527978659e-01 7.640438029115920182e-01 1.282767690279215944e-01 6.633810617830697698e-01
8.724958690800420635e-01 7.262098871924469456e-01 9.047617336805077182e-01 5.357953816077952736e-01 4.979888286907225847e-01 8.887101435923780435e-02 2.782126004355163773e-01 8.037746544989345931e-01
5.991813007562536882e-03 1.475386572816562436e-01 3.644995385439726565e-01 4.014923244303440081e-02 5.729952808469533920e-01 6.935804515720372931e-01 3.502999252120236884e-02 6.220917204839727654e-01
9.189323415441926768e-01 5.846803882880456937e-01 3.410668484963005898e-01 6.583306604756672398e-01 2.957566196564584970e-01 6.162160870029512738e-01 8.729858141415063333e-01 6.575205816641958023e-01
5.640375368868939532e-01 9.874994160295091916e-01 9.743971267723319230e-01 9.738914434389749353e-01 6.027248990722000599e-01 2.773347907162282411e-01 9.238162833812310071e-01 7.273044227449936283e-01
1.182993218765628768e-01 1.927434928629059019e-01 1.368261105213337270e-01 5.259580636068528214e-01 7.023003504145890474e-01 9.489565201630952851e-01 1.056919028782496023e-01 8.237653366094198348e-02
8.221198635103835750e-01 3.101263753019813940e-01 8.173001107390200914e-01 5.392420284560671684e-01 8.747952156700193882e-01 4.972536691920702023e-01 9.054290141992661634e-02 1.236483043760872036e-01
8.765559420028855575e-01 3.728478272417066197e-01 9.769371798188990486e-01 3.150889261263150054e-01 3.934684076812118292e-01 5.913066882622443066e-01 7.891648871068468463e-01 5.528898238173941548e-01
8.195354636714591301e-02 1.804449763148681107e-01 1.351440121340425071e-01 5.784455484156126454e-02 5.748438811860978603e-02 6.418765717683654060e-02 3.523623639034678678e-02 2.921879776398801642e-02
5.618409086707675248e-01 3.925537195622787467e-01 7.523174898729995119e-01 8.467838310111681643e-01 7.967162388376891613e-02 9.064150861178670027e-02 3.010885400253671684e-01 5.672000271860705434e-01
6.951434926456451224e-01 2.603749587332356841e-01 9.330964592285847514e-01 6.294282291570656440e-01 9.459032500162720680e-01 5.861791572218344459e-01 1.978043466463851319e-01 9.945674973256835028e-01
7.528149269315799474e-02 5.986164684581621320e-02 1.658109983000964904e-01 3.835066392753506276e-02 3.639906095340847969e-01 2.506826192294828726e-01 2.814845577258242026e-01 4.787811689426204054e-01
1.699241318230087783e-01 2.092983665073567257e-01 2.079654251270916798e-01 1.321814931355018707e-01 6.720550637692213058e-02 3.060016144155851547e-01 6.332751634844652200e-02 1.276331772563566933e-02
1.485281705568153587e-01 9.394459527797837106e-01 8.242682100749241236e-01 9.521534355414909556e-02 5.682717363815754652e-01 5.068704830995863775e-01 2.928778811970904616e-01 4.236962447815640354e-01
7.282977645976160819e-01 5.397371645990577393e-01 9.889593921575042801e-01 8.171329664398283565e-01 9.046604265458881855e-01 8.834867238194630268e-01 7.247061530796536366e-02 9.254058283596698908e-01
2.858315397253352597e-01 1.562494849475493663e-01 3.372521638450501902e-01 5.290675706194841732e-01 4.360051180701702833e-01 8.516640741262729852e-01 3.968643908476039706e-02 3.596553687615356987e-01
8.118648637842923454e-01 1.911400712095705223e-01 2.724499157470272603e-01 8.398487528223150811e-01 2.515512874815613031e-01 1.413630295830589634e-01 1.680349120594104018e-01 4.216850741942634873e-01
7.064533019157629434e-01 4.653299960148067904e-01 9.666835620892842984e-01 8.850012287323769655e-01 9.855566830374300480e-01 9.529772291114849692e-01 5.101128955405783705e-01 9.380866662616162976e-01
1.377706683977455993e-01 4.616003123041652612e-01 3.834802722760551896e-01 4.014209172398379710e-01 7.441513114608824253e-01 7.489379789437178303e-01 1.345376888920431502e-01 5.208602848931225271e-01
3.461701433352417645e-01 4.976920007220489994e-01 7.059769959847066456e-01 4.765372500065201966e-01 7.772918795235455036e-01 5.906705239809429964e-01 3.395562807728544907e-01 4.214461706765309512e-01
8.049299255741416692e-01 1.494448491284346703e-01 6.096522086642999216e-01 9.374072360301890505e-01 1.934250472113490105e-01 2.543062720900063356e-01 2.025635305530447405e-01 8.630846350815761792e-01
4.582454453931948390e-01 7.731277574209370895e-01 3.708181384524888990e-01 6.389346049499210478e-01 5.729513219557702541e-02 8.477148162930387976e-01 8.104737802166498417e-01 2.914852424837868217e-01
7.107110532868881059e-01 8.394524134278850969e-02 6.565418758735711569e-01 6.051732427880628373e-01 4.558773012831807137e-03 3.274599544360348724e-01 6.716347916367310100e-01 3.471139115654641727e-01
8.315497326456632310e-01 3.980548408306885388e-01 1.236952148321591866e-01 2.426672813896743330e-01 5.296223773621022701e-01 1.760488647088195857e-02 7.195560812262403738e-01 2.132189834161679065e-01
4.530068867288594148e-01 4.257528288765616287e-01 2.722559022042950194e-01 9.951049486349468065e-01 6.621412816457450390e-02 9.379782024631665438e-01 6.614786478230095801e-01 1.839481564813881254e-01
2.025063499445481641e-01 6.183176654826398888e-01 1.446278302044767261e-01 3.741957050691755993e-01 2.500495887361466885e-01 2.341354770089552340e-01 1.141601278280610365e-01 3.465825406145662396e-02
6.037823844699721221e-01 5.441784769386733833e-01 4.298964208655225994e-01 7.612539718195459049e-01 3.151154310908168554e-01 2.485740987992690054e-01 9.749422176272166674e-01 8.670010608398703855e-01
7.584599444483570707e-01 4.582652993084703752e-01 9.568954160822761290e-01 2.852315238162447808e-01 1.434992859140038490e-02 8.781527997135740726e-01 2.866667425365802546e-01 3.505747152688825086e-01
2.578529177273470078e-04 3.016498218294878519e-01 7.951444139260828159e-01 1.952936140462370740e-01 6.368969457689672709e-01 7.592090378480019774e-01 4.415385170258028236e-01 1.419859239879591173e-01
3.565215228925566748e-01 9.314499913374104656e-01 1.686302340305337599e-01 5.977851523456442218e-01 4.587931965943425894e-01 2.446131972825975054e-01 3.677107598739633443e-01 2.759809694464702545e-03
4.321440076945284869e-01 4.738345275238413645e-01 1.247794441729508375e-01 3.370870899306750434e-01 6.804552406538277864e-01 3.778056617939645756e-01 1.396078704555146766e-01 5.748598356722585123e-01
2.592252779047908851e-01 7.719801540612118984e-01 6.841168450516055266e-01 8.277794883162740147e-01 9.080086227040737867e-01 7.899775822169359252e-01 7.885730304638930432e-01 9.632725803301694922e-01
3.788552809042304848e-01 3.560891995523128850e-01 7.598756212081403394e-02 5.135917302015267083e-01 7.580855740234255791e-01 3.144550378129933876e-01 3.364487925651982736e-01 5.645418231125436392e-01
3.902984930644464168e-01 6.309911850773056718e-01 3.742532862457302323e-01 2.255485053018993213e-01 5.731597328558564186e-01 2.596055328115320360e-01 4.916653549477209562e-01 5.614721737925508771e-01
8.447666729595997293e-01 4.609678073265011111e-01 5.573896736406757091e-01 8.488670975182984746e-01 8.547387153375893831e-01 6.780084549172270547e-01 6.378200898354863257e-01 4.802257866402527275e-01
6.136648247668356065e-02 4.700064641358420725e-01 4.418392395908637416e-01 2.737408590313769596e-01 3.144035711884498596e-01 8.871281708760554718e-02 3.418382244270368187e-02 1.792662634181866471e-02
1.181785468738275197e-01 2.311847294261440700e-01 1.799190496485687796e-01 6.606563358556006849e-01 9.766266534570604563e-01 9.302080229788333154e-01 1.750569262251286951e-01 8.296305235557881463e-01
1.549731232730487129e-01 2.637639416520746183e-01 2.377706708769804778e-01 3.409556614466916491e-01 5.016517965123057365e-01 3.303123904312172954e-01 1.819859280957210612e-01 1.707054795105267531e-01
5.760540349938940707e-01 3.656368448683408046e-01 7.545319946992191662e-01 5.011359490531118732e-01 7.081375180277973413e-01 2.694589791348197538e-01 4.232081376252715965e-01 3.568612824363555092e-01
8.033783623013300568e-02 1.129156332715974959e-01 1.264722468440167003e-01 3.055456649624784249e-01 1.293612867593765259e-01 1.497459270808040588e-01 3.828758565401623737e-01 5.455626779221753875e-01
9.222291039149546066e-01 7.007499309137037447e-01 1.602676065231510849e-01 7.826733750331471562e-01 9.423765642568469048e-01 7.394304197684032909e-01 8.223623675436345648e-01 1.906045083803141471e-01
8.294087762172455136e-01 4.873639127167090912e-01 7.931551009517395778e-03 6.479925703932680747e-01 9.469325300306081772e-01 1.264589987689250239e-01 9.423031356007490755e-01 5.790040258398745365e-01
1.909241197729453776e-01 3.804556267483168996e-01 1.223976069584878368e-01 9.290773681407793472e-01 8.844856759533286095e-01 7.378989573646173028e-01 7.022016912160107260e-01 4.629126903459505060e-01
8.187534663729186812e-01 2.310879212054323673e-01 8.685313914858117101e-01 9.667472624084839650e-01 7.420565059874206781e-01 4.131799840848144889e-01 7.688102185978702430e-01 8.346186425074705317e-01
3.625099279142012243e-01 9.858508747568116570e-01 7.417548950022680165e-02 9.021770268019574379e-01 5.635760088916867971e-01 5.805199774588800654e-01 9.851514689451341678e-01 9.708809415170047696e-01
6.691585044252982284e-01 4.262093350793679236e-01 6.997901894745007789e-01 6.884042423728797822e-01 1.887605830561369658e-01 4.383600694373757656e-01 1.266461487376845940e-01 6.816992291065905318e-01
6.065548796894196237e-02 1.784879053691177664e-01 4.737931082045238051e-01 6.460889568617060597e-02 3.114837384782731533e-01 1.162937336864415111e-01 1.912688088030545241e-01 8.147927501675532591e-01
7.224139177754835828e-01 7.097799636214219277e-01 4.968658458387005261e-01 4.394616621748885232e-01 5.558543305378407240e-01 5.329201413753105188e-01 4.482515330503892281e-01 2.347574001312333625e-01
1.252951458250561312e-01 4.629143968646873275e-01 8.122425729649918047e-01 1.572629425476877452e-01 5.497571779415011406e-03 1.821146012891311783e-01 8.542820073065705566e-01 7.542117672301177356e-01
4.526774821149232575e-01 8.998489800744831069e-01 8.960775485901253390e-01 2.933866050915411305e-01 9.118862908799201250e-01 7.766369933507567547e-01 6.869070825464156371e-01 8.681216388036285814e-01
5.202848324214841558e-01 9.804079277610620036e-01 7.597040148534810466e-01 5.737459219284036793e-01 9.559809106867760420e-01 9.476983240288009425e-01 4.054879328125076676e-01 9.680988043802597476e-01
4.085844754739131890e-01 8.359770773914916298e-01 1.045977231170372029e-01 1.778942748051684786e-01 9.311506238300353289e-01 7.127460232185064415e-01 1.599292262423485100e-01 4.374700098196502851e-01
6.480232848179878768e-01 7.818598087340392633e-01 8.448891068694563966e-01 3.001825002685044597e-01 5.477988095954060555e-01 3.499346632257707146e-01 6.371248631274549767e-01 1.011627890932496887e-02
1.694365994434665623e-01 5.300655146097698472e-02 3.265123519369966254e-01 4.688072590882328416e-01 1.166497147642076015e-01 3.116326730522909205e-01 7.780716252728216153e-02 1.521625675681996248e-01
9.506005853107351022e-01 8.052401298342156677e-01 8.727138266250734633e-01 8.943822998176869099e-01 2.727680394891649485e-01 3.432102518029683247e-01 9.817460882853531468e-01 9.041310212071690389e-01
5.995687149482856748e-01 5.042762722930848457e-02 2.982580727920446928e-01 5.990528392868740837e-02 8.802049991209059954e-01 2.520531874645290729e-02 8.977060775833707318e-01 8.822648264376409255e-01
1.365995269423958894e-02 2.704977527682864147e-01 5.690364299399768289e-01 5.959220473010703456e-01 7.564372566994279623e-01 9.234731619532066116e-01 4.676378852722359869e-01 4.521165447995731390e-01
4.423664447184036952e-01 5.647263362995674774e-01 3.266254420842492068e-01 1.376774834947706860e-01 1.399383228272199631e-01 3.808971636506155445e-01 2.133339914115501834e-01 4.179600096744532367e-01
1.054437756918250313e-01 5.772845775260930790e-01 4.012052810752117504e-01 2.197697342843764334e-02 1.573348394595086575e-01 6.140611855329544122e-01 4.617605673786063791e-01 4.847814497023875124e-01
6.125319027203935951e-01 6.929823404128230280e-01 8.518757462596310281e-03 8.207979242517281504e-01 4.670710121281445026e-01 1.526946484781176172e-01 9.226729801401354347e-01 1.948827502227717112e-01
9.280028500751930087e-02 2.127859639818363291e-01 1.335187682201566250e-01 6.333099428730527558e-01 7.275097579695284367e-01 9.024458795974313885e-01 6.903129515379810011e-01 9.154477300497694536e-02
1.428460735243896607e-01 2.094278494839165450e-01 7.128486258670359288e-02 2.630746798447856638e-01 1.786710198502987623e-01 9.351921096850861204e-02 4.941978182760757565e-02 7.860373841389876881e-02
2.836357186353747895e-01 4.357038463164247116e-03 2.145321322163451505e-01 8.937450904204440050e-02 2.592051867395639420e-03 5.222117799007780503e-01 4.138613729684122999e-01 6.498860554444293829e-03
6.928969704136609398e-01 3.724400039123563211e-01 7.759718508430569761e-01 1.124369433888002812e-01 6.731052577961236238e-01 3.850782731202377629e-02 8.778486693180197198e-02 1.885672854033561274e-01
9.034432768510505252e-01 8.941449137566929162e-01 7.366143996971144525e-02 8.366590993258540276e-01 4.889893382787704468e-01 8.025920575562076609e-01 8.366488218011072231e-01 7.306985534665916271e-01
5.113621913670888253e-01 1.278636438669125963e-01 2.623420921980484932e-01 6.346141247644344618e-01 7.103771951515227556e-01 8.362548674643013324e-01 4.467962151571777119e-01 6.948939836216202481e-01
7.428171160401435547e-01 8.406597280039440623e-01 5.432542380593121667e-01 6.697344058328219552e-01 4.452642637770622969e-01 3.315103570050335624e-01 6.860138884228407230e-01 6.226560297291119372e-01
9.271691425982104828e-01 3.459658288140755045e-01 2.985432366555215711e-01 6.715420108129879218e-01 4.486093642190098763e-01 8.899339950842163893e-02 9.568671776697690312e-01 9.749887205188038086e-01
4.807169096047537310e-02 7.642710736897861956e-01 7.659914760474267892e-01 4.439754209465516244e-01 6.863828608766198158e-01 5.466377252391741992e-01 9.050751519264522704e-01 9.125747459022585106e-01
9.663106902812128585e-01 6.764326195305223610e-01 7.807705812540394197e-02 4.010603856454531546e-01 9.861838298384100199e-01 6.573672811497780488e-01 4.140181092202395718e-01 8.549794845889155948e-01
6.645355250152312765e-01 7.878324533293913357e-01 5.976002525390062825e-01 4.364016890027015982e-01 8.329124064184725285e-01 6.254480158015267577e-01 6.040005308652986182e-02 7.280224465746898410e-01
4.353976743157648155e-01 1.772152198632608866e-01 2.273411807635386805e-01 9.431051750610489059e-02 3.963070383761078119e-01 5.790682205978978647e-01 3.061047825714436829e-02 8.598623776971144050e-02
9.787380011066295626e-01 9.040081963967410150e-01 4.386782499932122548e-01 8.635022337203348552e-01 9.870437397621572018e-01 9.688601946794609399e-01 7.858320016396314056e-01 9.956565437276397867e-01
9.751188545651113815e-01 9.954922416165825627e-01 9.809492584721238861e-01 9.665670526777555560e-01 9.824971330817788839e-01 1.309491692153203213e-01 7.869793641790757688e-01 4.651065732124290419e-01
5.037338828748405550e-01 5.415704197730816238e-01 2.470075057154587916e-01 6.904472567757603541e-01 8.655003409367054701e-01 2.812304693886000240e-01 4.958410019323180457e-02 3.598484481313897754e-01
4.894625362966901760e-01 5.471422584907975617e-01 2.283460771985066640e-01 8.022741111474902820e-02 2.154631430748850107e-01 8.958660271172473599e-02 5.241708980182240296e-01 7.055032925547249922e-01
5.505558888496748793e-01 2.202322601102275901e-02 3.141839889434102084e-01 3.096671187546112258e-01 4.331879497040063143e-01 2.744335512309149516e-01 6.447965214185090443e-02 2.673441240062685575e-01
7.992282387781927122e-01 1.875710973566011297e-01 7.182174637316879329e-01 6.156652424540969282e-01 3.178974487818777561e-01 7.029161299248474215e-01 2.437196594160856156e-01 2.849941680099551955e-01
1.046260117929031924e-01 9.163279526200504010e-01 2.792988539999908815e-01 3.644906677180619892e-01 3.031520193908363581e-01 7.613163873555335304e-01 6.177340825673405256e-01 5.285608873222026327e-01
9.452909232525787964e-01 6.505475124301706158e-01 2.256806294832984505e-01 9.489819398172696374e-01 4.819279969669878483e-01 9.325431295493684658e-01 5.901984349775916128e-01 7.776905954899407947e-01
9.460906109012536813e-01 7.004551382125246972e-01 8.373929225681623345e-01 8.114972957385209185e-01 9.191404008306562901e-01 3.792284124143713853e-01 6.532180592206699998e-01 7.767163699179869818e-01
9.941334159423597105e-01 8.009849138739018048e-01 9.686383617537100976e-01 2.002005575690929684e-01 9.175770340953022242e-01 4.562337726115105463e-01 9.856357779977230615e-01 4.060648943181492387e-01
6.784016524372379342e-01 1.381179128017636683e-02 9.365462543579460286e-01 9.483916098872909872e-01 5.411331383511424065e-01 4.694103548635829570e-01 2.809118569657646503e-01 1.502391004636419725e-01
9.969206075785949084e-01 7.846672816358652991e-01 6.771414768668901907e-01 9.917743062940009846e-01 3.801125907339155674e-01 4.789508403119455693e-01 9.502261896595526336e-01 2.008041382989551593e-01
4.015936269482925369e-01 8.785283513528788779e-01 7.156641547859782237e-01 4.252039090410226208e-01 1.809871683362871408e-01 4.274074065180210047e-01 1.869976865701275248e-01 9.463694691614039645e-01
2.598229957022327175e-01 5.648644115155700973e-01 9.413744561454962315e-03 8.892640369982052206e-02 6.209763204678893089e-01 1.350550315476929664e-01 6.770376952924367364e-01 5.635453670363885781e-01
2.897341951055349418e-01 3.349916798241822646e-02 6.011286689474840128e-02 1.641760206967436408e-01 5.797000331804156303e-01 1.956284931202211252e-01 7.454999982937924319e-01 5.826939674759678001e-01
9.012850068041737828e-01 5.963920906599278204e-01 2.927179532351573688e-01 7.525177876778316177e-01 4.307827050797641277e-01 9.736562695249573185e-01 7.523964359285743031e-01 8.066528000847764668e-01
2.657008823890782412e-01 8.568259821985761970e-01 9.140080228827422992e-01 8.620181639174291366e-01 7.954717208631336689e-01 7.515019166598999600e-01 9.658558633244833658e-01 9.690217736333802678e-01
1.960940361576406221e-02 5.161035000048531246e-02 7.734135914301641657e-02 4.351885231666846598e-01 1.827816313598304987e-01 5.019214711037985888e-01 2.098467002099405898e-01 5.641968094262662659e-01
5.919712946923916252e-01 8.084937988288697364e-01 4.036009623981680061e-01 2.446560479523690324e-01 3.161745923571288586e-01 1.251427232469855266e-01 2.762515434080115573e-01 3.251243240640695475e-01
7.792160517377502149e-01 1.957631327367254925e-01 7.960198811595917689e-01 8.878444357120801600e-01 6.480978874024003744e-01 7.987505487380852642e-01 5.257549326773633958e-01 9.565185925310504267e-01
7.486726612709659889e-01 3.719097583147025765e-01 5.168430069524769799e-01 2.350470622631208595e-01 1.627763789147138596e-01 1.318009393856854894e-01 5.385877820673513616e-01 5.960435110085986476e-01
3.188714597748962265e-01 1.918861908575555386e-01 6.350793467432611639e-01 6.157652154121107113e-01 4.623674470931291580e-01 4.757448610262816069e-01 8.393535464678076874e-01 8.848076960469488661e-01
2.499669742158090735e-01 6.286701182848160041e-01 9.367105334653721416e-01 6.433759123599218643e-01 5.864850524812936783e-02 4.851971397124754115e-01 7.868249406698086812e-01 7.835303782377126547e-01
7.067850042519137066e-01 3.500619626386875655e-02 7.527720215156847861e-01 5.156485617896233026e-03 4.426881470717489719e-01 7.429891296080610719e-01 3.083732363334756865e-01 7.534291147458771487e-01
5.399180230951885484e-01 2.565408313183512035e-01 9.027431362556147532e-01 8.239792828418197601e-01 7.019063299521803856e-01 4.763492902021629338e-02 3.416343167559499072e-01 8.618924169740315167e-01
