8.957272432872623869e-01 9.680313145755844451e-01 6.457286068869028117e-01 8.844019559223786908e-01 7.199375347699970007e-01 6.205547783495083403e-01 7.666534472432142699e-01 6.248237903010439576e-01
4.956284394864312604e-01 5.476394020934561846e-01 7.213745736734016312e-01 4.976384908280227504e-01 8.678478251677006483e-01 5.631629210607392855e-01 4.302295620066038939e-01 5.841479904639467202e-01
5.675087211516157693e-01 6.801561918374701143e-01 5.127217498404901264e-01 4.967452070656495633e-01 4.621477089822292328e-01 5.202122336855912188e-01 5.646621968642200340e-01 4.488714351814153125e-01
6.639565420770683346e-01 7.188354629036269872e-01 4.385587845845534960e-01 6.477057426832291132e-01 4.303607400506734848e-01 4.405082954452123611e-01 6.829652431384715117e-01 4.339665395937014059e-01
9.249322923711880140e-01 7.828937656508503373e-01 9.763066479840102341e-01 9.129019744677041581e-01 9.782227086834609509e-01 7.964719222229221796e-01 7.595813864010644290e-01 9.368440665439640158e-01
4.072814808160915567e-01 3.745142007271834994e-01 4.064991692476982443e-01 4.138425494671760241e-01 3.293776507489383221e-01 4.106218588442450135e-01 5.727586378396813949e-01 4.385590684294503050e-01
1.044258646289326353e-01 9.673004460759961065e-02 1.294718163863919635e-01 9.930014792737509866e-02 1.359175154939293861e-01 1.103404301172622864e-01 9.142388525098218977e-02 1.130093464147624710e-01
1.150349269485715503e-01 1.207391790854649011e-01 1.086468764013680255e-01 1.434316821734687997e-01 1.018475110176950693e-01 1.399619320178898396e-01 2.935747052125174394e-01 1.463894104119236039e-01
8.431599501598229240e-01 8.643290350261991772e-01 8.009092653250722282e-01 8.031955630673575097e-01 7.393387043848633766e-01 8.137189324632898568e-01 8.810843839904320962e-01 7.649606629560334881e-01
6.016596231252469007e-01 6.038529441770402739e-01 8.148582926138907556e-01 5.873776997002979616e-01 8.240668368525803089e-01 7.207878684355902843e-01 5.533774512797857703e-01 7.188284436100749186e-01
9.781133162910333745e-01 9.535630758774588100e-01 9.202963009630279467e-01 8.729269261388329371e-01 8.914617544505745173e-01 8.641468403332347448e-01 8.747425459317387242e-01 8.086754968641475250e-01
2.595959146167856613e-01 2.605893960108523477e-01 2.847690558659299320e-01 2.745734750511113487e-01 2.480360732879489660e-01 3.217603695619559723e-01 3.300448348594793857e-01 3.345666803755554253e-01
1.089498976729466745e-01 1.194784446039867665e-01 1.268774420947229864e-01 1.149758168664542640e-01 1.217174646444618702e-01 1.436317324905675152e-01 1.233420726423209851e-01 1.425108421799174963e-01
4.691637225539851963e-01 7.765807492884091445e-01 5.936314565883270555e-01 5.071144565982731445e-01 6.994387900922447443e-01 6.739898701571663819e-01 5.006993947816705814e-01 6.675059846246322870e-01
4.326417218326842340e-01 4.257589704195854363e-01 7.494748999227750508e-01 4.233235428783201360e-01 6.007481792476028204e-01 7.155799827336182251e-01 4.337935802043907385e-01 7.194042653386450992e-01
1.709408692399124186e-01 3.332825146781375758e-01 2.046208999798380113e-01 1.391371119545481427e-01 2.179757033009082079e-01 1.873903564197054450e-01 1.376011689611790767e-01 1.381488096932580734e-01
1.177368527386051106e-01 2.288591367892754136e-01 9.239769627101182548e-02 1.327725666750859401e-01 9.143394138664007187e-02 1.019336760465104630e-01 1.686141128034883974e-01 9.976273182621069047e-02
6.481739424069508093e-01 7.793309413638851435e-01 7.382432109975867185e-01 5.690481135747639252e-01 5.766526611987501383e-01 8.382399885004305773e-01 7.720505755576427820e-01 6.155399545795118277e-01
5.524049936742801981e-01 5.519293946462157097e-01 5.798548698059087236e-01 6.143798382804742664e-01 5.654135341756045818e-01 6.664917611811642661e-01 6.835892810938398734e-01 7.207629004922841975e-01
3.800736032291074373e-01 3.277567429911302788e-01 2.587578042129713984e-01 6.297192300722225244e-01 2.754025957547128201e-01 2.867852574609323080e-01 8.375830703155472401e-01 3.155938241034864644e-01
7.657418952414130064e-01 6.330772699024878047e-01 6.107873788824681460e-01 8.987623790350021125e-01 7.190461712889373302e-01 6.093044561801901349e-01 7.659590455815691312e-01 7.365158098524756669e-01
9.276418711239525772e-01 5.925502687694063075e-01 6.706047339268003116e-01 5.621426416516305258e-01 5.007226774469017982e-01 5.341916064309905066e-01 6.301293952666714437e-01 5.076822460415501004e-01
8.160300747483298922e-01 6.705711417330934010e-01 6.879156583112615575e-01 8.953241926379867932e-01 7.044910180848091841e-01 7.006594320992320934e-01 8.763738151193345427e-01 8.506140524332627129e-01
2.856386715557009404e-01 2.702510546276113423e-01 3.017078451356487445e-01 2.529468567680731028e-01 2.339553444180637598e-01 2.667421090648149917e-01 2.804385138393900578e-01 2.528508300782187357e-01
1.219472938070307322e-01 1.481100890024843464e-01 1.751980919346855792e-01 1.148913469210445931e-01 3.623705869540572166e-01 1.872003284024634506e-01 1.197972951899667071e-01 1.413296617851982351e-01
2.536756925577038913e-01 2.561735606686367239e-01 2.475665171238191076e-01 3.472877999223910050e-01 2.379082809202373028e-01 3.542370967517274316e-01 8.413625406139809693e-01 4.110817087344185716e-01
7.602851533495307290e-01 7.571333742022935409e-01 4.627865533564402556e-01 4.781373137075963786e-01 5.786128770560026169e-01 4.042083448853470706e-01 4.249131259485878220e-01 3.584155431144800952e-01
9.250065260401257872e-01 8.981260927081455847e-01 8.499907454755935010e-01 8.570337617823107212e-01 9.378740529064089060e-01 7.938443381663031762e-01 7.908841564959938619e-01 7.605003773416423307e-01
7.854534012574405644e-01 6.770215156156593750e-01 6.291602918673442346e-01 8.974714971747971282e-01 7.163931615650653839e-01 6.187951285023702841e-01 7.611248933305992947e-01 7.137988151559078176e-01
6.956980031762083350e-01 9.586204836754202985e-01 7.667571526039916874e-01 4.857970850706159749e-01 6.114650636445730925e-01 9.608481433452997766e-01 5.714279203389442952e-01 4.933384416072689738e-01
5.488240472555953042e-01 5.522353283479646269e-01 9.208833963264397848e-01 4.946181308133565935e-01 7.873969133943319321e-01 6.692780020258729534e-01 4.706859616263876500e-01 6.068728201522329835e-01
9.179569818186721769e-03 8.886778941313358549e-03 1.680191503424448285e-02 7.392645173013708167e-03 1.150019071064889431e-02 1.024840417105464009e-02 7.232316957419980888e-03 8.383930928959875545e-03
4.400835433622398707e-01 5.028438948089630767e-01 5.605460298921863815e-01 5.019258159331330127e-01 4.883256142493337393e-01 8.327410908643804177e-01 6.049080641436075378e-01 8.723141448215953053e-01
6.085852859168702222e-01 4.992091068778408691e-01 3.195107357270391968e-01 6.036123224769027740e-01 3.130453627090901136e-01 3.257892950396774068e-01 8.319151857000838257e-01 3.251850494321959495e-01
6.180442063188922308e-01 4.821629240201913413e-01 4.089583078806005578e-01 6.566227275803248054e-01 3.847073218785226345e-01 4.131248719578529127e-01 9.213948358687337192e-01 4.502158495300691010e-01
9.570474760840657069e-01 9.170152811027861839e-01 7.867892494297074046e-01 7.922690165622519043e-01 8.878962676972150803e-01 6.601028599934923857e-01 6.656347194498603015e-01 6.264039873460146568e-01
5.367421447250638605e-02 4.474745780071162637e-02 3.457735557604355026e-02 2.203456210528476067e-01 3.975714906118810177e-02 3.739932703622600441e-02 8.927294795808324301e-02 4.269882240862679645e-02
6.214552357612809219e-01 4.853100976121924592e-01 5.451952506408236365e-01 5.826505961419063961e-01 5.282400252763181925e-01 4.977122245697560010e-01 5.449286251996783292e-01 5.661073294158763813e-01
8.831431212567565359e-01 6.889535489783249478e-01 7.282345600986522838e-01 6.926674728605335396e-01 8.016024385578930378e-01 5.555073824067666699e-01 5.589025445266899705e-01 5.580669546854857277e-01
8.654583200837463464e-01 8.076094197427621246e-01 9.492582256188392131e-01 8.531732189988525672e-01 8.872530031949281693e-01 9.217357728968472719e-01 8.601838750904114983e-01 9.853589608174178061e-01
7.224893365760454156e-01 6.271704788509643302e-01 5.059604963166692837e-01 8.404584928358345142e-01 6.867758496664464474e-01 4.798904371041876060e-01 6.035381873937293307e-01 5.285994565399679823e-01
5.130422183620823029e-01 6.223992420093577005e-01 6.261782363829834219e-01 4.331055267857435442e-01 6.157017007935792208e-01 4.940079563736816115e-01 4.029242537202525343e-01 4.300758176933230925e-01
9.882891877422013138e-01 9.622796668568398548e-01 9.491633375740289313e-01 8.214437888808817645e-01 8.388522015884518623e-01 8.824164788785110458e-01 8.682575510264042284e-01 7.767032293322673198e-01
7.643336912788414005e-03 8.025085660068220078e-03 1.284956863370060112e-02 6.980106529644847756e-03 7.940847426652908325e-03 1.375927472570619321e-02 8.512879868098760516e-03 9.694717506885570241e-03
2.844790423515587974e-01 2.759168845407242721e-01 1.366146386845828731e-01 2.686098932590239574e-01 1.357056775595992804e-01 1.344901534451861391e-01 2.601504174810250203e-01 1.349461319148337057e-01
9.905355812962617357e-01 8.165220167667002205e-01 7.906957673914337681e-01 8.346344601109285666e-01 8.007495594210922718e-01 6.545142277126795305e-01 7.045522458646614750e-01 6.614525144505191134e-01
4.639381929309950581e-02 4.898284836707759299e-02 5.871235542166045734e-02 4.829910782618111048e-02 6.522269826382398605e-02 6.983244269597602139e-02 5.353484421222261258e-02 6.744504515898024077e-02
2.215344780866781993e-02 2.329096083788969457e-02 1.673871880638400783e-02 1.764800701370235550e-02 1.518901810050010681e-02 1.577542023440556274e-02 1.864304709641587815e-02 1.427944722698619440e-02
2.892242151318610288e-01 2.956136228813758815e-01 5.351402707547704418e-01 2.987277533800880569e-01 4.275837517343461514e-01 6.557400777625722599e-01 3.088181002598423541e-01 8.055280618734137477e-01
6.242101744023267340e-01 7.455905289796401769e-01 5.262915439930212491e-01 6.617538413713999201e-01 5.568101776298135519e-01 5.569646605247243754e-01 6.757351893143704880e-01 5.438330078409796542e-01
7.627101404637361970e-01 9.769608880685646257e-01 8.001041543553621960e-01 8.379618472793969319e-01 7.443604362197220325e-01 9.555406998774954586e-01 9.935741599120114786e-01 9.035207241805379708e-01
1.226329955402275830e-02 1.043962647244676099e-02 8.478967236597155510e-03 2.340331852450375921e-02 9.021023754030466080e-03 9.455306761630115006e-03 4.262749311435116290e-02 1.076875636809919087e-02
5.057266569492637753e-01 4.562569399046135232e-01 5.849289672250892469e-01 4.973560780771122403e-01 7.666761598084121943e-01 4.939313257961635562e-01 4.280982420081195783e-01 5.309091216453101225e-01
1.392767171984857777e-01 1.278803240160823751e-01 1.146402698461862768e-01 2.222354774876710848e-01 1.182385336142033339e-01 1.379222963834232929e-01 4.517978717602647021e-01 1.702387899889691580e-01
3.844721689417384680e-01 2.845414630548241952e-01 3.490603186903551980e-01 2.555474278274156852e-01 3.245677058584988117e-01 2.247942832842584338e-01 2.103776125640917372e-01 2.159989659370109005e-01
6.018817559249187710e-01 6.924090797608031256e-01 5.848099554851395876e-01 5.342398046596783523e-01 4.685280660632997751e-01 5.724541496821655695e-01 6.731878095339480783e-01 5.081571689506663159e-01
5.894826065352071209e-01 7.141553060827016131e-01 8.164501632267937570e-01 5.592299970449754465e-01 9.500858476385474205e-01 8.334998909618934748e-01 5.934860706193021418e-01 6.983997427428573213e-01
5.223762931901855255e-01 6.236396900860506909e-01 4.918097777567886908e-01 3.980125491950999850e-01 4.381536107975989580e-01 4.623204551330695744e-01 4.186365246537563367e-01 3.673473195517786838e-01
5.390868157355310775e-01 4.376424701848159460e-01 4.325875675086216510e-01 8.172371150647466109e-01 5.273842508904635906e-01 4.779824883873430852e-01 7.194387348619737388e-01 6.996023089100902315e-01
2.378970024666001160e-01 2.826661223503585396e-01 2.845719492810296902e-01 2.654538139858219625e-01 2.291763443499803543e-01 4.747381723302072642e-01 5.617361038999797440e-01 3.870048976640782512e-01
2.109352890524533175e-01 2.052973022089292221e-01 2.486787852615132410e-01 2.393431732352619412e-01 4.196103771682828665e-01 2.592028510877162906e-01 2.139797482495993386e-01 3.087879472707849571e-01
7.750380642574680179e-01 8.300901624382901467e-01 7.232914028518404592e-01 8.975266000291184376e-01 8.616473893634974957e-01 9.019554812190200277e-01 9.906379295661718043e-01 8.469237810273786415e-01
9.970148162347779452e-01 9.154981205702301672e-01 9.573502706686924935e-01 9.682587268463033192e-01 9.901504153385758400e-01 8.448276401597328844e-01 8.533728678616947505e-01 8.881850758044744776e-01
5.521670132299245221e-02 7.821135134193069050e-02 7.061426717925918528e-02 5.205308411238451088e-02 5.546732083894312382e-02 8.744703404785203471e-02 6.340820576095750061e-02 6.132959572985425406e-02
6.152768706088488360e-01 6.790893765108285685e-01 3.813966005653129931e-01 9.916138278701566167e-01 4.945790525525808334e-01 3.908542348981207115e-01 6.299922453213717688e-01 4.224568919959853508e-01
7.502073447235627635e-01 8.800616387484189174e-01 7.071729318635314732e-01 6.047896070688383308e-01 5.919975708238780499e-01 6.965824412346115491e-01 6.907630251190084447e-01 5.624380644731413748e-01
9.980408994029211778e-01 7.628275601726074440e-01 9.564471013353594842e-01 8.531257523431051704e-01 8.274802006781101227e-01 6.571396011673658055e-01 6.725176435390122220e-01 7.148902166298237715e-01
5.850817826153820178e-01 6.018134782624042778e-01 4.229910329446096018e-01 5.908257936352883100e-01 4.014215427450835705e-01 4.462080446047225757e-01 7.715338570905178051e-01 4.303693264399912621e-01
9.213164549661454483e-01 6.088034086952899271e-01 8.598163344285691956e-01 6.515819829749434078e-01 7.887790396343916655e-01 5.319094706127400762e-01 5.053102335346634222e-01 5.549268836874726718e-01
5.897436582571911196e-02 1.075579211120702150e-01 6.711800213809976379e-02 5.963914266251624241e-02 6.877211271785199642e-02 7.566663164270320818e-02 6.286613303654010887e-02 6.538274920014659763e-02
5.542391141788869519e-02 6.081299718869365850e-02 5.718591493094082878e-02 5.497441921656813502e-02 4.713535541668534279e-02 6.548007722046733647e-02 8.139022324621042470e-02 5.802654645985548532e-02
9.082751346748816346e-01 8.531277533066121688e-01 9.783636105310818953e-01 9.254304347104455042e-01 9.877486340701580048e-01 8.427203010913218995e-01 7.846769195726768231e-01 9.086429326011202789e-01
9.246874265866210640e-01 9.177318284091879885e-01 9.322317932995617396e-01 9.159319688206397636e-01 9.398736881557852030e-01 8.988188319458014774e-01 8.809097853394164401e-01 9.088464570198149239e-01
1.731172135912502907e-01 2.245171718323742682e-01 2.173529998791066953e-01 2.077992059660691004e-01 2.974789110012352467e-01 4.011586854984045547e-01 2.251443497206107036e-01 3.617559751854604877e-01
9.645268096649446399e-01 7.909945219958525175e-01 8.973560452623136063e-01 9.681696606764043089e-01 9.165331202093511820e-01 7.799820205552889796e-01 8.256292349137440700e-01 9.364696518413135884e-01
3.297491733346471360e-02 5.000353813655097901e-02 4.420935690727732098e-02 2.805533520329272709e-02 2.725042728707194328e-02 5.002477027571485685e-02 4.824281012007193559e-02 3.167981988446291752e-02
2.577505890682457723e-01 2.945648450906066529e-01 2.648175384064663240e-01 3.293662484453347417e-01 3.196819340810179710e-01 3.756858870581230581e-01 4.033344440611693615e-01 3.824261885515410353e-01
5.437280228710361651e-01 8.000869820147259448e-01 6.610873850229542770e-01 5.068559619905160796e-01 6.045332311186939478e-01 8.029594172774747740e-01 5.734791914114112377e-01 5.672078803226748844e-01
6.725179502744971227e-02 6.316425294820961212e-02 4.496075388740939510e-02 6.746291667885034871e-02 4.827866703271865845e-02 4.528887836858500743e-02 6.465107706466369231e-02 4.511743898034761141e-02
7.305506862043169569e-01 8.654379471944267932e-01 9.059610647643588921e-01 7.055967780985792359e-01 9.312642854638397694e-01 9.822515158219399245e-01 7.785641950611860151e-01 8.403542565350485827e-01
8.634802668926618852e-01 6.953722119629272003e-01 6.720184603108572130e-01 8.743587917574987545e-01 7.336854089517146349e-01 6.343808193594729916e-01 7.655514540283455682e-01 7.089233484655053097e-01
2.353697996323347308e-01 2.457580608927551480e-01 7.654877141419853537e-01 2.060805911867517048e-01 2.697301676962524652e-01 8.717101494281093155e-01 2.482265773664568687e-01 3.157834804614735869e-01
2.344532518946395305e-01 2.153646007833697751e-01 3.431093724349840168e-01 2.222017913079062934e-01 3.001048213336616755e-01 2.789757293378506975e-01 2.122963271587177125e-01 2.931576819034340531e-01
9.613809123053572714e-01 8.877304845315907578e-01 9.828301708385326352e-01 8.921024416505207721e-01 8.961572649423032999e-01 9.320836540814708693e-01 9.257873812068260211e-01 9.401560542694961109e-01
9.863480336765787504e-01 8.796358848135029662e-01 6.679567314956417201e-01 8.190593310048221998e-01 7.088170244824141264e-01 6.011035947553213798e-01 7.125748681173866839e-01 5.879363103816135361e-01
9.796005117092236869e-01 9.902304215187733849e-01 9.351018180551158299e-01 9.378097515315979571e-01 9.329691964667290449e-01 9.494309892476671120e-01 9.625179700710645436e-01 8.888590278628012431e-01
5.025352744737546784e-01 4.778777623819450149e-01 5.580078550005659332e-01 4.843891832651429641e-01 5.491760051809251308e-01 5.193825491925329052e-01 4.670542701776388417e-01 5.235766860363197939e-01
8.291452262491850744e-01 7.454292937938465924e-01 8.917106573457693752e-01 8.000035208962605893e-01 8.807288489770144224e-01 7.809071019306016437e-01 7.250011065709969227e-01 8.349633762370721746e-01
6.422928590930793158e-01 6.677267507757856935e-01 3.241397179150908858e-01 9.467217779837572289e-01 4.142473193351179361e-01 3.235143920806833329e-01 5.282044421805086598e-01 3.346551340540939723e-01
7.342188439203790606e-01 7.266107227056304296e-01 5.230676949226256145e-01 8.022040390639370022e-01 5.112355467863380909e-01 5.512393285356241845e-01 9.801995389846265283e-01 5.555884493627826215e-01
8.605919288558863123e-01 9.446595229454869402e-01 7.515022966511053504e-01 6.334546360889273808e-01 6.364414684940129519e-01 6.986991593300982961e-01 6.885118016913047700e-01 5.662952430430685524e-01
6.414242815246025131e-01 4.504789324486716540e-01 5.541124521399060088e-01 4.097580789003953394e-01 5.125754869077354670e-01 3.231126444899798389e-01 3.074016650022632913e-01 3.165281678296708590e-01
4.996419736143884460e-01 4.951453954878809460e-01 3.979030720712815050e-01 8.515784310158660553e-01 4.748779078945517540e-01 4.712257382469275391e-01 8.134511810602182980e-01 5.347218956629405939e-01
1.846559188645559638e-02 1.743316664215765685e-02 1.696968142322114598e-02 1.551325786935455787e-02 2.452651015482842922e-02 1.233014386286700355e-02 1.169426433309930617e-02 1.221968832387408145e-02
8.128821242656106283e-02 9.296168978613290890e-02 1.308123295080482196e-01 8.118278355770160160e-02 8.764831931330263615e-02 1.970156746111810520e-01 1.051914874866339555e-01 1.344501143928250597e-01
1.589564860911269195e-01 1.188925677227224004e-01 3.687566026870012226e-02 2.325758254219688695e-02 5.037172930315136909e-02 2.795122877174864920e-02 2.111691432436961155e-02 1.958870988686175346e-02
8.534425181800613380e-01 8.362082641953453299e-01 8.598156645876466886e-01 9.281638622863456201e-01 9.342537161428481340e-01 9.328038237542870537e-01 9.412660617449790657e-01 9.871495445563731597e-01
3.408009005437236949e-01 3.445370037286334397e-01 4.018389592723422554e-01 3.534380469384281187e-01 4.372359123080968857e-01 4.021915833826779640e-01 3.389497712245521099e-01 4.205206155760091158e-01
6.413187603329155717e-01 5.613922873848080641e-01 7.310327882402858357e-01 4.734668340921078244e-01 5.777103817090392113e-01 5.341042100627668709e-01 4.553738161242497640e-01 4.667000560139376586e-01
8.723014666741190082e-01 7.167672522640622379e-01 6.073554127368996358e-01 6.759502582866906417e-01 7.942628569435328245e-01 5.048086607960163841e-01 5.353494812705483774e-01 4.928118869972648031e-01
