7.070503712477376190e-01 7.454830602101538695e-01 6.601574445378795009e-01 6.563968697405033748e-01 7.485927334055304527e-01
7.079980172128416127e-01 7.679421674565725109e-01 4.052786421637998293e-01 3.167749166524277404e-01 4.757758982013911009e-01
1.865453685342099988e-01 7.441007185553433212e-02 1.126417752823345997e-01 3.358146642313364350e-02 2.076299744658172131e-02
6.911179523303428995e-01 5.329920203674244350e-01 5.849814231169172540e-01 3.438476016367139620e-01 3.687006253749132156e-01
3.387909612305783913e-02 1.163565384656280455e-01 2.320365423580195152e-02 4.349746735997911395e-02 1.335572961252182722e-01
7.985000327303288792e-01 8.068452871675211302e-01 6.173443712355413115e-01 6.416586601506164556e-01 6.303786206990480423e-01
9.069545502539009263e-01 9.677860932156331364e-01 8.608785329125444585e-01 9.137069867752086738e-01 9.351793278474360704e-01
5.274750075073170175e-02 5.449954525522815452e-02 4.682839773818636697e-02 6.855908721273540340e-02 7.158493995666503906e-02
5.718288951534464815e-01 8.345621417723468882e-01 7.691713926764964793e-01 9.071392277311176588e-01 9.512181086465716362e-01
7.474800233916101266e-01 6.233591523299845116e-01 6.281491483097449979e-01 4.710650294043885467e-01 3.968247168231755495e-01
4.244841810063844090e-01 5.499909080852874999e-01 4.694912196298731688e-01 3.676417212795812794e-01 6.700108482036739588e-01
8.273811789466438693e-01 7.037736651202545213e-01 7.213484464789372552e-01 7.440582390980936545e-01 5.356521981302648783e-01
5.999808521530348715e-01 5.755109899945138885e-01 6.078294655004763403e-01 7.345302239497302210e-01 6.211378946900367737e-01
5.170094909861392418e-01 6.373010523769288005e-01 4.897472052512567564e-01 4.386858071442278351e-01 6.372541175223886967e-01
8.331900305189627876e-01 8.231400451115653549e-01 7.658276404258471670e-01 7.970628867826514696e-01 7.645605141296982765e-01
4.380071344799130184e-01 6.701799243762400771e-01 2.314114215465221669e-01 4.091542297638733894e-01 4.495037063024938107e-01
5.377610726261835561e-01 4.365307466453624552e-01 6.268417156205612351e-01 6.352406932378313886e-01 5.600418904796242714e-01
1.828209144993239166e-01 7.750084717037974968e-02 9.184551344351093993e-02 2.472016233031593124e-02 2.521424018777906895e-02
6.503800038226141833e-01 6.076025355200022071e-01 5.260269652484741432e-01 4.830532003116124184e-01 4.459193213842809200e-01
5.473435507686053025e-01 4.486006065880912552e-01 3.722300783032715388e-01 4.152484049174949288e-01 2.642396776936948299e-01
7.844049619224024994e-01 8.643253542392690392e-01 6.470308334129768468e-01 6.153703254520570542e-01 7.934848146978765726e-01
3.477461257514024018e-01 3.846344297372359389e-01 1.199823506915159155e-01 9.675994595875531123e-02 1.210401272401213646e-01
9.770211779506778882e-01 9.831489880462951358e-01 9.837742588842426361e-01 9.954180053038608200e-01 9.868833054788410664e-01
7.717614804722645605e-01 6.437015126005880550e-01 9.526922187616552185e-01 9.567410342587947536e-01 8.568067448213696480e-01
8.928729768324193961e-01 8.113126100800525098e-01 8.852797811183961141e-01 7.983468805530612444e-01 7.236614767462015152e-01
9.158408777006468160e-01 9.905946916307213357e-01 8.640521090245696367e-01 9.605320156617334071e-01 9.903849381953477859e-01
5.608915090380189872e-01 4.970894821330883451e-01 4.156614105940397152e-01 2.736419876857938416e-01 3.454130114987492561e-01
7.076758021086602124e-01 7.690474361903285594e-01 4.371648937298171500e-01 4.137957597347644012e-01 5.463421039748936892e-01
2.261568131599407394e-01 4.587025325169854506e-01 2.897816503266377186e-01 4.583744069960782319e-01 6.146108042448759079e-01
5.124235853363043880e-01 1.658978140543874713e-01 4.811167491198810042e-01 1.498465785819553808e-01 6.926160026341676712e-02
1.283236083660828641e-01 1.797944194867968082e-01 6.808215988241606009e-02 1.003754619026202555e-01 1.291738399304449558e-01
6.231438194738920799e-01 3.752943975182573833e-01 5.319406259546798355e-01 2.580013568492998122e-01 1.979530516546219587e-01
6.662711483344685437e-03 2.195028268597709609e-02 5.425831035930306356e-03 1.974171355881321199e-02 2.115830755792558193e-02
2.560845992571212371e-01 1.778072650381933295e-01 4.601104757497513353e-01 5.339277317041596360e-01 3.926615752279758453e-01
3.730710687660417912e-01 1.603998903696547962e-01 5.428502395351192389e-01 3.104008408272188602e-01 2.168765852693468332e-01
1.952608743922638057e-01 8.519103740983313688e-02 7.060206273804352506e-01 6.703296775187889134e-01 3.836272838525474072e-01
5.513984411824658372e-01 5.411025536098367228e-01 6.413978806176250380e-01 8.113551245168962867e-01 5.791759819258004427e-01
2.913377002005578253e-01 2.789214333449298033e-01 3.228397684847852389e-01 4.356312150331861366e-01 2.941846263129264116e-01
9.730831349374141626e-01 9.625735763097448272e-01 8.973992875226430854e-01 7.815046679519952466e-01 8.249796763993799686e-01
5.773815688481945818e-01 7.744302852068319920e-01 2.603158290411000664e-01 3.935172623826173055e-01 5.677229622378945351e-01
6.302931281127011065e-02 4.795300136541458258e-02 8.156293702897693398e-02 1.155005169397033682e-01 5.818693572655320168e-02
9.432733099440138158e-01 9.288794328177123472e-01 9.202007521359518716e-01 9.043583118087885619e-01 8.725012098439037800e-01
2.851965100595789115e-01 4.270860757748647929e-01 3.479322032780660656e-01 3.886569612003545338e-01 4.435510202310979366e-01
5.700418094618331377e-02 4.304791859099532658e-02 1.602355163199849497e-01 2.612824891950947803e-01 1.182814906351268291e-01
6.241189300561705844e-01 7.402275179305208841e-01 2.879663528130099737e-01 4.162388765531238044e-01 5.332360710017383099e-01
9.820123756076379884e-01 9.224265117084478049e-01 9.877157508584030188e-01 9.226621099685294869e-01 9.143602517433464527e-01
2.494981677086211547e-01 3.198579355789679113e-01 2.793513726089416060e-01 4.474661164379684086e-01 4.943471329752355814e-01
7.311689273468829908e-01 5.961598601125827068e-01 8.685611030835581614e-01 6.727932226073618516e-01 7.646921770647168159e-01
1.828909507559856040e-02 1.062189460225421156e-02 1.210152376366058213e-02 1.477348192627703227e-02 1.066888659261167049e-02
2.289141593401584074e-01 3.349309486614676645e-01 2.199060762503632915e-01 3.312077900250535722e-01 3.541028944309800863e-01
9.044081450658729704e-01 9.203437426748585226e-01 7.878411937779075114e-01 7.298757898198416916e-01 8.710840244311839342e-01
1.655112843157052760e-01 1.872845515738519317e-01 3.113252409073008486e-02 5.862770219643492764e-02 4.662664933130145073e-02
8.513883901473919824e-01 8.084523205858263895e-01 8.915674459626332649e-01 8.574751656009942380e-01 8.734132405370473862e-01
4.846690027344393581e-01 3.880446089027671519e-01 5.583046886464470004e-01 5.637843328847311763e-01 3.045468737836927176e-01
6.572332234151962993e-01 5.434493262701172167e-01 6.698536286946907836e-01 8.072091621817525375e-01 5.017491583712399006e-01
3.774304486190604990e-02 6.764544002551298174e-02 3.716146893370025905e-02 2.279689713194255063e-01 9.869129699654877186e-02
3.700657749203218883e-01 1.772140166925229576e-01 5.517374664321957889e-01 6.308813041482910222e-01 3.005216580349951982e-01
5.878600961753466247e-01 5.104865260477119415e-01 4.813127860079289277e-01 2.836457415864878095e-01 3.869967448990792036e-01
2.424524485192974255e-01 1.774056784045788260e-01 5.007801035169319182e-01 4.461315946135426258e-01 4.027519640512764454e-01
3.098543311856785110e-01 1.466311632246588559e-01 4.644435045027726638e-01 4.047169156872785778e-01 1.718364560510963202e-01
1.084081490818333271e-01 1.216520121925296349e-01 3.498340820811195462e-01 2.700067536188240913e-01 4.674849470611661673e-01
1.423546265564612501e-02 1.274379127008845591e-02 3.253848101071210586e-02 4.649960277066950143e-02 2.299950644373893738e-02
7.082076672885906365e-01 7.388857583550376695e-01 8.963015849566485782e-01 9.651686974859750023e-01 9.142564921639859676e-01
7.050612510859323168e-01 6.685492754464428256e-01 8.736400253044896980e-01 7.915787250292849464e-01 8.360204130876809359e-01
6.013210448635408767e-01 7.188998617822089932e-01 7.224017804015416822e-01 5.752285709958668836e-01 7.694774754345417023e-01
4.486886944925258525e-01 5.974856098448413366e-01 4.360131430975963673e-01 4.864985625848933237e-01 5.569860520772635937e-01
8.482818739905888528e-01 7.257368516723732288e-01 7.491827909556827425e-01 5.444959309025297900e-01 5.258252369239926338e-01
1.202322896676450981e-01 2.972592005244969471e-01 3.780075164770202445e-02 6.517584573002827009e-02 2.109912615269422531e-01
1.071444264800097690e-01 2.005531712892977270e-02 1.322602011823866275e-01 4.092622629569098169e-02 4.263261705636978149e-02
8.366544260638086872e-02 1.045892004806710518e-01 2.625423188818609699e-02 3.306365355696400110e-02 4.270983347669243813e-02
6.117370155649131114e-01 4.774752286189770656e-01 7.933368510391116679e-01 7.806782574628399196e-01 6.864480501972138882e-01
1.110643754895396795e-01 1.662367424567496865e-01 4.581704594574365075e-02 3.657290631157739114e-02 6.807665433734655380e-02
5.899138315447237657e-01 7.400821101560277615e-01 5.814709379208101714e-01 7.980769896498135507e-01 7.707928942982107401e-01
4.385614951170297982e-01 3.312434870820329946e-01 4.985793508859190926e-01 4.455987201167797562e-01 3.074909346178174019e-01
2.973784130335521692e-01 2.924639772166851559e-01 3.210138265443334138e-01 4.480552659612875299e-01 4.006339113693684340e-01
9.938125826187952372e-01 9.933033123289416455e-01 9.770161003655484233e-01 9.826612581960660897e-01 9.816027316264808178e-01
3.673429220134637463e-01 2.982863049400409361e-01 5.971128766730037229e-01 5.845005607341270393e-01 5.220736155752092600e-01
6.881062177684222902e-01 6.627573176625078943e-01 7.561127238660965144e-01 6.099526022541157388e-01 7.765689098741859198e-01
9.274024051173195282e-01 8.458050130475653905e-01 9.785349561422281850e-01 9.764005374872988252e-01 9.341592811979353428e-01
4.299362825854115000e-01 5.518030690649853298e-01 1.794405103646428135e-01 4.727007697214964943e-01 3.239754117093980312e-01
1.462230535598076919e-01 3.008416102236725065e-01 1.989679767589169757e-02 1.325408879444056609e-02 1.098842429928481579e-01
8.432808051787197279e-01 6.991469235933003290e-01 9.254847988296461825e-01 9.251869383205375552e-01 8.082354913931339979e-01
6.007851921488233105e-01 5.339335640118286763e-01 4.760486362552650563e-01 3.576042493788447185e-01 3.848286864813417196e-01
7.063720273068740951e-01 7.400213254790938278e-01 6.203032423253116434e-01 4.363033381695702873e-01 7.014770107343792915e-01
1.751850901432261409e-01 6.716388609604823090e-02 4.084341644364229973e-01 4.171713551910115614e-01 2.272392353042960167e-01
8.643152827304089181e-01 8.141244104442590945e-01 9.686660691757542629e-01 9.743303056071290769e-01 9.540985198691487312e-01
6.350850329711508202e-01 6.733710720338937916e-01 8.489131988630420622e-01 9.232166626128099907e-01 8.865072233602404594e-01
4.212711676770470315e-01 3.377037791996796989e-01 2.128382086656831484e-01 1.254172533975862480e-01 1.079893768765032291e-01
9.789217983207165741e-02 2.189352648135781121e-01 1.073199831801079362e-01 1.233257154418271884e-01 3.264795679133385420e-01
8.226620879796763264e-01 6.469555955730785790e-01 9.086900877059440607e-01 7.921740602107287810e-01 7.308328342624008656e-01
2.985511567009843104e-01 2.311042124406095799e-01 5.657930958266532695e-01 4.356771001479087246e-01 5.547638791613280773e-01
4.169491266765599224e-01 5.402037118162716922e-01 3.969250156146131858e-01 5.575206015048616015e-01 4.838923939969390631e-01
9.286035312926210761e-01 9.472742292759182003e-01 9.365487788166821925e-01 9.739768895913007984e-01 9.723710308317095041e-01
4.665926908610237844e-01 4.109876977892362726e-01 2.961396109091348761e-01 1.444082495111524977e-01 2.191451732069253922e-01
9.745861380434228671e-01 9.744194945318904733e-01 9.622049864518151807e-01 9.724159750769569843e-01 9.572269630152732134e-01
2.798005906712235369e-01 4.476786307665049924e-01 9.739550575543770572e-02 1.469256932107323999e-01 1.996374623849987984e-01
9.806064754896198776e-02 2.212187885494494854e-01 1.738891745770236308e-01 2.198588741245365297e-01 3.613960104994475842e-01
9.434454097052069610e-02 6.113841457277791047e-02 1.738355248250726959e-01 3.257585750894844701e-01 1.125183582771569490e-01
1.367176421062881175e-01 6.357755534458536806e-02 3.782089750558339514e-01 3.422204370768351933e-01 1.534664921928197145e-01
9.177428815801502715e-01 9.565735109595495667e-01 5.103329781121717090e-01 4.794416441433508869e-01 6.577655002474784851e-01
